0.8530908371776086
0.08298109827265554
0.6830380753270346
0.17555887144721813
0.19953631866633748
0.17987230982371558
0.6623978943603874
0.18577724518809113
0.9823280070634126
0.02955888088564531
0.13488745278618908
0.6722946455650749
0.49730525871752
0.26562437415233137
0.17839623095015217
0.04285874201419436
0.277861355428397
0.06715560666888673
0.8356424824804703
0.0958779691108641
0.2646604349515741
0.03455377274800423
0.2984264699166566
0.04287399731931006
0.01174026253013552
0.04482456281087655
0.10110094238720954
0.22486777576729705
0.44167514080457787
0.8677818122203025
0.04182936552464245
0.050406807662194644
0.07075468512352719
0.03288226012435813
0.10480080162861578
0.28635521928967755
0.030001178507014573
0.06522364725527063
0.051419242999051915
0.5745379219630153
0.03847295848799866
0.5941150843937774
0.44501505864331325
0.3178653025111866
0.037703991165930525
0.18239036826964736
0.6880075697574606
0.5448221447419184
0.15742306329252348
0.23964315611673065
0.04711051854969972
0.7123497916789862
0.1741348464804155
0.5402143264231705
0.6497609275551168
0.20753519660977554
0.049684296330078474
0.0646149443999092
0.660288182806118
0.36003030224977506
0.2996160879469719
0.8901047492437774
0.00814887891984314
0.338549537159317
0.053570986245703514
0.009380402687926694
0.9488119812039513
0.2178872684551851
0.6167380661130031
0.6546412026757797
0.1621996774065668
0.22376482791163627
0.13473018606208256
0.20221473327101172
0.03432341070462362
0.0750797937639944
0.1329388300033337
0.1994286868318822
0.18718905153599508
0.5371008880778223
0.043576236795568574
0.16609328435992488
0.022016500651190502
0.6363176353084035
0.46735807692898795
0.03676879123766956
0.18458585224898288
0.9317806171659404
0.8498547989987513
0.9509166051815432
0.41248859276097205
0.5948238881214918
0.19949396125586394
0.02871742751334651
0.7464478531109322
0.9570933773032599
0.6153616117981806
0.5909522532205087
0.2084980916014918
0.6938639412432741
0.04701420726840438
0.5357000700721832
0.03457585588839444
0.004131308939250465
0.4883186759928973
0.3638347782544442
0.014649380753826897
0.424468604416841
0.058440082161339446
0.025169348763625636
0.41235732390526036
0.6232046699881509
0.04661801994841287
0.4455290775060654
0.5991569530887835
0.68372280314929
0.09375793524815984
0.8989958428089828
0.057406303968318056
0.13366672933565826
0.040480268811775466
0.5070646315783198
0.5288144127221525
0.33874666821423455
0.22319915518681668
0.21906277671192986
0.6575497447217151
0.7555682552563028
0.3990982292671298
0.1933684509713599
0.6832373545164321
0.16024336705577663
0.15665652536534194
0.01270306569037858
0.3746710160228461
0.0262630098114228
0.5275008444856815
0.2878416838714526
0.055569057664738256
0.128773827167721
0.13639929946185791
0.030520988465668204
0.6332083868811217
0.011441710369763066
0.2928384397549326
0.1438661212685708
0.16930406050617788
0.01569855586131166
0.2008189149727923
0.6681190410466162
0.0830400991549117
0.21007958799678267
0.16306931391543142
0.06196163249035708
0.9804923013063218
0.49320138042758116
0.18789949919757282
0.025786437425552925
0.9753299786445543
0.1619136418403868
0.8595971934393701
0.6185646627090868
0.06333601629763874
0.5299311002771261
0.03066460564130047
0.02904737548834196
0.6598724246884766
0.13164657614436034
0.38499835245693304
0.025282247771438785
0.05777187096991478
0.8022649782727018
0.045395779622222576
0.05872724312734766
0.44795809824312055
0.7261722318963331
0.05313414581120195
0.9362724504623154
0.12308627625526386
0.01293846190679314
0.1339777249641371
0.17465378721258296
0.18553038875446531
0.29430378726950085
0.03581234180405819
0.021261723911580394
0.01786924445611774
0.05907582408292241
0.6838859436069779
0.3425332056920239
0.14391153448041136
0.3642881166975215
0.7155418183507353
0.1018165398640568
0.6702492935693718
0.6712031613328223
0.004666506532448253
0.06886197929144411
0.10392929040965018
0.060895797585246866
0.8244208289266994
0.971293998395465
0.953035451654844
0.5349412086866606
0.6704366012350064
0.9582890022987884
0.28171073755355847
0.7017000468326836
0.20319809307940348
0.6577157274145129
0.20104984456536729
0.08119927357928049
0.435515638059747
0.3043940456056403
0.056050113309104865
0.6142541511829274
0.5917919640120228
0.05550361220661808
0.19348705922355086
0.0812253755731485
0.3097580744685595
0.012891438473702036
0.02926435672927204
0.015896041404958143
0.6728539457797234
0.9105840876785096
0.14999626213116657
0.6936722589422953
0.3755547682884879
0.1205583000841454
0.4254410791973149
0.8830154220912114
0.08319832568800793
0.789921487638332
0.31021196273199997
0.2911715478418143
0.018179064791006137
0.09830764624239337
0.8090364390671755
0.6377486163299435
0.07963488840266923
0.16198474880749927
0.7297495302043367
0.00906971882335253
0.25687344137495816
0.4238130029669519
0.04413062049618733
0.9831470558974617
0.05699964499676048
0.09725743420284455
0.7016863573698761
0.7159779951111086
0.024006606506208804
0.03555737646557243
0.43611223314295905
0.13299818185382778
0.032586793782059434
0.06737949841198301
0.2218405714687445
0.4816822677018964
0.17110547623994155
0.8744133374633614
0.7271791502030511
0.27266183482371076
0.4928554688454237
0.30116840177183146
0.6485764421630413
0.08329426003450356
0.1411085081312069
0.043360442090286576
0.675793475315835
0.061885445788218876
0.0805264128890291
0.03025993895087532
0.10375897081183903
0.053992187015374664
0.012360527036549787
0.7669483923283424
0.04951469321755123
0.1583552136999934
0.18611028312025557
0.3616495073382928
0.7830580093728357
0.03114765865980518
0.5922157083689017
0.013256782668490123
0.6675934724054009
0.06505574790048263
0.737927265183856
0.6246449104432574
0.6591224667863909
0.013252564958087602
0.660853118833437
0.30071984093487597
0.40683769451412444
0.05582128952454439
0.011773599765391836
0.3512237162406218
0.22655675127305142
0.5666967912848248
