0.7140765624752297
0.44387662207986345
0.7543404040749248
0.15593127112147662
0.039204847589297376
0.7952261053214399
0.8281572127731535
0.7892824908683798
0.026736426050144285
0.890315149707778
0.5060602113889756
0.9431733614912257
0.8263952069654128
0.9291225365836557
0.6427044734691452
0.15567273534398318
0.2594613330633981
0.6271613103055531
0.7642268394333929
0.004705182849423668
0.2086668381590995
0.07633182769338795
0.10685701817546038
0.6916439201843523
0.7523435489608644
0.9510419245040864
0.41484458240487987
0.12046654217495895
0.7911990965902118
0.5279739448135902
0.8428150628094695
0.8550985784081298
0.6498438139430748
0.033675947104333456
0.22276152536959912
0.7248600204374794
0.08949334790032537
0.8502262847839155
0.22421937908950257
0.9982432249557498
0.05489498274473377
0.7864599279787372
0.01003725916262038
0.9324397891883816
0.7199776224779899
0.647380858851007
0.8797409448731248
0.7090402724031306
0.695177747781546
0.44016097470662224
0.42591766909282247
0.6176061164952753
0.1092064270957512
0.20738805127726428
0.9387968494579068
0.7006130639416963
0.036139826399883376
0.8607133131374674
0.7724330716783069
0.764142632017149
0.9519691561259566
0.1113938592041537
0.9620703415867757
0.6804544767029126
0.5214038917830325
0.8484223723176259
0.9778853636450635
0.1432756811512143
0.9773157380301867
0.7300990111945141
0.034670774930012534
0.9535493658620111
0.11323382226765163
0.38538684388768296
0.2086339267563924
0.32514073794891973
0.609982615963663
0.9002320924907897
0.759334021689652
0.6007979965327293
0.8981857308873524
0.7017600451971465
0.08565166020505614
0.08527760851433114
0.299977751842313
0.5380709069151657
0.7366831945187402
0.09155073428652175
0.8133047991436091
0.831093629771064
0.40395919844850325
0.19695987031610046
0.9179390589106179
0.09644124932936293
0.24180048740853388
0.19340702940196186
0.8732110734067888
0.3105411151225358
0.42732645476551256
0.9114961570586704
0.8127620686733561
0.43197185405844224
0.4399404591688174
0.06810484846307338
0.9209469577087914
0.8504752934020947
0.6733114663441528
0.8947517502770799
0.17929847228627402
0.9355130759125297
0.7550941576400187
0.7883621653669151
0.8914263929686879
0.7202206594845737
0.09880868222495319
0.5840420467492464
0.8285857380886208
0.07356302110254453
0.9684953915823267
0.03033300671269196
0.003699503726889642
0.9826273134678678
0.7624992685960386
0.8068950537237618
0.8562677609683507
0.16729510064425926
0.7123630100162672
0.06236610413641243
0.3439169204452997
0.7730679601316939
0.6947486087388437
0.9307685808618522
0.014756452573152626
0.9344210240543283
0.13125360479732567
0.03210590794835841
0.06677148235161258
0.5994063811929276
0.944169412404049
0.6656668924574344
0.5924272399957262
0.8417653371350491
0.545589430701195
0.6662609235208422
0.033063374711727725
0.8467993470667776
0.612269257309811
0.5017133863149118
0.6052865772907132
0.18182275105350693
0.3347275913551575
0.6676743368584991
0.01751792939814647
0.7271169987315032
0.0070900592787539515
0.9717095922627255
0.21725269263649655
0.9386361883587352
0.034626935290205205
0.2879743815950486
0.09157285449245578
0.32722493599092695
0.7195981218155132
0.5507496871240574
0.6773557967775855
0.8003378715102663
0.8832209280000818
0.994009638680494
0.31480136359403954
0.5682397976377846
0.47447158548894475
0.7396466407586886
0.9976629330118792
0.9526225817815605
0.4243989662470874
0.5290360836868715
0.8030349964038915
0.8961017531286521
0.6170086240173083
0.97288508898771
0.892211792595746
0.61520358680394
0.43579848713161085
0.15959850965751066
0.3499560203696087
0.7902718270893037
0.010188499656729813
0.922636752272094
0.7382198654705012
0.03177422390353752
0.05860698288741291
0.2027519993333433
0.646014163841399
0.962045503080406
0.6278544167024709
0.3273635401821886
0.0636378892000607
0.06782933642104937
0.03271931164584948
0.9931109154790778
0.7740097819657216
0.8837318875977478
0.6902758557247028
0.039027929153603536
0.5432033264014169
0.011667639113493286
0.8514751231510034
0.9735409868305528
0.43879205174262875
0.2682664760250226
0.6101181246123368
0.06422384803388341
0.17839782022814699
0.9187872810519953
0.510754267553832
0.13249862460842093
0.6589798844907349
0.8855426700282727
0.3626521637166575
0.8616975552820486
0.2191869459280078
0.03498343965415664
0.742146610316855
0.7557885536587196
0.48976147231168826
0.8936320676078062
0.2662102502923697
0.5771155665064024
0.4289600457442693
0.18765031649788513
0.6286442270778494
0.9457268391640038
0.9988952345773879
0.07013321842974854
0.6206271420312078
0.4758670649958219
0.013672669481101414
0.061030212291010785
0.06817993349932318
0.9683154309451386
0.6705371809262799
0.9194832485748047
0.9986370763216886
0.22286546326010595
0.9470296839346884
0.9632540002486947
0.7747430684232568
0.6972784072816152
0.3982456331574317
0.6772647585248281
0.035074595578331855
0.06983272455505612
0.8747816417065429
0.6795688088684135
0.9645864818900909
0.883245187534933
0.42673847758930716
0.6817762264600409
0.025252436027874046
0.9155217405270863
0.035569816987126524
0.8872569840831732
0.3733039887406893
0.4128361763039706
0.8081911313899826
0.9925053238872239
0.041211433272934375
0.7466431743797655
0.2739807172320362
0.09611921502584198
0.7919717092198214
0.3345114503572488
0.3179469087481799
0.11968887512219518
0.2522942527087467
0.8701726984484338
0.5179192090059264
0.5003548443429234
0.07219251995808992
0.6867633859207787
0.00876899721976189
0.5932051071905218
0.35536625242732833
0.9133138837454233
0.4059474838293057
0.03759112755291831
0.1925051657040453
0.6296226612753603
0.7739937073929815
0.7733878052246439
0.6933582024194364
0.7167505178318405
0.010315559628496729
0.11172502625404455
0.035552498691740944
0.6498409202966493
0.37966746114885375
0.008821511260882892
0.5530679246620683
0.23052826374957625
0.5587715299092154
0.022116305275013844
0.520438995818434
0.20290443667084385
0.6836971292190231
0.2586483692268813
0.8178656407340765
0.6606118316742053
0.3638660196201574
0.6506141136244774
0.019921899782778904
0.45934202354407533
0.9083239721068694
0.6435818318691082
0.17927123576256904
0.5097744236246454
0.15976376605251924
0.8478293319314877
0.29296598681578223
0.723889503899305
0.08063415896452743
0.5837626313564593
0.21922131220299393
0.8375523733955208
0.3292078577749948
0.718749478431938
0.29991292830012617
0.4797191581095434
0.9266643803604622
0.3291648821790013
0.5302996650185546
0.5982823503650012
0.8415940452632256
0.8195141369530197
0.18260156144465495
0.22843253300431232
0.08503900395472902
0.08923204766986792
0.8233613926554375
0.8169295215950525
0.8861115834092979
0.028725653628946107
0.8727059547185473
0.819412991051099
0.29390055959899297
0.7729244841624116
0.5900391575945715
0.9889813684833636
0.19814838138823748
0.45583553394846094
0.09833017994848411
0.15437859684603206
0.2216204198302979
0.5589269776623045
0.6931053758726576
0.17496072503218899
0.1684308279739747
0.18787101966905856
0.8820614043583972
0.023860062868497123
0.5359938152199313
0.5594514082971694
0.1590496189244366
0.5224418941554474
0.8070026369196668
0.784778251975522
0.47662787313971755
0.26505469269488746
0.5269961971903612
0.8102723489412376
0.06412064705470763
0.2545345478944342
0.7399360733187631
0.9882878919749456
0.9747794799822975
0.7535069084552398
0.6668178122976369
0.8538307538285683
0.8393238483704804
0.05543591818861648
0.2993670543102487
0.9721356224175248
0.7677663463472988
0.5357679295307058
0.006520493389599132
0.07682936445951642
0.6838803255938883
0.07198138067322526
0.3493866616043535
0.5099677255230194
0.03429946642473414
0.7292766254746215
0.03988224934799397
0.005459085922238365
0.9189349565635687
0.05683353308662255
0.7201183875012885
0.569636721328241
0.011750809818715654
0.26093140445620727
0.019970482094009
0.8273290631649667
0.043256181396291296
0.44308915718508946
0.7674662522991137
0.6146050228438619
0.6268034707188957
0.10443214876214171
0.08820833213611518
0.07609982515814666
0.8021906395624407
0.5737283339735653
0.7542634256709079
0.9879811362208472
0.2155754571992589
0.00683960188530679
0.4109505656806074
0.717229714120089
0.6925874825678304
0.43003707688057285
0.8984347245627684
0.22162780554341618
0.8589226698628105
0.26304151594774794
0.5084845621225169
0.789912475821767
0.9183114586522261
0.5764864296930929
0.21857784545651995
0.25839490073479277
0.6039845615119648
0.857559781087934
0.9899469265735206
0.53114777401636
0.3872677846264104
0.8479536059141861
0.41670907965624465
0.6005261523138045
0.2656390187281852
0.853285757167735
0.6582348218675134
0.0644937479910092
0.10673208321731906
0.023676759146133514
0.10383084475745807
0.9568326530593161
0.9266608990256712
0.10325636907677926
0.669339675102949
0.10110677961706892
0.7036521429777758
0.01419139430880457
0.7822706513078075
0.848518908795969
0.1891968330476398
0.9771387093296857
0.2954287608015821
0.438005363190182
0.28409764209045474
0.591474066692858
0.3740314011336864
0.5773842328151926
0.012989404375833983
0.8145975037628623
0.5749643075774504
0.8570428686491589
0.061209416421073914
0.44150202241301856
0.8363856823403886
0.640757223345187
0.3429784142658622
0.60360592931627
0.6394457946707228
0.9213952141062625
0.4877765441778613
0.5934278741067159
0.16565400102038796
0.07264251407869488
0.5267869708296424
0.09913669285335917
0.1109169802733428
0.9919509840177532
0.7424904811856344
0.3993975645849257
0.8322237777875631
0.1875444097822399
0.010257389524876238
0.10355033990200135
0.357496847813459
0.7836349399426081
0.3952614672354482
0.8481377248600119
0.4617876140954853
0.8104156006126244
0.7008393493779881
0.9256876677893209
0.11191629299711979
0.782512010802717
0.8758859052277705
0.927065781370368
0.6653098115914696
0.9885703957010733
0.5293474491388337
0.7148872579645515
0.992406541366202
0.9074940347934932
0.9389959907209423
0.6829799398259949
0.4650790056886984
0.8800537805035087
0.4600890639418626
0.7707812648667052
0.30949577022757824
0.004277844826788644
0.7979114994443844
0.9413714039414274
0.7393795757890584
0.47945749009589833
0.13000560138144449
0.4853009991252162
0.24492575691300794
0.5172326087333768
0.7807115161492693
0.9836764358042038
0.6660875880836684
0.9021341274381525
0.7355081530016809
0.813107784966689
0.062084455506324535
0.8909561575422547
0.6114298269391505
0.5220246430017692
0.04018728727430316
0.5292945374921093
0.7529931772942868
0.10057739382269311
0.05013473836240526
0.981577713788786
0.9485450032061391
0.9205809697251808
0.9715672708347072
0.18669921442688328
0.06821385500556561
0.722209526679056
0.8022564714779215
0.8767237323030531
0.03753255850503087
0.08766883366603606
0.4761695521484731
0.4910856828667889
0.6827792835594443
0.6779435885671645
0.5478817187616369
0.844329177113365
0.788838177951496
0.05806459204091685
0.9438555954036203
0.2671571025922469
0.4426519225042913
0.9057612731166007
0.43762751937296396
0.942348254045448
0.0740624418996073
0.038714451408593205
0.845270472253773
0.5898109604748458
0.9053848778156922
0.7306585653947999
0.6024514306081257
0.018155284610221076
0.9572768318507838
0.06195449136942364
0.8317298239335293
0.4787076012714734
0.11028078135915113
0.036076360291348475
0.9504490350776174
0.12072290579394826
0.8551907755407102
0.6202488719276205
0.8513375850874882
0.9921296676434022
0.2149265127478209
0.5038352457447831
0.9689834089587365
0.021888670000729183
0.611676328565593
0.7255013785406538
0.9743234578177404
0.7359783703648227
0.5227574992643506
0.46811493140101434
0.9361957908667806
0.10020074480753834
0.4477669849406158
0.040785818742675777
0.17630449463478265
0.1791089127649393
0.071554966570863
0.7234223230198258
0.6833490185867729
0.20787694797324324
0.048921655630163825
0.34757417913213107
0.6717405055838456
0.7455714039880159
0.8231919476088084
0.9635940524135449
0.46052689916472267
0.7339276257589177
0.8422018951796504
0.07878306376350966
0.9509616520692066
0.8940213947013709
0.01091358318337399
0.19319457358815847
0.03445555928710378
0.2082668477832015
0.006300497786557566
0.10514668077155113
0.7617382140922395
0.14504393339029376
0.11840612889313522
0.9866958671498598
0.42116500964409054
0.18688642310750464
0.5743164396413889
0.6683110780448188
0.3452225997432471
0.06776479125356573
0.20736204473322456
0.14007870071422646
0.04932795059630961
0.6641869231952837
0.07488042497413548
0.04256915566722312
0.10367489628858803
0.1309583006290162
0.03890670026375277
0.051172691563123304
0.6599111165373587
0.9162775916742463
0.9230969895738053
0.07189950028942535
0.2257994619020759
0.08458843534264524
0.7421140992579944
0.8915824267142226
0.9185530317507731
0.9267861108234596
0.8100965400498801
0.1351551642434659
0.5839379571121164
0.9510716463841701
0.16521184000682732
0.5023941753599448
0.31066569911042974
0.4820488783784047
0.9549451033637995
0.02921532139945513
0.8775021750161753
0.7962370413056933
0.14456255461693482
0.04306958520864622
0.9714708951362248
0.08476617974083289
0.9344275316344383
0.9343212709116786
0.036057925193729495
0.6351146429441846
0.9632621986197007
0.14916415252879725
0.8901692394291354
0.823112133415584
0.6018219380080106
0.27015202417384765
0.5081740282835859
0.37172912638075
0.7937315568494732
0.8335481052787036
0.32024222304901734
0.9450354661472045
0.06581582097868276
0.08718717280842332
0.4246647188713079
0.7378117700686577
0.30845498810630556
0.9018048492183802
0.5816239965953314
0.4335123117257735
0.6512282446645264
0.9110231536863413
0.927120111690138
0.7685396170207255
0.7920410183973656
0.6540182588908554
0.8273781936360953
0.7436321784216399
0.9512178119501404
0.4880085074871555
0.831789261324624
0.26320982928251563
0.2700093214807209
0.013806362739009356
0.9051650778299913
0.9220608586875292
0.7891986133639597
0.9741051240108585
0.021464783914408272
0.43946116037125976
0.1328273050650599
0.9079139245650626
0.026389159398384966
0.150995112106922
0.1169228410708982
0.8419144801820169
0.5973662976906067
0.47260532361769925
0.28834623430003103
0.754034822238496
0.9492732890862557
0.8232929257410004
0.26256352058765087
0.6520893017669112
0.7033647663947553
0.7791039705130858
0.6937544229687697
0.984706871315522
0.09973351336702604
0.8428243510336345
0.7467300653306371
0.014528599921118436
0.4048740671413871
0.738279861602726
0.6053326726522539
0.8371108867189199
0.7623766094017435
0.6602612160193828
0.8882729601431998
0.8047539269105084
0.889580960895791
0.09384479626582062
0.40419899739118204
0.04682145780177415
0.8421895533611767
0.017608063301470637
0.14945225194868972
0.2919467976277331
0.31519150792533895
0.8865679810694078
0.575977725703596
0.7506815181899025
0.2324552749600455
0.3973284155086333
0.27079606260171907
0.8175218546354456
0.7309662950242719
0.7817535377407916
0.46952449138704
0.046787861545575224
0.13362003797332955
0.11724817720627669
0.9630095713098468
0.6471926025512854
0.12016516791110401
0.9620483333001282
0.6101305401511428
0.6982922107949112
0.24371909564240024
0.4436743931654068
0.4975385471121925
0.6297559734391069
0.03831554333302975
0.9270923869458865
0.19178973746747216
0.008269091617757882
0.6606402149078522
0.6799009911926925
0.30544374634844185
0.013479163929906855
0.1913916511825384
0.5818806581151181
0.7904509628856501
0.8707026888145272
0.9065385211518924
0.7516677618042683
0.04750555970802943
0.9873065766062865
0.5218330780726989
0.9123237437698157
0.041986869681520794
0.8087128999014955
0.12755282313621885
0.8030191149882147
0.7893709900384311
0.7816412572982988
0.7579551600368375
0.14537131464784264
0.14362220114797525
0.37641552920022314
0.09185845043929382
0.04700802744467155
0.18718169972613488
0.9090407701918969
0.6857257581035009
0.6215394791955535
0.7696189531631761
0.7539774285301055
0.6199263692781884
0.6126370030548779
0.5953138754726212
0.024432905010197372
0.7348119878651377
0.9234433697125064
0.8519322054357177
0.9651244650075659
0.4991472251663448
0.12218978414984621
0.03787715487335297
0.7826183121373314
0.08262731292169638
0.5347994298500365
0.8279796808517945
0.5668950103430387
0.6581698408708301
0.40339383369938636
0.02218987208645963
0.856915821985394
0.6476744694620182
0.09446458158228638
0.8299417875355927
0.7340917264490516
0.10603023419518136
0.907045574729135
0.886570069819447
0.10302840366305832
0.01891793145786582
0.17378079603772723
0.9241228713484487
0.8199994792103287
0.49041243624429526
0.8367985175590469
0.6265996108524827
0.09732022535903373
0.8585089739039646
0.5540144816379737
0.8447722335850332
0.06102907625798065
0.8694535545966355
0.8532613038644732
0.48618584898883016
0.4621338504579061
0.3613520778438638
0.6035691348480403
0.8264891846091795
0.6694801993258286
0.30968469647771407
0.7640146191715257
0.8073633143243268
0.6760450428687306
0.01335925895126765
0.6379885422266126
0.28770771256986194
0.8604701723707324
0.595688769874355
0.013760389713076228
0.5428233566807612
0.28105240064233294
0.6721184010496064
0.9523376552988558
0.3800026160989757
0.3981235843109653
0.32931721583421303
0.1278079320058792
0.4959575874790268
0.8803323898913198
0.01099682817130805
0.6374597901057604
0.06351831007839455
0.8487430533215938
0.9388516854867301
0.8621931924597837
0.1716627720895389
0.6794903285244441
0.13155046868651696
0.6065695398085589
0.875566267023304
0.7324940588524352
0.06912846075060436
0.2217630853149558
0.8015114605202354
0.8114303814972501
0.44519965095727815
0.6335964778775316
0.6544024426013471
0.779278522529957
0.04281358552974676
0.9462984811176387
0.8287893631217411
0.5310395255193259
0.7196073981416333
0.7190307557048876
0.6666276869937374
0.04727432072643378
0.9176333954436757
0.5860572519049361
0.8140614132589138
0.8092498530121874
0.38518097389063877
0.5640755830782215
0.5594268067829133
0.9839762629953612
0.12116325471956152
0.34129179257774556
0.7149917596039972
0.08219314887670284
0.6726978334185973
0.8531027298850806
0.57046706816102
0.7429118620483333
0.5387280700422324
0.21569274229119437
0.9759676505704501
0.7299277102901804
0.018736607647605576
0.21541196661680911
0.2661293597394304
0.42738995688858683
0.8226661212338211
0.49416518097883866
0.805808951033006
0.9220238917979116
0.44325079803172196
0.04815401196503248
0.8993040361080842
0.290652763523786
0.4215963585095751
0.3800777438721958
0.7523823263577214
0.5886151363807006
0.07298897162049538
0.6391048269387722
0.49679747317385575
0.843316530844697
0.5999494210091806
0.11169987743258289
0.4460051977190255
0.8214495911637523
0.8791722773202637
0.8612755783576509
0.9531030915358927
0.7000775819839873
0.973703709054924
0.9317796017260183
0.833448794968724
0.8029979780344452
0.1618246146361474
0.9079985237200714
0.6707983561440803
0.3390165772455784
0.6576264054244465
0.583081688146358
0.044110293056114656
0.2627370436582909
0.8881770343170157
0.39310849296974715
0.8646396541831239
0.8992345947860294
0.5190979952692576
0.5962005753571764
0.7771629479582474
0.7123798974554046
0.0359195258069511
0.7838726216930991
0.6379456992684667
0.20472670170911103
0.1292896599434245
0.4404387764651827
0.7134472295557301
0.024729489392737107
0.41847593778355485
0.8695244823003447
0.055724848853165906
0.6305198880632104
0.967507618111753
0.09740918207361418
0.052288997427541346
0.9382484671964855
0.9187906596444924
0.5389803297945533
0.5374741138865587
0.4392215699385467
0.10885877205802852
0.8567248585021012
0.4521922388735857
0.052820733313603346
0.07593982913804258
0.4130188555677637
0.07758212374408437
0.6331499309990101
