0.9325259878939548
0.9898569139218327
0.6161989922583349
0.8107486223261833
0.6147191137158373
0.6795739977969388
0.6217143437511028
0.9950659687438975
0.4796402414706878
0.6237913210131592
0.27289883829924483
0.6814476108245787
0.6523381418095044
0.7443000963073546
0.6815300553916519
0.5109165523120691
0.8757807512888763
0.2588336498820699
0.4401778472798228
0.7679245390048794
0.8769744622016932
0.007899669939694789
0.00864665050055913
0.9593492480553261
0.7814725915460977
0.8444339185230079
0.3151552406259569
0.8795423028169087
0.7130875925883049
0.08679662955112281
0.7378711909553874
0.020980012292764964
0.02715686431688555
0.028899237507477395
0.5546169855642953
0.579382941482649
0.24766553510373412
0.3403806964500144
0.8258142165048222
0.5592419599290389
0.4244757420061612
0.049691049922202996
0.9094525353297847
0.015276188647828075
0.3268510314060396
0.9822232955733727
0.9648352648615518
0.9102805263057236
0.9277962289594073
0.6613301033602714
0.9386630866806329
0.09376852289480533
0.1277324593764284
0.7407354571225722
0.8568486903062814
0.04841961090516737
0.35338267595803513
0.48596779607682405
0.9704326670545643
0.9082389954849047
0.22275618482322004
0.7625324879432952
0.7006420170871339
0.8019117165967261
0.2985101811138339
0.9012047135015697
0.5760255739705757
0.05686346374524805
0.9203658538890058
0.12664986627574953
0.14961341909386694
0.598905958646764
0.7258749512348027
0.7632143529263413
0.9083789463450118
0.8837833518763878
0.36286666207724505
0.5773740033055507
0.7543448254444272
0.9799868274805075
0.850473920628616
0.8345931839873497
0.040151273091886056
0.6374712196911844
0.7033041543108733
0.1823364532773159
0.5338786701777948
0.13128523958638205
0.8414978041776728
0.04549466983056816
0.7470601552287781
0.4918371611679182
0.6139730017103726
0.22884958169581557
0.746189901600344
0.6795070931664199
0.8524418702744202
0.23410790597595327
0.025840993242070127
0.3031711556037859
0.9639522011863053
0.7994447027926804
0.980440131618187
0.7759780556757316
0.630280466473136
0.053813900004504145
0.9078830259473847
0.12782748097285923
0.010861846663540236
0.6263764423074625
0.936635646841031
0.015874101175344796
0.8815467394494503
0.6955526069112793
0.19533817222685013
0.9611813320924854
0.8217004672456575
0.5019970154339909
0.6902989838838665
0.11528212372625535
0.46449854979356386
0.8032244833249859
0.09044622753382162
0.7100299188175387
0.312689648101929
0.9425035646181796
0.9537707492761809
0.3092897168001762
0.6825527246119214
0.7044801913523522
0.5712178860426745
0.9792231306326242
0.4435914885702916
0.7006735130864579
0.5013693438522966
0.5255115832110234
0.397910185027299
0.8880023214058399
0.04507736299731509
0.9133220433115516
0.4091437105006826
0.18152066624693444
0.1938099565977041
0.43584958259994344
0.04826646491915524
0.8658928920061251
0.16445391362107986
0.4490834013530627
0.5028588905870504
0.8364235341088198
0.9557599424286112
0.8694578005791254
0.8492646514994724
0.31058442367069466
0.47405024216202135
0.6420284246156207
0.6272522165916751
0.8548512677995848
0.016367476930632764
0.45179282661379033
0.752302706132475
0.7458533280112333
0.6225268512889797
0.6200473592888159
0.03767884245444201
0.8153333073219424
0.7443610491382578
0.2499203969592004
0.6912909198298494
0.42050308137531944
0.5076398338089965
0.8644808940945972
0.9189254329251176
0.9657925095491282
0.09674679318274665
0.19434300956723988
0.7697037449068034
0.7047650915132012
0.6705497875197463
0.3819269018922149
0.0138975103517318
0.9669515604082823
0.7956141893598185
0.16532780143305453
0.8578577743151908
0.12949623143278488
0.6162374909539937
0.8640863372575567
0.7900657456725405
0.45604993167689306
0.5363342645513045
0.9964593743845318
0.5687312917789127
0.0672069973573452
0.6699897859771722
0.964854655153569
0.7568762241988797
0.771775514271789
0.029904449617470456
0.8136071518977939
0.1359952599100714
0.10565204358350608
0.8658225745309158
0.8572958480488053
0.6924674378824982
0.947869692525205
0.020334723533873417
0.9915564363953356
0.6976170672748317
0.3821821753540743
0.8724068482027304
0.9334465283106437
0.15587600345099942
0.010221296483882336
0.6398195876124144
0.6745081419071086
0.5533508101953462
0.6697763282056322
0.11331850859000736
0.7557568611703479
0.35279372758471816
0.924556396168251
0.8991349396171302
0.21128073266604308
0.6803743753007292
0.257614064164211
0.7454361737329611
0.72620090480919
0.5102304150491905
0.5774783275687272
0.9068388525118771
0.8168029620798889
0.5740271290944042
0.9009767047016324
0.8580540589878338
0.6639485179722426
0.7793170766193854
0.20674400979455582
0.017168740000766444
0.8687564906167742
0.9390585608453436
0.22010982204358998
0.7393982471606892
0.9100213462674014
0.6045021490087008
0.66563455801787
0.6762443954964534
0.9132283037522704
0.5419626431473528
0.7363433198385763
0.21041520273785846
0.16404720103426815
0.5004881058410585
0.06812958321555229
0.3508850774504365
0.5622405940075275
0.30538486551279204
0.9997919477770227
0.857935182405946
0.16630271134539712
0.8648128128008347
0.9888112555634814
0.09439398197201126
0.4852001041952717
0.6686192412637533
0.7911553688519694
0.6935575955384587
0.7988797038359128
0.9697479201819883
0.7143660509986571
0.2091025718242481
0.740835075654465
0.5082180633793552
0.6900938079469969
0.11939174043625247
0.036355167615658615
0.5407007630145647
0.2086512002207321
0.912964656649837
0.8062695993205726
0.8411842447377097
0.8500252598411177
0.7286601769890816
0.16333864684150717
0.6868628889775291
0.6109666432050835
0.8285098720491874
0.03667478921749384
0.9892342842249979
0.12719144601952245
0.6143417802629945
0.731884306647105
0.14548663855730748
0.40220004963291517
0.5001854985365286
0.24178245375002716
0.8979522651057317
0.9066910200153093
0.34068326996180576
0.023191952309759605
0.9512587892091422
0.6730882484666166
0.8484453803728693
0.7060321477450628
0.937772678895301
0.5234615986564866
0.07484981331116453
0.3289705089615397
0.07010612828689729
0.9854296589368967
0.6073453948503669
0.697054171941542
0.970970686268182
0.7371656710984815
0.8090271209893173
0.053867784409469065
0.6615524695737465
0.9773809357095989
0.04134089127798501
0.019913416586822833
0.9440172000028136
0.4202229371959644
0.7643345637480079
0.09249422569143445
0.10297206777436274
0.036637950646758954
0.5404150515422992
0.013871541979125396
0.8563225842175928
0.8925256721361134
0.9417314684649276
0.2746378824056077
0.46794506251736767
0.1350292010405113
0.9102900180138659
0.05634110306645486
0.7173299538529495
0.3593716276241641
0.08214600143075312
0.605969190237807
0.9410012229460305
0.1042289694373866
0.7608125358951545
0.7151010951435618
0.12877984919775132
0.11264911928030223
0.5131605407940462
0.03927651315144396
0.566125061059565
0.4806183462813274
0.8265743805390179
0.7479672617241157
0.20783067577146505
0.8815514248603928
0.975007591974963
0.9455364189371716
0.3641290218095611
0.43430366025763
0.9301174620482944
0.7691773372490484
0.05651298821056412
0.6316632510069321
0.0795605874743622
0.003971419372246554
0.4517411776293739
0.7473244866150437
0.7221483763954549
0.762568738881681
0.885869002936931
0.2906659306191356
0.2174118086296411
0.30162315963676256
0.414283317059274
0.7461910847757698
0.06336561197702822
0.9631803536401498
0.1884063026243728
0.49562904504885286
0.05636008900926348
0.047572828863999786
0.07514264213493951
0.5501995048503813
0.4194450650979621
0.23085558072194914
0.9790613737619733
0.7132616980648491
0.7817580473581436
0.5809498507152956
0.8111905463019147
0.9695251505557192
0.9506100343235386
0.4639251960639835
0.1575066616527985
0.9659626523183946
0.7543028633984704
0.8071665855724022
0.5743756952146413
0.8087967403825401
0.10010940556122659
0.5675387531659282
0.6943743614777722
0.08524975716590194
0.10058306453487442
0.7258526457880572
0.30980684954712845
0.8189047548493229
0.6321197868681183
0.5312986457622954
0.9321761571089804
0.3504297849973511
0.2800577139741882
0.05208505425705974
0.858277584304423
0.9396330727921809
0.632167349755127
0.9866609969556885
0.2941767756339341
0.8592706236305163
0.9257807684483061
0.9997491147705057
0.6733865157715536
0.28673529799406144
0.41880984259066845
0.7932911316064964
0.250037558276271
0.9002156708297431
0.11949952728499866
0.3798931542985811
0.9521639273525218
0.6825539981617915
0.5185010497589402
0.6280099889607427
0.4205906103795544
0.6179295821851976
0.8901714803968745
0.8931542582223214
0.6965310962902321
0.06560600582919832
0.43800534995768403
0.5354679679968505
0.4641915754899694
0.014898741107655347
0.5850527113843229
0.34633686151086923
0.5281749609243975
0.18551538620788852
0.9388234896556273
0.3034931724612644
0.5145341534141602
0.9514066615597228
0.2777190385329378
0.7444649099179588
0.28730189805733636
0.7932058038715433
0.034546529302321966
0.6843017995942804
0.7964213509356094
0.839857819066189
0.6235019593474723
0.9407934664198883
0.9343800193075815
0.8507137157506104
0.7956793765936985
0.4587914488497808
0.4011712320779319
0.8210467331160163
0.8378996320124976
0.9203983008393775
0.9773903099625594
0.708589194722057
0.8576188953052786
0.42011159407880105
0.8110693946937708
0.07430516783554594
0.6835948691358088
0.7112098124689854
0.4375585329614162
0.6340122740220154
0.315337869311323
0.6478601135511683
0.8000908418037747
0.5703958892051577
0.8645936972774644
0.06196410070945829
0.6757183058296274
0.025792060738841154
0.6167539789257774
0.861693853217751
0.7307166638303573
0.7280290538675822
0.04605741275136639
0.7875707566044907
0.09442869215347746
0.6312098548011571
0.05699232968585324
0.9081158575276567
0.7058690194790354
0.47439765236595993
0.8195923639155196
0.42485250176406153
0.5896989503415125
0.9031762064010944
0.028602828757814048
0.568469962310078
0.08648854198460071
0.8966111398553318
0.9190127811020015
0.8454796153993569
0.34490703650765825
0.06833094772811331
0.2572848465487509
0.5205474651286279
0.974209937189354
0.8476277259017643
0.018402200081822976
0.151100475476171
0.023542008239190407
0.3006834043355594
0.8945684466522685
0.2732354422028511
0.8286973004814272
0.05549235793876778
0.5855043813227165
0.0731238283615389
0.9522604344427843
0.7693243447039763
0.27779363867155565
0.28505124171954865
0.9477889626532932
0.15957096980478253
0.3249199172725876
0.8314511978894833
0.9287314702823697
0.3825414305755831
0.8401282173872696
0.04419664636287801
0.7408356936989977
0.7867058318858795
0.6657158610166981
0.8407653278413287
0.7749253469073037
0.09137392646539716
0.4955217764852431
0.7003038139218081
0.9363451109272708
0.7865910184622141
0.8997613151229708
0.44722828079262245
0.5952111755568017
0.8215982160731532
0.8358994963079174
0.18274631876773464
0.9566280746513999
0.8413044362615858
0.5329058603044547
0.16155428420983356
0.7972804618771017
0.9704359333044437
0.07517029769236475
0.7162363702284471
0.9877909404152665
0.851465443227015
0.055374193533160816
0.20658403478227358
0.6644461862394881
0.5800549811674701
0.6811556308581237
0.6703540040132794
0.9858639808598174
0.9163967878605979
0.38916662110740835
0.115476038828804
0.5442718605016654
0.9325540947728079
0.9140354666084998
0.5069752154491249
0.5192509898929707
0.9700118930119879
0.18731851160692692
0.16222380496571487
0.5967558507377303
0.767865432006442
0.5573399772444082
0.5643649797886992
0.035880510367459345
0.6941336463351202
0.7425170009746381
0.5902963753163188
0.03314912897255562
0.8929732650150651
0.05890653944179851
0.8410964514508446
0.9958473595151607
0.028827983095756543
0.9831380902086262
0.7952678416600043
0.9797722900409865
0.4983469971854938
0.7223147327232544
0.73694411979517
0.09153645508928653
0.9366478689547646
0.7717921263763703
0.15919884069085158
0.6706951179696723
0.08683829268212444
0.14128453109847866
0.20899376779490086
0.8048166364905407
0.8055154321249476
0.9305240539611672
0.02170696752561593
0.6720419689989139
0.01736604933785601
0.2841196383846042
0.8377514937673771
0.9126600193759571
0.10709267287339858
0.856936087718234
0.7460113766874976
0.7649671587376116
0.8272712351952286
0.8545603050771413
0.8123859410802453
0.5368599502253507
0.7764089697158116
0.4898713887328858
0.8493077435309122
0.07886981605323515
0.9565422784057818
0.817674162237701
0.5469737963410451
0.7968946221023476
0.034086784944810794
0.6998227148854208
0.059112170444078946
0.5279947977938788
0.38328865362221354
0.6068473441932243
0.5578213126097071
0.009632903068265131
0.5704444993138277
0.8896477490229509
0.20784410474106496
0.4402742436211168
0.6239670323254223
0.4305362802301612
0.6687102681587809
0.7760099653572152
0.7417337846730907
0.1756198621096164
0.6754616306287703
0.9941564136998358
0.9309648027508692
0.570218389527837
0.7771754706883013
0.17293604670371307
0.9498912371745616
0.2321632448317945
0.6642357519559037
0.3452061068567402
0.8427510986214769
0.14906865260876856
0.9774544807819989
0.8480666745568428
0.5601324106791465
0.9057228590921091
0.6884533691559934
0.8718551452599193
0.6704188662968271
0.47349194592884875
0.09537551702137319
0.701323609865893
0.9008108984706631
0.4942748655263954
0.7552050464324958
0.7364216762474971
0.8828203254076277
0.41496148095643604
0.16332747182736113
0.6140538337766759
0.8862345579426641
0.7546799414388565
0.011063453919296341
0.5880826344272548
0.678136005242328
0.46900582790748213
0.4844362014669479
0.26816603228899805
0.26863340176640144
0.4174248014798532
0.9886441092815418
0.6013642377636148
0.7203965044218024
0.03085391756221228
0.8703963270180034
0.6970927921585965
0.8436507532905662
0.075809084917986
0.9153408246547932
0.010345647004459481
0.8171828487398743
0.9051403182684692
0.8295415836060521
0.7015121626456482
0.1488656964755726
0.6754260219130024
0.7432091680364249
0.05321072116247818
0.18190132059834185
0.8764404774955152
0.9920892372897839
0.6687023776067561
0.13631117765279185
0.3846156250718108
0.30781090186374216
0.698664298603991
0.11988137709619831
0.7848075948505085
0.7662995052311594
0.03651446991872934
0.6998484641536415
0.7073071141089255
0.07999907522439427
0.9972147035383543
0.05192541824654491
0.9358775589604729
0.1358245527038548
0.5474515322213289
0.09224490194647836
0.7587997723098423
0.4408841393859163
0.7637322101881268
0.10161860468109343
0.8645628228681842
0.18075585605920125
0.7101605511442138
0.8836242472569711
0.07025594183379819
0.4257836239717877
0.9230882100794131
0.8395248728731282
0.035826787542199916
0.719389005155775
0.014636522260954118
0.9596129775637445
0.6525926047283004
0.6502457130187356
0.1713025592986384
0.5895385800019945
0.9294687458372642
0.7129368857067533
0.3030576130796768
0.9470317450656474
0.5096567559507428
0.4700692633852649
0.02637819941317198
0.8408882242554039
0.9485960372025906
0.6220200579375231
0.6078940768492316
0.779609525145862
0.09389969890190503
0.013118325489362748
0.634196563933431
0.07288395522369737
0.6792230256585453
0.9653214403803476
0.8384449444315709
0.34766584483496676
0.08341132536070979
0.8789360394646804
0.3260426886905416
0.3873935318984995
0.8099611783064955
0.8782140055222794
0.4175022972535612
0.10353209320612565
0.014465848480603819
0.6512439844182216
0.43400728798924276
0.6344882738388884
0.9026454815433405
0.7126262901807396
0.4311707545083736
0.0281158818737991
0.058162060306850186
0.6029725945063336
0.8172372594419836
0.9268995133087372
0.6704818023627761
0.05374441391051643
0.7247704312314812
0.6148180479417767
0.053008383660632125
0.57254951887562
0.8077690462072556
0.286847183341347
0.8362082999415492
0.321168380077558
0.6491127487698721
0.019634740278022512
0.7303300798306105
0.7160988355523223
0.670659467843874
0.7258403189307561
0.6774308509439864
0.7212215602242622
0.5837888908945861
0.8277859780181849
0.30055857634989436
0.5106388826520305
0.36057089041473145
0.8732516024320018
0.020563164891698783
0.03425457443210529
0.854458673765516
0.8842401873619197
0.9188018082088047
0.07267464727515094
0.6267233274122509
0.5069551372986676
0.836875982572056
0.030951616396006104
0.17213296811072978
0.41614247936419757
0.6427613913906784
0.7214271230595712
0.034441396501215284
0.05767254128976722
0.9145195851560929
0.11303454827731194
0.1453636813212957
0.5367164170736856
0.8795793963740369
0.8127190639548211
0.7186834228562371
0.9598580556792635
0.7620630149710804
0.025393721538787068
0.9383852423869161
0.492040900861179
0.9845247496524794
0.714748981483669
0.8843683375217257
0.04994681953930656
0.4298031895305295
0.9478694997142828
0.2303893183531432
0.5267299614678295
0.8961710590325571
0.9390295881717009
0.1760570386873122
0.10463610829981307
0.48737392432980686
0.5696848191691234
0.695976949790694
0.2849334604500998
0.5589487919199952
0.9127070924792047
0.05093066214007809
0.07953306509416627
0.675259384127121
0.9285561915100159
0.7637938010766856
0.9341691202259115
0.937021992689507
0.9280058069450752
0.5080303253129873
0.8787573891582969
0.6802793724922901
0.9200533602047096
0.1185195737884027
0.8069438176202035
0.6722316853185848
0.997119492566463
0.13943997394105906
0.018161741745782504
0.024952540210949815
0.07755372967584749
0.019274806620055953
0.7187032435151232
0.8002722880947287
0.6921404952655825
0.7984094345647138
0.9315659425129696
0.02556225464165467
0.28275865647925047
0.868101275455456
0.5671946184629219
0.0794983069430216
0.9019591088723483
0.28751709595067365
0.716816414405586
0.11671481727009911
0.6725128704250599
0.03645180587713929
0.051552211195103184
0.7254198889064072
0.9387859924939245
0.6460103837375565
0.45392472885907775
0.17624361376766717
0.8366522989993894
0.5307091651518044
0.7635913060055243
0.834088605111856
0.9944028634735311
0.037229789040331474
0.777624752329796
0.7012942060803485
0.02162561713283942
0.7153926595373358
0.025750614301478895
0.07138668545985487
0.40266187228809075
0.20421374033478412
0.7670403493630823
0.3885649620988807
0.8920344029104621
0.9512461082242893
0.2241884045811291
0.679533311564805
0.989027172483622
0.7648145705706948
0.04499491714630453
0.5469652214816091
0.7454313750128748
0.8536627868739793
0.7889369398502848
0.901411532254176
0.12496797269764764
0.19526983627739242
0.5247753652159043
0.5731784318874145
0.8536035405571057
0.6942808301922883
0.8936932866695444
0.050297617130763944
0.7526592603335378
0.01147629137227791
0.6702563410604581
0.8827163995600867
0.5204010985700072
0.6379599347573267
0.7830876810009488
0.6378993191248805
0.05542908199244675
0.5181483670017085
0.052225979870502245
0.3390954346298294
0.590756207024178
0.7142275265945588
0.7620090874442503
0.5119710341161239
0.3976395483220465
0.08068402621208826
0.8237040671174295
0.6437389979610353
0.9908417048822954
0.06598758363451523
0.06667533466214906
0.8655090362501805
0.6710825613086477
0.7276141213648102
0.3797004646672547
0.007179423199222499
0.7633638519802182
0.4195053106130252
0.9979950125011683
0.924278121279773
0.2532961189127703
0.912056871249805
0.27296041531772763
0.8118401518526339
0.7749770700926263
0.8733499466288952
0.033565901845246694
0.7437316418689021
0.8016943608969085
0.8304605339184976
0.9301193649587851
0.22299734207957098
0.058688627747194674
0.6972117161316935
0.11153343797330051
0.9570982963776108
0.7517711623097882
0.802118653082318
0.8158037431919487
0.5162357264528422
0.7536127113918525
0.11709602314123188
0.025018835481156264
0.04260251896057299
0.0328562848538034
0.8346696504144977
0.701095693787362
0.11124586896500041
0.8827431948910496
