0.8322416216340581
0.47584202348637816
0.2765404997969718
0.14992690083223864
0.9601477297460519
0.8257566353130972
0.18204225925980527
0.7206641198264878
0.6316415891142918
0.6759671888184704
0.8892336153062357
0.9679898640900193
0.7164947460918474
0.5694494030881149
0.9846707178938839
0.9709034583839952
0.663339531782435
0.8498014003421434
0.7360810252639789
0.5974456685904325
0.6923553416645891
0.7585426165396727
0.3969077546394765
0.4975294043918752
0.8384021977144565
0.677861365248111
0.9329101468130196
0.8220771260849269
0.48115330753186114
0.6941426107607225
0.6492493379136652
0.8231334384590747
0.6573763039567267
0.480892775243429
0.6460508499392329
0.27906518607674524
0.34750332756171576
0.25932259877560787
0.4937096363197928
0.9366748820203624
0.43436110970401903
0.591452758172982
0.8864211425117061
0.952722063237253
0.3729052889458788
0.4315809945574749
0.23931901234432196
0.5135641880137247
0.49120903010775163
0.5133461035336285
0.7863001439355759
0.7322360832367345
0.7930910497554761
0.6108046788462598
0.8710572013289719
0.7263788483623232
0.5271685400114547
0.43268577839279665
0.8224838413280088
0.9316141247970384
0.5522939670029718
0.7945790122542548
0.3643473894337425
0.7663865228770355
0.8205502812936063
0.734055942526426
0.6042263115605435
0.7285437231966236
0.5753094932536027
0.9217124793703464
0.4019059937818255
0.8171508860432128
0.32309099428342014
0.9882994026282232
0.8539355703930775
0.6462089436677848
0.9482817624075633
0.9428176459058872
0.7943319169564551
0.7155006897536508
0.5116200469669631
0.9535780981069557
0.9945286798616649
0.7748407326047748
0.7751403386336555
0.9009697448071095
0.7847173438033228
0.8699763633809559
0.597673705409117
0.4618465941847294
0.793197910202982
0.36838698392723057
0.4488715417625162
0.9063621451113661
0.8708862321077673
0.48489227793078216
0.9995614342577468
0.4657471901597543
0.7746774424764407
0.7278635903568178
0.9434952156747675
0.5706061092386361
0.8624475506492836
0.661802300797153
0.6772859406322183
0.6652952978837041
0.7830490944208193
0.8694909826245563
0.914105267376481
0.8687237173034705
0.2447302894791055
0.7772995880856215
0.7627251105739761
0.24690805719416603
0.5822370810115927
0.49777515596339333
0.677331765160543
0.3040144002645359
0.8948076542725303
0.619224400120182
0.485381668563527
0.9490098712886436
0.9690094874260575
0.6752541875125788
0.3034348817888292
0.9603494306434411
0.6927720698502381
0.23875774647678916
0.9136846103653745
0.8179314481223476
0.8081432041329123
0.5447897562967727
0.6543610245646808
0.30038988439419445
0.6970307976374044
0.9742013125615772
0.9607780655351545
0.7604671888158955
0.301270293012372
0.6598556242152436
0.5113815691236259
0.732204058686298
0.8235118039885603
0.8405446413361004
0.7837598712155063
0.8295628666053171
0.9394636378373271
0.857890274522793
0.8690474608322539
0.6823427469678827
0.9028795467875969
0.35188319594016765
0.6230373447852108
0.528734855997605
0.5640878011868211
0.6465568942166099
0.6382855782684911
0.7314236297652601
0.21600189587341254
0.8992767303036241
0.920135160422783
0.4114061733733747
0.6524135137234631
0.9185987445890385
0.5933418485363028
0.8811126128554212
0.9186179193907782
0.7734490222730814
0.7066407363544602
0.8937056092254612
0.915610347164902
0.9593996364090225
0.8309793796849706
0.5429643777383778
0.9988089931494755
0.7827899531546463
0.723394831018339
0.771043370663362
0.7144910292518688
0.9771252558892154
0.6493517252094353
0.6299616932851835
0.811290048332262
0.8295455408050714
0.7344259875203651
0.7393724624329778
0.7551325675267173
0.5128840605075313
0.8193657080973997
0.7910099770343795
0.8451614164345318
0.3979780182336833
0.6078328914491192
0.6244836730572307
0.773532684274373
0.9091112430209107
0.9610641847190953
0.9440721700685828
0.6907871208069304
0.46271028711368933
0.9928216293899144
0.7738506083799799
0.7229287952656749
0.9166862670557558
0.8031294606981406
0.8774023937924148
0.9043653284765643
0.709387684821811
0.7019608366346216
0.7638365000852909
0.76217435410374
0.7837011702904788
0.6594325945951269
0.688885653905963
0.8685645112688043
0.7689987677076663
0.5281641415692402
0.484493847762064
0.9680651436721794
0.40228141244797033
0.5209103281830353
0.5116742270050578
0.9166055819597293
0.7901487511795704
0.9072837773963829
0.7864056753896447
0.2447789111625987
0.8367480838565494
0.7407433189965233
0.34684855402227477
0.5788755831940715
0.8951915664716035
0.5534060688672704
0.6059086921782446
0.9731760437457391
0.825409106732902
0.7371071544063632
0.7175377665187488
0.6966783227714332
0.665165731831077
0.6230709090688686
0.8652016544613281
0.8183093240276085
0.7294995667356323
0.9222042618858488
0.9818112546524681
0.570634211498037
0.40834371370337286
0.5243355425583289
0.4858057734814334
0.692726599639738
0.5368628210357765
0.9569786233591131
0.4443282042083975
0.9517902303328047
0.25343731120629864
0.45786891547581937
0.9418527833635013
0.6371963587997358
0.3103532171055228
0.4295167595513811
0.3536469856831178
0.8540688647802263
0.6099471898963063
0.874524403409759
0.8602202593433785
0.803441877083882
0.8474497957083466
0.7619382885046104
0.7661007903837245
0.8049948373724587
0.9527584791752932
0.5274311448074076
0.6818060157403485
0.895080818424357
0.4804840722512275
0.8525333174460907
0.8285992407517371
0.9079096015953407
0.9008354031536404
0.9341435447303162
0.9835910177796121
0.9275076063272533
0.8587904460611752
0.9838368336126329
0.17034876450773728
0.449068826079172
0.5283229233342361
0.5454169417998366
0.9713472069771298
0.1845751651547921
0.5626822211606981
0.6929186560346758
0.85824522666948
0.6892605303043025
0.4288667220211674
0.8945885341694955
0.6612529619788643
0.8140845443226283
0.8685804028153588
0.8757156118840531
0.4395889079959239
0.7621191223637804
0.2260733148964213
0.8422401922763711
0.650113742871034
0.5921482776151858
0.7278312574593091
0.6960804294432232
0.8920607764328008
0.8681723784942612
0.6957529520099519
0.6781888773871574
0.7672366803871851
0.8257229532522434
0.827841354098608
0.8021040633786708
0.9944229874237657
0.8839459796249269
0.9436745534812032
0.5176942700118504
0.9872046448640381
0.6012626340370776
0.8458616337191998
0.917146525729008
0.934895728416033
0.8979317442189227
0.7748708505349421
0.594139246410901
0.7210941657254482
0.9555585648872014
0.9304768606602042
0.7761382765262032
0.326107325709853
0.7931101103421996
0.9616290153693821
0.6834695893523774
0.8608286525435878
0.6370589271821896
0.7399458855170975
0.6344177465873282
0.7822106073846539
0.6514635619094561
0.6333705675022567
0.8802471596444224
0.8279932242356194
0.7731797904895694
0.40533282170801527
0.8455322638105425
0.7748310270966394
0.5212238363023092
0.7753630993018963
0.8022336593273358
0.37439298551708494
0.4125279019154706
0.7399823657730261
0.9191491264858184
0.9033735214582168
0.40066548399330704
0.6177940661421208
0.7821695300443111
0.46014632479501516
0.791408670619805
0.7452478630370282
0.8231917934613435
0.7856695698116587
0.46293348578356935
0.2264118420613697
0.9261637654214859
0.36299556828400653
0.4960046856407786
0.8915231184696109
0.9354852925357847
0.7515895289644554
0.942657160682745
0.4476475182544473
0.7689874654351517
0.5020961260233219
0.4492719381075828
0.5530529556106679
0.3340517381817817
0.1845771212249498
0.7590268831280484
0.6744862878234448
0.8940074871325612
0.7202124678832506
0.4700152492673453
0.5867321919778279
0.4049584763945453
0.9731578985805182
0.9028938936726001
0.3330655923475653
0.6533346051016814
0.5617444336388917
0.7508340146698544
0.37862532391317183
0.8023584238661248
0.8954995193201067
0.9143004056215447
0.5252243182522187
0.5986121258831266
0.55008862516317
0.34136246719823493
0.9891226298045439
0.3139014821623128
0.6181984856195106
0.603605970496087
0.9258754722934197
0.7490218898301232
0.9186246854622394
0.8390277291410978
0.919390663500411
0.8599262966550398
0.9479719976032424
0.7911364703122982
0.5093906278063206
0.6749591465362943
0.7205771111513486
0.7065410144615052
0.4318878972148219
0.9198600758228401
0.431657700474031
0.7149174147390418
0.700345032888944
0.3267058043015871
0.7898975468441337
0.8213928832482656
0.6793180087220623
0.5088153813513525
0.7397828802472679
0.34695459378204757
0.9982705724585068
0.5840665957292679
0.5270203452274111
0.3549379830552067
0.6847951070631507
0.6864706621518266
0.9809025047278658
0.6390699093822765
0.3229896742837076
0.7072916837240483
0.7784512724098976
0.687899011173861
0.9703577943410868
0.26536190935589954
0.6477582815757279
0.7131446431719313
0.4869538899199054
0.46618628317250127
0.8938767404531278
0.5302883656908803
0.8908143565384523
0.9745245060670786
0.9561682381653789
0.1982999061504875
0.9278081495732498
0.6745403937787107
0.6181655949920718
0.9346486912608816
0.4376918751193653
0.8255930775481841
0.7009403702473012
0.9380710999648516
0.847724484685932
0.711695445877581
0.8893770990159673
0.868554360216992
0.6046086126321943
0.9372083549587489
0.6526087740616937
0.139979050217579
0.5750867286602755
0.8889706373333526
0.7116883464471749
0.41171263963917215
0.8487668829755896
0.6813119630803396
0.7642744148680345
0.764950408984598
0.8845414610485278
0.6103055921008005
0.38305934627394495
0.686377421441726
0.8540042410415966
0.5599723666661043
0.8095842115491962
0.8457539688193763
0.6837612860989525
0.8306717674768939
0.7911727142681049
0.5654784635036356
0.6247290432096761
0.961519466550355
0.877740595076903
0.6013704013050871
0.9543728607099258
0.7296239409344791
0.4580556572835066
0.5455683205762948
0.8804685094039678
0.8715642884995523
0.8522799865834914
0.6571112453445828
0.7697173506875269
0.8540359086798845
0.9691701935472568
0.9742920628684958
0.5536787534882879
0.9230521414890982
0.7956915453440889
0.8355990715517247
0.9114176815872224
0.8772787613655182
0.7032336615368
0.8962071184304241
0.35725650806463854
0.27310912820760636
0.9484491979195442
0.46902315769469993
0.6023465621543225
0.32138266962089146
0.7032318647502097
0.7387608494982456
0.8692711988638134
0.7479358911639551
0.9582989188622298
0.7984880563563151
0.8906561779591351
0.6068584486640715
0.816148469352628
0.7495501078836773
0.199798440732924
0.3103380821504485
0.870973373783466
0.7586026732198967
0.6338995526184164
0.8176389484687829
0.8870384038640416
0.9586716262421597
0.25909202362753675
0.6978491448813053
0.9229796198645459
0.895243597702247
0.9631091601579871
0.9534542832222731
0.9574076708971334
0.7934661001669392
0.534325647643553
0.9344978919875451
0.6220265023931345
0.92239717350576
0.8382854366138399
0.7789743984117035
0.8490069938340599
0.7978662814279237
0.4288211655483185
0.4123631361845659
0.461700254026652
0.685112036160632
0.9225505631684044
0.7662937442047554
0.8587866584322222
0.4541971459340613
0.7621457700482033
0.5077043710099376
0.9549725490585179
0.8277916765488122
0.9960352789776696
0.42976531119629424
0.8771322511398565
0.6775037970048174
0.4583419722092805
0.8137225596612471
0.710469263141806
0.4527993463668468
0.4452044789978254
0.903551349497095
0.7057745218039417
0.48365160105958865
0.23310114038250157
0.5487035114651762
0.5593276045093618
0.7200773303534235
0.4563070988616391
0.8153652996637899
0.8109731777972018
0.5241141183996851
0.6727658750540909
0.794986537975678
0.6735296117837015
0.42585126193995804
0.8999043469655172
0.8674709895457626
0.8794091263674342
0.8611194894156355
0.9179219835899357
0.8949348041665355
0.6732118352785075
0.775107536165961
0.8046056896524704
0.9675839537018143
0.7428983994427398
0.8396196754159142
0.6874945035008689
0.64330983694012
0.7901350711374138
0.8386745477990818
0.6292420571581204
0.9265572822137662
0.827905930213414
0.6108815640191929
0.9478864577254386
0.7968758369969715
0.9000658646156889
0.9385514072788137
0.37862102432496225
0.6753245722730589
0.9843443795459705
0.6644222115494864
0.7711539756414214
0.6575175668760818
0.7870351610279214
0.5215934175878272
0.6963816911367706
0.33611755687711636
0.9801885609193897
0.9959917299357626
0.6454172830499311
0.9658791089175243
0.42992278154965624
0.4172307877364924
0.8326963058482226
0.6026226606980573
0.82843005020492
0.8926596168666854
0.693122505734824
0.6320064491840919
0.7509055119944555
0.7911856852124302
0.9810545542111528
0.6432979708143312
0.5570873072046594
0.9324802981043736
0.8338110655234134
0.8053562624028046
0.8787263288238572
0.9334886521995163
0.8326798442303194
0.8578976985877579
0.8850789543876474
0.9854020480242178
0.9196197236845653
0.8310777673370167
0.6549918871556567
0.835025089963385
0.9249663912944373
0.6626449799946719
0.9304789307413202
0.9727893745460126
0.8720559076351722
0.8542857387172441
0.8364211299469301
0.5148124023528012
0.36712114805639756
0.7866357615277342
0.7320183185137614
0.8110034716868233
0.26953691740155616
0.6155234529246246
0.7776926878424806
0.764026644338035
0.45303751616241283
0.8200212595389125
0.6252174093125599
0.805409532182906
0.5486895457932515
0.6465975788047431
0.30041735180829787
0.5198831938960421
0.9535500696612689
0.6654383979119489
0.3842210489609755
0.7761225111979153
0.737600104714145
0.34023122900077163
0.6964804044819135
0.22996991625182514
0.740883334663409
0.720246224453293
0.9386605573791251
0.6851422208563669
0.9886556945809719
0.6606139114871704
0.9975109821109125
0.5086878141845864
0.8273238083240466
0.9640921283465167
0.901823440949445
0.8836733883401429
0.886772158450348
0.6785234618730178
0.889214812638287
0.9632220635339848
0.9411614160810544
0.7197115179194757
0.8826597620894737
0.8005085121508806
0.8060664811133302
0.8671919730116846
0.748430194505256
0.828643415472192
0.779086051687517
0.46605789715199863
0.8748031857147727
0.771943563910059
0.6846347740970756
0.8946493942209854
0.939220098225365
0.2548771344834463
0.9987520476470069
0.5041150671840156
0.9878303160114563
0.839596570771677
0.456506277636276
0.9128437716989347
0.718833978953763
0.8166926581497966
0.6635662863896679
0.3990494864453996
0.8451081428741811
0.37597840367859625
0.6372434005302708
0.83176760167106
0.25954999900707654
0.8485226365108065
0.6384615925395098
0.6141064961148117
0.984446183313306
0.6582458424067044
0.9412345119878602
0.8370686357598334
0.8200943298364713
0.9565349461965635
0.6315193722965441
0.8538748929788732
0.9613767406013252
0.5661645926514974
0.9678972239023986
0.7366378648279287
0.7831262734231299
0.4911991315453592
0.6266527936684758
0.8198484430296916
0.7380026101872591
0.7000482590825329
0.9813479814953293
0.9758359484729957
0.8676040460098187
0.7660833074956415
0.8262982349579733
0.8568450571866215
0.5205868346648087
0.9062838943996268
0.5677398593008594
0.5382218674844294
0.49847653403957304
0.9343904894433783
0.6065111662917307
0.8543736690165087
0.40131701639293604
0.7157621883219752
0.6763877232159818
0.7853725579991155
0.272418985323489
0.8737359273893462
0.6297260256362751
0.7857938804250317
0.8377123234589983
0.6413340637741438
0.6516017680338142
0.7920304670861468
0.6204513996170716
0.9883178734992392
0.5702937997458539
0.5123444578886147
0.6481921108572639
0.6389031798891325
0.30546227616891125
0.29749951043005246
0.6339227894931956
0.6601688618241015
0.6828998294670516
0.7072478973080055
0.8557954443219716
0.9387833759487811
0.9657903933084366
0.8953780243228014
0.5628810538655591
0.6926571897295799
0.2972803771195625
0.9206391332071883
0.899251096733604
0.9667743103135291
0.5850974430373693
0.43218784880171607
0.8491289700397151
0.7169170970272389
0.5909663768456277
0.7212929446862919
0.9611835707672371
0.5944792182333231
0.8791013228379312
0.9445175722577994
0.7989039410976058
0.8574013466297821
0.5967842533466756
0.7611024618670366
0.9461129489633502
0.873246375969388
0.6102093142563044
0.4704360498132464
0.8671833637512621
0.7235220845221518
0.433419140950633
0.9192776607190127
0.9108695052609808
0.8115816876316259
0.8074697676723377
0.8394912148899932
0.6651663761727874
0.669219865994591
0.8793519630898159
0.9411391632611725
0.4470709853752974
0.9123709892300653
0.734041739464905
0.676406244454218
0.4194474663186026
0.35315167541527887
0.9846016142876547
0.6167336324482172
0.40862921334319097
0.7033614375387914
0.8046603571380334
0.5234271806082101
0.7648256970087584
0.9935770377022769
0.8176865306952197
0.8801634692601725
0.3329635864018995
0.7744543497442503
0.8838985998563061
0.9087476256752887
0.8203949584353171
0.7509478916920119
0.9125079515128345
0.7367066648321616
0.6474779721580409
0.46369808410167435
0.8617692645672239
0.608457498177314
0.6321312507477524
0.28119903031098265
0.5377798135617158
0.9228810090336375
0.7795439999878521
0.7451789233083038
0.8681890189146886
0.9560853638638447
0.9653517957609622
0.3156573548119376
0.8377490351779606
0.49331774980416343
0.7759427267678944
0.7370129992775418
0.8952677012443531
0.3817529092518781
0.32801661944575566
0.8124292368430247
0.40308597626573567
0.8309936205471502
0.3762846990089912
0.34832455861832645
0.7189044828675877
0.9986610353862051
0.6458529086185438
0.6716706669101951
0.8238339482896522
0.5801387848484385
0.6693549878715817
0.9041941855387311
0.4876854126869712
0.5686777801291302
0.7695667857091931
0.650108022490662
0.6790689371328846
0.9049374420323724
0.8194981329401678
0.795901823304184
0.5799586211475826
0.8278278551519551
0.8474494005723845
0.8181381130363656
0.4031803550618114
0.771434720660939
0.5815247045469502
0.8315622906703931
0.9070279966276606
0.9041056325034439
0.8564259572931066
0.8020984817716292
0.5459544972480994
0.5986029696507231
0.9266403568019284
0.7311274121025179
0.34329573877604685
0.859254284773182
0.6251005075620772
0.9345262264891652
0.2487030104330025
0.9839905239274321
0.8851342280907137
0.5961436965447326
0.7286695188601147
0.7534621033110536
0.9504495116139693
0.8369682344458305
0.32128789214317
0.877272005829743
0.27139877551175573
0.384065985436382
0.4769613888199584
0.5799843760508806
0.8986349320246468
0.9625452953779907
0.8457880262212526
0.9480225558430131
0.2513613422686597
0.8667529035235301
0.7976732388423331
0.9319119928344728
0.6873423197245648
0.9320226057174916
0.985731923355319
0.6278132781154957
0.6672434737519584
0.2790510187516731
0.4286939023831716
0.8792705473563468
0.7893286853193129
0.64366629934296
0.3193317014510548
0.6729261455372209
0.2828586908478301
0.741256647853469
0.7736492249804815
0.38513310345686724
0.7195657285569808
0.7680720829417218
0.4584358819609857
0.8877820022574954
0.7808422338040797
0.8198774038311587
0.4148963597329518
0.8505640058839774
0.41082177293248334
0.7539742686310498
0.5366129638021734
0.35673351601743275
0.7256312486906765
0.9417207670470824
0.759907705274956
0.8615527432112092
0.23877974387958534
0.48905994303795863
0.7856775974712878
0.8464252412231146
0.882060991180383
0.6391344745858505
0.9401612739142325
0.9037286924293946
0.611394317570307
0.7029501919995276
0.5568353586655489
0.8321212038033828
0.9570137492443785
0.3890168868072533
0.7303500140198309
0.696687062734102
0.7241700235736377
0.8584684573044781
0.7767669850367249
0.7841224209450935
0.6727808240569543
0.912423523517407
0.9400955358661145
0.6350904977064922
0.9506966484710249
0.9787653317146133
0.5632488600602159
