0.9165772552620792
0.2811114748007977
0.8673951375618096
0.3166778877909505
0.8396772573130571
0.6374635573198304
0.753617741823824
0.812517057081326
0.7194446316572136
0.6154061374107025
0.46063059730401534
0.8457199263015631
0.9142678423913497
0.9580317323449385
0.151447473119307
0.8183919484395932
0.4387931537055374
0.9574157629734427
0.9715176954088122
0.4443572166499626
0.8663570135443921
0.6522218618172714
0.4796967706169345
0.8232587696927873
0.799787853935303
0.2519147183379987
0.7506108816104724
0.976213685691693
0.9051333703521129
0.6129940984871132
0.3403714927322145
0.7747878327070834
0.6989146050279913
0.883681670521006
0.3217322825955146
0.8663195789383347
0.46991578620851115
0.6249808832746653
0.35276022923466077
0.7105004151033216
0.6847359949243741
0.7411315340114399
0.6653452202943877
0.5163759758507898
0.7651735978089409
0.3726299977822814
0.5009522957620843
0.7680695149915724
0.920058884193907
0.7052213944306007
0.7425616468025908
0.8062122987400513
0.8288843833173134
0.7544710094107012
0.440185113117613
0.4489785580198873
0.8537406543609941
0.46578228216479944
0.8632912821256347
0.39004588609346624
0.9378867523936879
0.6158266794946021
0.7442729761392877
0.6943338182512845
0.6233764730300623
0.23533683888927343
0.7809062475531592
0.9134388276379737
0.655642985597549
0.6545277753270915
0.6040465271846728
0.7279813781078963
0.6945609818129206
0.7372341634558552
0.4523199534288674
0.9835181576018339
0.7325623049399396
0.3897447535077039
0.6134729235703834
0.6762162269013026
0.960477698054058
0.7536101251847545
0.8964537807022505
0.8036464313078139
0.8048512457636936
0.4409036280256875
0.9383034915181205
0.7243970171530592
0.7249645174283409
0.6211249861432192
0.9730020773369357
0.4963222421023973
0.47510999179673985
0.9491268118575809
0.6359661347232808
0.8361395848810287
0.7543113767496972
0.7265460322383293
0.48501110353335053
0.7228382074760544
0.6288268716452814
0.7396369006935872
0.614561334411326
0.2063936184329968
0.6916546387359997
0.7981904766881327
0.7266043411136047
0.39700351634501774
0.7877567588451565
0.9524007578451334
0.8352602677783851
0.6602436252803207
0.8470763127690726
0.5982066999792932
0.9948461144279659
0.8888199953315237
0.6599803082203796
0.8224227625003766
0.3350800434892498
0.9194573901575618
0.6282578207271385
0.7925323184184797
0.3393894365170695
0.6414231417810082
0.931637220809427
0.7687852303965208
0.8895643731724769
0.799696255043986
0.7528064095198234
0.5539314622300104
0.8920680236150997
0.5769888349822434
0.9088646911051885
0.7450924828420437
0.729899184779302
0.5662523399477206
0.9153437693712962
0.5320036613535459
0.1663189801261882
0.906747008469649
0.677814772509379
0.693556083273927
0.7190054459879043
0.6620194629728774
0.71568036736498
0.7133840833943185
0.22248873694277393
0.8464990386173437
0.46325588798298245
0.8410182703886765
0.48451289449859236
0.5938686966167561
0.8954572060763604
0.8856968638837521
0.7259875726438063
0.3421944518322386
0.8315430737506854
0.8374811014731315
0.9846989985797285
0.8402993553646654
0.9623700601960414
0.31866205958820437
0.9639078997126125
0.7676589185081287
0.7657234821699164
0.9686242806235628
0.6584803765994431
0.9726483596394805
0.45878442067744213
0.3913408489096246
0.30780625639294457
0.7340550619058366
0.9493711411277317
0.678135829227386
0.9077842443267641
0.3801863463608444
0.5353558383616772
0.6275737993581458
0.6659046387139778
0.508413400150743
0.9759444361985827
0.7041331686225043
0.9649517605156397
0.6350620699843283
0.7792933807595511
0.2689675166867399
0.644097358532282
0.5917016690074689
0.6474212759939909
0.5810440711375084
0.7351906006327168
0.4851883119427258
0.9664874130454933
0.767691607785221
0.8199229317926141
0.45401751599019935
0.8495763651519134
0.7069302265739701
0.5524150959704515
0.6244437148063549
0.595007594328609
0.32087013206805814
0.5636165447205567
0.6059383274099359
0.9697076849676505
0.46136830091244596
0.8735324003650078
0.3309743060501308
0.7751366479152818
0.590609758395507
0.44174516819411425
0.7512567173239661
0.5969105775079113
0.8017491957054932
0.5443602055803897
0.8525343579298419
0.8434126429047218
0.5706979708423596
0.8703366831543813
0.9075763130734346
0.8215679236226451
0.8385790677450122
0.9645108007187668
0.5541939343253235
0.9770252107553524
0.9874740137069888
0.6598913356591952
0.5609360273446178
0.8312914643427849
0.9225681053107376
0.5360061413749617
0.6712506661961408
0.8020935992277096
0.7012011286682731
0.44546794810469
0.7305120960314357
0.3169725957587743
0.8771583843980468
0.7273363176788574
0.6806363152714807
0.3575893488948423
0.8194322947078692
0.5789877994339134
0.6343069924188458
0.6001036725851564
0.37877508197420906
0.6715061381962144
0.855650786551601
0.5947562494265723
0.4312880883078083
0.6275357895672206
0.8367445964497374
0.7339881577898244
0.6329323483066216
0.5259139829475286
0.7748689736495802
0.8586527115303078
0.6430424559553731
0.9441950158663645
0.6394334487644823
0.7023965280234175
0.5936136949235207
0.7413276051755402
0.7161431878398639
0.8400012714309728
0.9505038258383978
0.7973126544677395
0.6754475704564957
0.19603155017812485
0.6612397220827705
0.6771952977362727
0.758470444368607
0.8101498161713083
0.8799994473749522
0.3429022666375072
0.6892614759273802
0.7528740390534202
0.718782741798933
0.6078720293691202
0.7372947209738789
0.6744931432011969
0.6335186923238897
0.7262491031428195
0.9652129842987256
0.7777274354513841
0.30354986639002274
0.9015333636147123
0.6953024131507956
0.5323948322162508
0.8579453205930848
0.8219723296008081
0.7868582478505497
0.4394851980604567
0.9153443303390256
0.4031399836582865
0.5379536404947393
0.5977413961066702
0.4582284760227173
0.8881041928748934
0.5732249882120731
0.5907819833466741
0.9114883639311075
0.7879335135937551
0.8729147181809724
0.9506676466301772
0.7482678917656944
0.3999658431812988
0.9383781220265737
0.6932829805307704
0.5615401328411577
0.5571167146021578
0.6810096525425167
0.942580179033973
0.2639347108193948
0.8624531171534697
0.5114672612334745
0.8362493843086287
0.4755900911124925
0.7366492930788388
0.8685427480164452
0.5102694666804841
0.9178442697460664
0.7617648386306992
0.710468921112377
0.8480217962260628
0.7225021433930955
0.311367129452257
0.9571868613308039
0.9716249520687534
0.5731019938241579
0.3548817238523617
0.7036885699572892
0.7215903908021497
0.7037160220855916
0.3496612532667737
0.7136095669862794
0.9366724457325017
0.5535009360212463
0.5318378508328916
0.7828374427580126
0.9296174427342052
0.6181725101254851
0.48486592427313047
0.6506876092468564
0.4495675621326623
0.7278259502787862
0.8305700099346782
0.920304187130646
0.9101170990102365
0.6720070388379438
0.8424207520731213
0.5446165980566665
0.8302251660179147
0.3707562997900096
0.6154191182629445
0.8095798125872766
0.8256084280600973
0.7848201975139026
0.6718285962953772
0.8812402555991263
0.8329051133590325
0.8114914567021906
0.8419315587120015
0.2491691243233517
0.7130258224721953
0.7665716482030438
0.388732719348034
0.9100681773432484
0.8317594813196422
0.5265390372053511
0.9450302176119316
0.7829497758699636
0.3324582423240349
0.7681507282357644
0.8381307109690086
0.9339526212606466
0.8857578180870183
0.7366868780689988
0.702710998690476
0.8289124832345485
0.3174703592198248
0.9901712662197057
0.8188661167148035
0.839021556081563
0.8389086357319977
0.9702076632281748
0.5811021470808537
0.9381861549762849
0.607830983750624
0.6366813398847635
0.3212330081990777
0.2762712354622351
0.582854218932822
0.6859040465410969
0.5301516895159627
0.4023166262654301
0.8537168734852147
0.7877217538997932
0.6069001665955669
0.7913878787487186
0.9248864127301751
0.6788886413553483
0.30857400494821563
0.22090659653246855
0.9891629838687749
0.8227654474117602
0.8571104871793487
0.7913105252716781
0.8188351471501183
0.7774082588952735
0.916499787430821
0.46305927557087273
0.6724952584244617
0.7341615437570543
0.4674753671623718
0.887871772539048
0.15990274896665738
0.3776369703023701
0.8590524935537588
0.8116170917551184
0.866633832664933
0.7166021980967812
0.19747915828973117
0.8156371565056815
0.9726572834691662
0.8261795734876973
0.921211645990784
0.7868472564304356
0.4812856789831803
0.7504491623795081
0.8800075036203139
0.6000232535765135
0.7716303729354252
0.8320010448216018
0.7967836044537442
0.6888054338330056
0.7399237941181571
0.9980307741467525
0.7920007091908766
0.9152153244757644
0.8582928271083645
0.7688518860715363
0.7960628234638544
0.8336621840480433
0.632832451477188
0.2938471799847443
0.8155995407109092
0.7503314597220259
0.7741945855468706
0.9052197127802337
0.8553532952285279
0.6832010623476534
0.8203298149708975
0.9673910325497252
0.9061265670624581
0.29491550485490303
0.8298412911667441
0.4655141770248665
0.36250836335035636
0.825292291139111
0.12380088791779202
0.7340890630361983
0.5497825631807851
0.6696546327418866
0.2984588566691049
0.8234206045254885
0.3068459437222908
0.6315197927014344
0.550343637443805
0.97447017116592
0.9412305251191689
0.5289112640643847
0.9983709853495639
0.7071490617482687
0.4828238805868267
0.5745168536074522
0.9484757843838898
0.9467472577260496
0.6716842112918777
0.7595607114686149
0.982235030773434
0.8702207911749386
0.6811023196334776
0.9184359080263018
0.7386974889603793
0.8624642641668105
0.814487684130712
0.5946124638128241
0.4272704111352902
0.28635419896310604
0.8613307912296673
0.748679234522126
0.762459529394695
0.189428952965979
0.5227996662310059
0.6600398573019779
0.938664200887966
0.9650842661297856
0.21993373414889988
0.7110235702424511
0.8699910769909607
0.6885943388886946
0.3682143857221707
0.9882164651928949
0.8292315875962177
0.3884347180849535
0.6892180535517115
0.9379409052266814
0.6124857105796575
0.8000632721055607
0.7579843809971002
0.5924652689059425
0.9216714343200771
0.625870775394425
0.6208823826256675
0.4156973877647656
0.9185897856151691
0.8310547885529229
0.758655866089762
0.9293589165842576
0.8475464016300465
0.8528999300841815
0.9752321786225766
0.4132349444866056
0.9287469815023053
0.7449487304269464
0.39071812674467066
0.849281716839493
0.575255106966245
0.8170155015126206
0.9264252602365453
0.7919586557730283
0.35950397859601324
0.8474762485287463
0.7903520654858919
0.33193550746714784
0.9315365079126378
0.7474645844461335
0.9413360230841178
0.7134323346911521
0.8609154108032899
0.9371484707584237
0.8831213135689213
0.43905833924587445
0.6070047918530923
0.34753002337265115
0.9400092702704093
0.932060385102119
0.8260897605295539
0.7016604662593193
0.7351206711132687
0.8761781923584173
0.45436419375059306
0.5796109440330468
0.6599478127031142
0.7698099747652597
0.8517464165730604
0.8201342884581355
0.9048556982381415
0.7855997353533941
0.2561264976541894
0.9311121772567399
0.959635297795537
0.971155914563544
0.698876112639896
0.7505571390258923
0.9963294998486606
0.5269118773330338
0.6613503063166604
0.6153322170759674
0.793305042525627
0.3830121956652507
0.9388163892065579
0.4896104892701344
0.961648933364317
0.4080203993952417
0.6077557042299445
0.8869508253689844
0.9880960416593894
0.4464216164869973
0.7108058632699087
0.8053349670090765
0.6309437835371257
0.5772534905843587
0.7632199930276875
0.2580190725407581
0.8252694391017836
0.8186687253015716
0.9475684815886896
0.9539534669858217
0.9346386226455772
0.9567349827686839
0.6827164893155069
0.405586847128113
0.3874256028112058
0.9617120182172544
0.7959981704643377
0.8194625529087844
0.720506378199518
0.672782452102458
0.9447405785797988
0.7136450307951203
0.7187785215575944
0.8948811206848433
0.9620403863966941
0.3253316789356052
0.786627756044598
0.7634955339874228
0.8255278986445138
0.46728769725858477
0.9537820665630827
0.8420791822993186
0.793260329100992
0.4962779405386718
0.7756306535198698
0.819242964104341
0.6868206531676428
0.7580691319308188
0.8726696450949317
0.8153448832001191
0.9089639531265193
0.8477143351239618
0.9911080320578941
0.980769523726585
0.5358226835237181
0.6137931691309627
0.8447403134667137
0.7552325217427902
0.7846767988631582
0.8630053492787229
0.6683568235956254
0.8373536235244547
0.94337617738095
0.5163022985789723
0.8629917164701941
0.961574433091666
0.6661290704529611
0.2556419489096685
0.32472588191797597
0.7488546916506873
0.6670536840066204
0.8275667592399965
0.8314904620535517
0.1252573752768042
0.9375952625819908
0.9358510224251285
0.4423618724152548
0.656320935723733
0.7730024700181701
0.8968974455733971
0.9457491579251871
0.8631898069064454
0.9297022061352997
0.8387454791272988
0.9371357493871624
0.6010744809410249
0.5676910114980489
0.7551431166528131
0.9132086350096071
0.8581633105089377
0.6868282720607659
0.7763158277163643
0.6961950474459235
0.7785705501324061
0.631457935394063
0.9384866841472952
0.6514271995822825
0.7247667102292685
0.42605734999796807
0.6290829092916316
0.6784679269244802
0.22073740301288772
0.8647265328521799
0.33932357460687357
0.9348559037893487
0.78591499839156
0.40365733345263327
0.9148249694030267
0.816448030170599
0.38338324839934745
0.5130937255915764
0.8465951591957988
0.49921029651661664
0.7945061530568229
0.8644875107266741
0.46978336000942206
0.6670988886324789
0.5359824717495715
0.30869958317633284
0.23722657170627454
0.969640038360774
0.7197817346921848
0.704278076697441
0.7075944002212472
0.5971722918370301
0.5716767388969934
0.9436541075915251
0.6649538658175143
0.8562996706401624
0.9544380099509506
0.9850003895049279
0.49934383357374623
0.9048220733859696
0.35122789539519544
0.8494472882900977
0.7954666743459111
0.9928374782656851
0.8929768714187369
0.9397100050021098
0.5749542673184944
0.24067443216901757
0.31068514560027094
0.36617931624918293
0.5915563393980329
0.566795349817235
0.8522775769340587
0.8953036963077934
0.8015761926530558
0.6824158358365854
0.903467167877047
0.30195744983746087
0.7312051543092513
0.8602119822195484
0.5668689280607782
0.9351728436914173
0.8309382987192743
0.38418777478887556
0.6845619038781154
0.8052878193875214
0.5970919217940807
0.815396452547119
0.9406720243359366
0.8830155641334997
0.9010785632915708
0.9788817599913106
0.5895336386596857
0.7758193723440268
0.8325688015869326
0.3094499153570819
0.921857151583126
0.9044310089991667
0.7401171401603428
0.9260807615283638
0.6664703894146093
0.8664568775536727
0.6289007606286733
0.8363047155617191
0.7723259958808006
0.6816465024787586
0.47338425329415945
0.4867032962506169
0.8897562087456021
0.7529660015432816
0.878523924649475
0.7763588672056282
0.3521617171988144
0.7668368204455207
0.48284275389070785
0.7749129978744049
0.8094233691588265
0.9141562250614789
0.8308205951603587
0.8117027747408947
0.8924340224216607
0.7762277700988325
0.7806452734584324
0.7459711291370226
0.6375233757392673
0.23860941058451066
0.7906325504718131
0.9501693110635591
0.501753447542169
0.42699126141053534
0.9613975929088288
0.8879415569425082
0.8339862078850437
0.37204913200370393
0.9024885022933744
0.22441960015849843
0.925152142610653
0.8421951763810753
0.49450056205955784
0.4473513077265602
0.8354732504755651
0.6145249135095647
0.7038657066936804
0.9540171340796199
0.4927055723518704
0.9484538952877322
0.6073718949403599
0.18603921777754456
0.9612157786950907
0.6356959996831725
0.10203552216691475
0.8519505191448099
0.7778417879291475
0.9159468620646516
0.21170054390687132
0.4531741228049755
0.9114368145827632
0.8552495542055002
0.843491048813489
0.8127060439126383
0.3845481539121237
0.5257880731004294
0.6741211626125092
0.7246808763446752
0.8418086313962508
0.8397747517614536
0.18595626108237012
0.9185857245554168
0.856654006525585
0.773368103287994
0.5361385771552775
0.6244748330078576
0.8331331737402381
0.8013082995886853
0.8345966920122077
0.6184072403201042
0.8777573592628524
0.5779015660675174
0.8566694992035053
0.4235662542767431
0.9529649090686749
0.6873511114876505
0.7332541309852996
0.6107561793705255
0.9584905501748976
0.5720388056208071
0.9723545901644456
0.6664030936421421
0.5362379650349529
0.5417944621914419
0.9360281109769286
0.7621002721799444
0.7231938560850415
0.2363479951160775
0.8593747913956583
0.5422219674226659
0.38661366615157217
0.929602022623738
0.8353750861724718
0.63615327932232
0.6457284704022778
0.7355089024666088
0.8674219244775838
0.7092718861199674
0.9315022528773332
0.6305776533785308
0.8445760780135668
0.7559534508868153
0.9452105700631137
0.7121434527952557
0.34695719075738685
0.7776476809577633
0.31271481731740575
0.67945701350553
0.9437877020600947
0.9963506010731173
0.9185320448445623
0.5590900786770365
0.6836092367146728
0.8522531051618987
0.885789406233607
0.6662982346845395
0.7083167622408693
0.8865599787777634
0.6612225310475583
0.5643963105587406
0.964727389829123
0.7067439051930875
0.8662569086505458
0.8792423750267978
0.7481377719155377
0.8883987310154144
0.9388098441717014
0.6422403696962603
0.7635102117694925
0.724151352798641
0.35831807936865945
0.8608667286327486
0.985776269217715
0.9412685885907688
0.6665445520399624
0.94270465403278
0.9815732974526716
0.7606584579308231
0.6490915252259062
0.3854520201723429
0.7820495317821908
0.7868477097224966
0.3564335050466688
0.57192423602084
0.9642245230511266
0.8896327670678537
0.38512313251749825
0.918633121787239
0.7072251079811605
0.6677322267053992
0.962991126297053
0.8226858035217586
0.45626851543418134
0.3953318503754688
0.782642318777107
0.799752130023782
0.5236536666069636
0.7568798116190916
0.7250257989097875
0.21167363205653827
0.27267877282051356
0.7777115775592466
0.8145604874985484
0.7176682911214527
0.9647592356108501
0.9306870515265705
0.8380297134490027
0.7392403632991918
0.767467112421863
0.8138365689682877
0.5788073620269302
0.42499039444539133
0.8654900457736436
0.2657858643958473
0.6773888700294274
0.6889610733915148
0.9232329476204508
0.6877879151975731
0.41590508473755833
0.46426936112690653
0.5887558995961893
0.9195547433609441
0.8665550801016172
0.9479916931533123
0.5293974248740734
0.3119787207630565
0.31809871278996993
0.28510459092094104
0.8258050708908631
0.45636731748437354
0.8460891557145516
0.8243225421706231
0.8020429570825389
0.20603809766523334
0.43228974930613806
0.7871813188851412
0.3161239121667916
0.7524121289651966
0.7960614603978139
0.47133232857719554
0.5887410992194545
0.8779726520676037
0.49856990613112345
0.3050631753769861
0.43640108721514537
0.8748116781196933
0.8541752210472031
0.6642623144838444
0.6947041491846826
0.7494720369861059
0.38219684959025113
0.7516979969312698
0.7428219240926283
0.4468871134046386
0.35939415513071127
0.6602616119351365
0.8423566322808558
0.7060756138135695
0.27191471265232053
0.4839067164158988
0.8475274177618847
0.6849306137737285
0.5794341169059353
0.5982869147325647
0.5925083728780003
0.39359453002004624
0.9857070604754
0.8560030742719107
0.7875305575473769
0.6247846938356876
0.8114606788847534
0.25352182352449837
0.8037043627605014
0.9044235596655639
0.7759830468404159
0.8092402439343811
0.8858407939380772
0.8839936958754118
0.7939002642459928
0.8668098425097287
0.8238169607565191
0.25682279780019546
0.6656210961121802
0.7667483030052489
0.8575271676481392
0.7947849432039109
0.6918382125072347
0.8600236704480861
0.689647203219396
0.944431860939231
0.35052789433074416
