0.017440495215854952
0.6544365765505075
0.028888092184337178
0.27065403892702883
0.4790845305776208
0.4207661488747601
0.8420854588859529
0.07137033707874055
0.08057707074235937
0.3176793526233873
0.08569328475459788
0.4318574325609895
0.6130473552400233
0.08795319861769305
0.3152999976043091
0.15531802449843662
0.010911124871087093
0.24449518111833088
0.014028863310507008
0.627012379624315
0.08459047205504688
0.25295237041075086
0.21135532123521208
0.2506126457458725
0.03480171233306978
0.5304562628035864
0.3431304886476856
0.1792489383327138
0.15496513141603613
0.4928585828915514
0.32039433743368295
0.07153082273496988
0.00616403719486131
0.010094808163976503
0.07943933891960933
0.04536063934993436
0.6020697539552227
0.2799617944834235
0.7383227410925262
0.04369225784216715
0.6595814719368301
0.3268779724128007
0.13177876837143865
0.5817255035794463
0.007585199298148638
0.17876387550716574
0.038908568944488686
0.21586537920278312
0.7754522114214221
0.6300378194077759
0.7443437794110482
0.12884877170763928
0.3141114658220596
0.6122079903346167
0.20280982442292406
0.19600944951119595
0.14131508988410002
0.2510188295130371
0.607779844964233
0.2018021800944561
0.2262546760542939
0.18637628722272132
0.383812858376527
0.05913031622495762
0.5479793782631891
0.29955659148666497
0.11896357242563149
0.6400483320152124
0.02192956821153404
0.7319197027755842
0.10056998226134017
0.0575132033851039
0.17282781716126316
0.24493380144123014
0.18449795344998138
0.3922816883499686
0.1406162304432956
0.20599559798190634
0.11201872276097222
0.9271335330673993
0.013144058072870406
0.551013846265876
0.20665151258604797
0.15382711706524457
0.03661325691606322
0.05221444689662285
0.10075651457332944
0.037641929400224074
0.11994709178103204
0.11105550743296357
0.15502105579927283
0.09203044514960186
0.03576473931853275
0.20346278227521664
0.4729643813987078
0.10208509332610918
0.24763453921557171
0.28951372891988125
0.760679879734408
0.6661520539604653
0.6675416069181865
0.8063380594759685
0.9237688296467306
0.2813645192905274
0.3014644882552192
0.14191446342656502
0.8411134169173344
0.22120282633041097
0.20936789756491198
0.17140545653910955
0.5687403584833951
0.563684823842223
0.029617590557081585
0.0419120622217443
0.32256196540447546
0.01968813630145935
0.3869872617166268
0.12352659301452257
0.012931751800899045
0.04357992963353395
0.3180927223355412
0.2967191614765831
0.31609350998765673
0.5380234030884191
0.09842545150853663
0.6771477150430334
0.04638185168269385
0.2916310664933955
0.2725383071083102
0.21425823324322973
0.32746880925397437
0.44594455171700487
0.015325809737916325
0.18647795221488533
0.09802053994746668
0.40997480224304594
0.5863610237615284
0.22455928816859347
0.05842425900370152
0.041217847714336675
0.05333196217546836
0.6330115678822907
0.14134257576263903
0.07689251430128294
0.8062364730989582
0.13203473901158932
0.0240533281471644
0.06399372729666536
0.32579242489550986
0.6300557243715748
0.6327608169944026
0.06197531243381153
0.12056750872173116
0.5916570491829215
0.7385950827349188
0.059492760949399405
0.40125764414234344
0.046377984910578464
0.5724952706562767
0.1807184682465286
0.11504759285114888
0.27971320883492257
0.05580994188270213
0.5654137797453462
0.07499930385793707
0.24515766848612996
0.026144136132890038
0.23371803661577673
0.027211319279573775
0.07565605369557392
0.04168576747658663
0.03968554499345056
0.40692863634832055
0.01932924390167995
0.020238269529833063
0.060882227036247606
0.5775420358257061
0.06071700207031212
0.43858155271587407
0.42407021095437253
0.10928278608599366
0.028170530593693566
0.3755738362727958
0.16636083675550023
0.0646681967427154
0.02299610342850377
0.3989524816120012
0.07112318118208552
0.4280299340854046
0.24408271052387515
0.041697905654231204
0.1200661456151179
0.6975741808169018
0.20704353571897602
0.30107123815699566
0.029630885403230032
0.0857934444715795
0.6324020972323653
0.05650547826797615
0.021081377847943207
0.05674550739194067
0.9593816631834027
0.5149821357143143
0.7736584737045962
0.6508789599318019
0.7251504190357716
0.3929770083889671
0.03859911681634736
0.13129837873737665
0.4638716314309172
0.03532027559532604
0.3881036890427513
0.03403505282463569
0.021993141509230235
0.04803763792366686
0.6078790970502739
0.6138589754592098
0.02105035793030817
0.05815063838502375
0.03793483197682926
0.16672081445049597
0.08729570587141934
0.05031575286497182
0.05610844409299929
0.1614639490984312
0.04335131074662577
0.0332145868713563
0.019938942810208873
0.6347692655081207
0.3702707939645899
0.12050792957988682
0.14432785548777247
0.016700786866826786
0.1052772706749435
0.20466485226586095
0.02880997338858531
0.5692095636848761
0.7282217258331634
0.12386146674178877
0.40142670757429216
0.3575318115290419
0.09372585651087492
0.031193340820502735
0.01347393981107265
0.04250694647361633
0.63026386962862
0.2618565739840768
0.01609768260972286
0.04715902571365214
0.2678856537966979
0.11119036116892717
0.7081861950561874
0.9608048315838875
0.09212380023603454
0.23278777352449653
0.21406103032300988
0.5007694486455547
0.4580735030340054
0.21470508074568195
0.18339822215596752
0.08592776786087557
0.026895884195886274
0.1316793406312875
0.26800604491889707
0.26538371365612246
0.375237211103689
0.02295397370106641
0.6803243182476333
0.022846141629885453
0.7344927242044531
0.30409814125781287
0.03607928972649962
0.08882213425950547
0.05352426656571119
0.30089477019029554
0.013426351995524919
0.1528293186611125
0.2774352805464543
0.3022605761377738
0.19367692163468542
0.24294613603723458
0.6360296074243456
0.05537936392639399
0.6287102127221496
0.02095356216679747
0.07637792569996821
0.0188948024726194
0.08755317091277724
0.044074848133646115
0.2857077784411871
0.1428169507248198
0.2995031478426746
0.4062761140859792
0.033685964867991317
0.019928146826510777
0.7800022476497912
0.3679694066861008
0.33614691959526005
0.032214140909728683
0.014510695027433646
