0.1827136541127553
0.742778587213901
0.4100922614905832
0.7590793481883469
0.6868143597369838
0.03843885489740437
0.5803267740298459
0.4819352524070133
0.03696218109180871
0.16529630708315193
0.5829830826351459
0.6924247196789631
0.039870700137052524
0.07864828380762884
0.33729278423818665
0.06547579782648275
0.678632438203186
0.09778776197390704
0.6292555837669287
0.7146602772350011
0.6312763589793374
0.4721236506181118
0.03509796512899277
0.7742184310816578
0.39493060848789074
0.43586614797583345
0.2549432279018844
0.2698756160497422
0.46760554186649206
0.0863065004312025
0.08984561467399144
0.5938720010190908
0.06077684175497025
0.0995166651876275
0.6420027004540131
0.09948119360829397
0.05070804555881635
0.26275095718691904
0.3679244555315811
0.6820958165410858
0.09470294047691767
0.5714521489357972
0.12971025731912014
0.09950824450659448
0.7660826618202016
0.17063437337114443
0.5345907425830371
0.3394017762522302
0.19689806735140575
0.02710604038013943
0.8122805899484076
0.11431607479137744
0.16149517081315384
0.17432332816891927
0.6479997386623624
0.030860929016399526
0.03105243040147152
0.05041679430082197
0.33198164913295414
0.23934366105427737
0.6537406780252555
0.9770811494644704
0.46528923240965475
0.04223760537267575
0.509147430235635
0.046123084737843906
0.1354179403270903
0.5572605055909131
0.20434628374406602
0.25472346769461784
0.2691354243540004
0.5602661087100189
0.7898840833086302
0.5687877821855408
0.7439178381998443
0.1782898735049862
0.5990056170154381
0.7396451990620799
0.46925473699767906
0.2056919079352355
0.7577675004047351
0.6396523268469148
0.03149627410699763
0.1708861214787113
0.2560486853673255
0.6969730703874142
0.5849141347721725
0.04930856681295376
0.028751813443649486
0.12909346852681855
0.3267285484666902
0.5146759104909256
0.6417856895829351
0.7082082598960031
0.648341095829168
0.7066094765415605
0.6611609854293017
0.4108636601501232
0.415386896692964
0.0829364988171914
0.7854842735660443
0.4189950043515095
0.19047731524119504
0.21104861433359598
0.7364411097740758
0.16206538099889298
0.7933367154425235
0.7928022892639588
0.34465050104917905
0.07386711897213794
0.3120715520945444
0.5570637100588554
0.4985046189032366
0.7236718875697432
0.6528118419657545
0.7577633482549146
0.2601191805017906
0.02993154694633071
0.2068004553636239
0.6387163691057753
0.8285192105855048
0.11957496182718243
0.5384846087890014
0.1631596598681685
0.5819764547084273
0.816015310102797
0.3109709491747606
0.73306864993922
0.03758523637897303
0.3100567949271778
0.2672197554046838
0.7031480809162394
0.794253798468957
0.7212468630685134
0.517074577198484
0.8680846859460103
0.2891639139271561
0.11168031891864863
0.5010677016415522
0.20393015627812638
0.18306127547177006
0.7227263917166374
0.6603910194275363
0.4321116397401632
0.22005432852969764
0.1662714060202685
0.5534588916696827
0.9144968734672932
0.5469086937945722
0.47746376893865045
0.16516928782545096
0.5498427839856517
0.619294149672202
0.22994450467176816
0.6597699262817638
0.658606912095886
0.7219965679123291
0.5979183289838218
0.8665768018342089
0.03324474508920017
0.33442062901132835
0.1727034212001681
0.6987825937237632
0.14133952638305886
0.7752894053211209
0.3241493664218212
0.7957600223582904
0.504979531764358
0.6633583658747079
0.3747631559560362
0.46152514155478436
0.022676077081980515
0.41362277706961736
0.23771025739542195
0.6801965582425007
0.02449666597923083
0.5993928569133419
0.7198992848777841
0.3010757104135465
0.13085944340672903
0.8743082988646034
0.03558232998610487
0.7954800790684501
0.7610034524931208
0.05474289928199852
0.9177165903865645
0.9182282244937332
0.17560466522256463
0.10052872244386102
0.05149812883938264
0.36742204017298613
0.7654174502048823
0.7132750701659785
0.8221137444119626
0.5953456479391126
0.6566472993405752
0.4868417440107704
0.5718402656797452
0.6549686461582027
0.9993471504238369
0.5865094867662488
0.35091495672696277
0.04972313676329509
0.599123247165661
0.09340557250855308
0.8614273331914803
0.5850606141664663
0.5017803674532978
0.5259212224194068
0.8998906087443755
0.09096614442487164
0.05499742696957839
0.7931683823297024
0.052760497295909675
0.04584930063256204
0.887948089661447
0.4501617514177612
0.2916066238175269
0.5381722574847245
0.8829042079194811
0.32730824851412665
0.350204782348047
0.860427363861868
0.7615674273846056
0.08184331125097168
0.09026796950740423
0.6113424464474964
0.9788759223419039
0.7585179977374052
0.8741189381251151
0.728617371240416
0.11139068403818302
0.821931242450752
0.6741609734157334
0.056061099412501786
0.18845678146034378
0.621899305039509
0.6558427674469329
0.172577828043402
0.29656083305215086
0.09953709963209276
0.6194769261443703
0.5390100398234198
0.04316400118110738
0.07409637360617709
0.1751633766496859
0.6749923620271374
0.5888110228039912
0.3063081983104089
0.020907624342922097
0.5508339589038298
0.08564459889163432
0.6695845956092983
0.6932720986404777
0.11859779349346239
0.35402632562934916
0.05102599679871628
0.8501969016884207
0.38384462620345694
0.9652642471443735
0.8237138075444712
0.37783942244567564
0.9107368266848569
0.611703488691421
0.10760046228701042
0.6654619432955665
0.04557721220493694
0.6468335097683151
0.6108378793240239
0.1379651860833565
0.11348950872557569
0.1608221116042573
0.8605691901989961
0.22237547022675375
0.4362029369256847
0.7985658058401776
0.3614017471206381
0.24353971086955456
0.2173322973141682
0.22596366392005787
0.20861037876727048
0.18098105850409912
0.7270067797155613
0.3518760318810116
0.05178575605591316
0.8890990591550281
0.8619281620651251
0.5230895650950018
0.20458252866652926
0.024701654480671097
0.5576259674124233
0.06629794507882307
0.16452894152032316
0.3735281734687299
0.19191350566376691
0.5765115208878319
0.7150892549136958
0.048639300904156677
0.699963345854789
0.12331015613361566
0.6389522225226372
0.1085502656775406
0.06614025023830086
0.11479383192408844
0.4678679359451976
0.10951804644218793
0.6595445096846266
0.16987427892435963
0.026720110647013025
0.9546668552232882
0.528970658411221
0.09784083636928599
0.768582506839941
0.051035858614619095
0.6469352617322943
0.7678042116155757
0.12935450380470334
0.11974873997198154
0.3100984190372218
0.0625140979049513
0.6876913220293387
0.9148996092878865
0.4403542659519555
0.4129211612437703
0.2847641247471396
0.5695182494363873
0.6633600957537238
0.7083305818682109
0.43064887880141584
0.1497625983559082
0.12282008285333017
0.11785527239405136
0.2610798831706248
0.9878022185624915
0.4853845793450562
0.6796764299865438
0.013811365110447274
0.5213291186375469
0.6068592680234581
0.6100437811072341
0.6196763634027462
0.08537449609191258
0.05851986045263515
0.7037362562768041
0.5357997289571146
0.3701061852312271
0.7158246288758757
0.3211979910929136
0.7105648038023009
0.8191716583728381
0.03407412005392381
0.4062754997055259
0.5628120083834107
0.6492363945239956
0.6197157377220252
0.024556438339436392
0.9763351035967659
0.40744758764255307
0.325174765460276
0.37272203335508913
0.7172087813735842
0.12904055737055697
0.928567677826569
0.5420373902939706
0.030623756563838915
0.5478215400961647
0.26867764630565744
0.5309003436392278
0.18919362332994694
0.3000153989388699
0.6946035084872543
0.07788392690220669
0.58672803896838
0.575723283518852
0.027573993872587042
0.3878078007229616
0.4241561511805969
0.04202307883465348
0.3547414871155764
0.6776171048323365
0.7528632782343293
0.9293491052941794
0.4833842283028851
0.9161478172285891
0.7788322998208292
0.09516389710835185
0.08355846200617453
0.7146317206051862
0.6788827777433886
0.018498942727503492
0.39053052498093416
0.24920280007218687
0.6580579313270458
0.043022103552199834
0.550393926914016
0.7024467859965471
0.12087701292318936
0.025000511602929917
0.776777928205383
0.21619536624199315
0.7793659416417232
0.09851023099772453
0.295816165099813
0.33016460005454185
0.8200718086572303
0.23218782700747242
0.32251170908965276
0.5653923443768425
0.7453549333022825
0.6922381856378211
0.7456973256490884
0.7849158546434049
0.062088255303983854
0.5486403047480637
0.08870254661293259
0.25597949429566436
0.663067250002412
0.8793816448777474
0.011155259580077174
0.9679269310024015
0.041379468931044536
0.3550083443105305
0.048229740906040666
0.1488022701258765
0.1700952268728721
0.05214669407467389
0.10943787957370894
0.06847692419659465
0.7743096465248541
0.6035643026477989
0.14854556260480012
0.5542696901748861
0.888603185638083
0.7477131405433942
0.14313667410597675
0.681265918207391
0.3093911857096435
0.8576567427897046
0.6634689622251803
0.9194656366205142
0.21194700376938297
0.050469226093919156
0.9892434902620779
0.443777625212216
0.7038243374468507
0.3433907369371366
0.4803023499177974
0.2932217403062856
0.2369637816827238
0.23377343235372738
0.020409707877261138
0.89576927917952
0.550011308727552
0.43506170544935424
0.042490586797511165
0.41199247495736974
0.0986086511691723
0.6471481653146873
0.23394276776606218
0.3955952682240813
0.4863810277391331
0.7862460776695698
0.2645637668796979
0.9597558082121043
0.03662863480068807
0.669741676048825
0.7396010452573883
0.04196428358794488
0.4688501050341143
0.11105721071556567
0.11933488661124649
0.0876593117015951
0.6575073538986447
0.6471079677622831
0.33464350706719315
0.9753667592779918
0.21525930554502143
0.8730766762407556
0.46735515541997313
0.21531680417966143
0.6605378553826933
0.9464182442049256
0.20549244413337006
0.17698812157453672
0.030522479048078456
0.3361649703268394
0.2505803180631536
0.5121436417708024
0.21417276531508062
0.33419522199919294
0.24166762643672463
0.6769713791403886
0.7159867274283369
0.5363913165890256
0.5556733861381203
0.37053231735312514
0.6231098888750325
0.14156694577077264
0.6452357967005974
0.7134999639127402
0.320579300984148
0.4347586119912977
0.5441660664945831
0.4603560171658621
0.4422792030658981
0.6734350138055569
0.20071901543042897
0.37065232923237
0.4802026887804915
0.9171474466121038
0.20292265973182877
0.11686303737277617
0.2817058663003501
0.6904241172703369
0.05615367108701542
0.599748021884329
0.07792370376824133
0.6220303300730676
0.5709221549532049
0.7104477893033875
0.621001224194748
0.9627712465868778
0.8254883573935461
0.09316263785140035
0.49041656031804226
0.5742737325628982
0.20086892284498858
0.4974177152014507
0.07998781248387782
0.6055473440122152
0.31694163577540013
0.03203991206521026
0.15561752877223095
0.6880565422885512
0.8255887765035315
0.26685393130612506
0.776320041476146
0.7255695330159195
0.39774984958935483
0.035910342675681266
0.02369313294578834
0.6533737693056608
0.4093208701678451
0.16184888440876832
0.5866463801072785
0.014264748280439794
0.8499051656638226
0.14960414675259426
0.3256900533866799
0.7237788182673562
0.7725119094730001
0.41159806335782995
0.08020202020067665
0.8219933787514102
0.07089333953453866
0.051204029241629145
0.8798194705445249
0.11320850774634295
0.3417878074360613
0.9771816432684668
0.8536786825070202
0.6527001905518344
0.0601075336774223
0.4676944863958893
0.07449837253539811
0.5174690473562901
0.1723184026203459
0.048658256024635915
0.06612696906071046
0.3806083233998063
0.40920105378367333
0.18213545582011081
0.3282663754369781
0.46052563425081794
0.7884211879850092
0.045639910936908515
0.947184517880227
0.039478211672188096
0.6215715967160222
0.27079745248197595
0.3823955329255375
0.03050887736117757
0.7516272544698037
0.7030535000868674
0.7464169918766421
0.7091601998592605
0.5948044131538275
0.04006889631349822
0.4891869592656277
0.42847188596195906
0.19203172617716374
0.3518078753373916
0.7537559682998151
0.25377631515134047
0.6351938736040179
0.4485949052299042
0.07144174461825402
0.5799429759402552
0.5501619142061429
0.31022372916237156
0.13041836248805505
0.25053914624695917
0.08871736219629951
0.04744042882459468
0.7310501790477151
0.2731147039491227
0.19477546753438987
0.08755379577530152
0.8095771856422072
0.5395251355548373
0.09725047555947292
0.8636760391532674
0.3669283358276116
0.06526630697537149
0.6197954346364681
0.9673899964616753
0.3708023141110809
0.6757528384510849
0.13149488136103477
0.17057818471617825
0.6941981708911021
0.047793520091251034
0.6871978737306916
0.7119808011145425
0.6729087997585197
0.7197974062604999
0.018978724271697923
0.12163888267602312
0.28391120953838195
0.7949420968929487
0.10026060841543744
0.41551573069123504
0.6365017406994774
0.36574597018218336
0.8711477088339521
0.6603066889015511
0.19340954804101224
0.5274434858375561
0.09342912083517761
0.4771265551959466
0.6721342294239973
0.4661018864751275
0.02805948059052892
0.096444197994843
0.6580455610918768
0.11273748354472582
0.20316494110533478
0.700647406155539
0.6701536253839744
0.6743852293786852
0.7754064889666745
0.9061838441303236
0.21659132188083227
0.999899466950326
0.6281538912456918
0.2719448760326825
0.5704275100737116
0.8144878354324852
0.8250083637577443
0.6153247960213685
0.5798382412623084
0.19558229891872841
0.31200551914618546
0.021670293313236225
0.1640186635764725
0.26600607076596594
0.2691858371631919
0.727259145057938
0.5454997923371091
0.3923356703787838
0.5754990288446346
0.05418315312566446
0.6622881912666361
0.48407215929959857
0.10321039998343229
0.6585220281847328
0.17385956521518986
0.5103194107716564
0.2812353552467173
0.05648303571533414
0.19275201754949428
0.25218941988112664
0.6094797496636043
0.6363457330740043
0.7545998665295012
0.3557772221582813
0.5184997010624153
0.6153356703060711
0.48205835396375096
0.4671618164719801
0.02522944841363571
0.19816014369002669
0.5105937211453245
0.5112762945303803
0.43176234838693234
0.18825694749610727
0.5061763819877719
0.02802852960312221
0.15670769244891256
0.7248497450942829
0.30499894065778366
0.5203509497511924
0.07098963194685161
0.07269497373996683
0.7528971989635811
0.19373102343440463
0.6766083141455507
0.6477713106028176
0.01558606123708709
0.7263326161289408
0.7502439333869976
0.8838016471722824
0.5293801507744001
0.5247952961533404
0.01987947516267233
0.06284132740501726
0.28368181530697567
0.03596641844058136
0.725247681898403
0.18369295987284584
0.11818465652529493
0.882334193391807
0.211949873717576
0.9849866741503537
0.0911795100751139
0.6422183601111067
0.9767598358703886
0.025569328384647413
0.36337202392138374
0.5830250270432722
0.09214958034125736
0.09330613804630067
0.04197945022366992
0.32528047039997454
0.05803209206358775
0.7928691893229397
0.6999038388594113
0.7489774938701411
0.43054144076140977
0.17240834416170217
0.031025276920297683
0.468052075960412
0.8380889769163143
0.034461647715646596
0.051550554706940276
0.88994357430082
0.10857865550135565
0.5854261449591704
0.04431687557170786
0.7791438667789238
0.5494048537998212
0.41668936583586125
0.05255438174920592
0.5838132333955511
0.8481962707221596
0.8069721057617556
0.9390303371230195
0.5972803401655844
0.4676479500408143
0.5049394805284999
0.7337413868131718
0.3811287759039936
0.06865616454958276
0.1879512806356008
0.22070894281412395
0.1899333786248485
0.8138960030641786
0.32260575003283914
0.24686741667421702
0.2943215380640454
0.8537513875228623
0.13291268269952858
0.5557200798443492
0.03189317376419511
0.2950607210862447
0.04043554552514658
0.040605497022582815
0.6497893659063992
0.20747074786698477
0.34366518609663094
0.011034709441081128
0.25812396704350915
0.6247252869519666
0.13955925637633054
0.020968648534081914
0.8463161811698399
0.2559618673695407
0.5283002365919203
0.05905624145609197
0.5481622885421327
0.11949443217510282
0.24293418804375827
0.2996287883969686
0.12912352840232869
0.6855504302672365
0.09324916936794066
0.7116517328903693
0.025413939083252894
0.04203446043719394
0.11315261875791102
0.8995105642717917
0.5855517674564962
0.5336393824321629
0.40747913477183995
0.23131435612071308
0.11547620984957638
0.8651683300439499
0.5388502423148044
0.8205443874692268
0.019558212842261852
0.8789786018003185
0.5580678975843419
0.3258115602403877
0.14540761316614279
0.7742462059371022
0.0045859862580195036
0.6976899922427209
0.2600949071345683
0.1695384190560804
0.7474970241458574
0.3970663893888837
0.41767370315763125
0.7101788929369806
0.5256301663510557
0.8114972288828924
0.016934776778834464
0.29538606269881856
0.1368649645745435
0.7738719700258765
0.6987948193748093
0.23161124903169705
0.3819885565501965
0.7264990719821729
0.01960299016564223
0.4213528214370752
0.8809836068047981
0.6777268302069555
0.8560118294526946
0.32052105372938794
0.7781451165230598
0.712996634741666
0.8575123579270212
0.5549984019302987
0.41696429512624
0.48597806887018763
0.4452051315152169
0.28392299253195696
0.08976527283412014
0.21143583802848392
0.021786963833502603
0.24723923269346693
0.7517870985536548
0.35877157872720855
0.6905863865378801
0.464641115759895
0.3285837118615632
0.7658142618144285
0.07814091999004098
0.11840872887007126
0.12075518442493605
0.83916357787039
0.018361706785523284
0.734717842300893
0.07031840436046921
0.16012848864966628
0.6814776420516824
0.6471956673737363
0.6988465840584291
0.671863027918916
0.7994463870893131
0.4928571669432692
0.04913247155669464
0.058516577220405264
0.0062786034225996885
0.39377205610847316
0.5312160521883098
0.38116888424274215
0.6554158402823592
0.8718357240125953
0.48337551948791013
0.8836366324126741
0.6090621372918243
0.22989091210762222
0.9430364522585941
0.14352593343239384
0.9205039580009589
0.13838921636494989
0.4398629862723889
0.043112799002867276
0.5968355300610964
0.010871583521617791
0.5045152876141923
0.09694526691895111
0.7315978854450558
0.6027245945580333
0.8509976143006429
0.14077584524676412
0.2718290062263121
0.7095107289762734
0.025249214448219367
0.6827398923760548
0.6406890030179577
0.2678826153038645
0.11321369462926463
0.16842473112988302
0.9138978690720987
0.37578205060061787
0.5506975520609747
0.2228151981902057
0.35063931766797596
0.039085017371467634
0.4625118368668002
0.9097880270522043
0.8291014982919662
0.123719769309363
0.9835551910828839
0.4940751791993069
0.5661902060362815
0.9865846510028246
0.19827319514868458
0.7039639420140222
0.734533957098483
0.6476996062551819
0.10464278705846451
0.6813102321561728
0.07313459509136813
0.09939466875841604
0.5847682561051009
0.5525420244821506
0.07212464391273052
0.04971614790317574
0.0720142441621186
0.43356054672256267
0.6140771154631625
0.8616775085362239
0.49922041230940545
0.24298263893994854
0.5394959037026376
0.07363656849761924
0.6475103997079976
0.1514361232044079
0.5499345132635344
0.30434252357451264
0.6534017680023658
0.4176812732321137
0.19046655003757873
0.7039203898783122
0.053191751649721675
0.6873717249380304
0.23679429566160187
0.30502070214104055
0.8322024107963836
0.326499319264527
0.2580787836607549
0.06514954738702416
0.3068326669252555
0.7119007269635939
0.44953312307498455
0.08492382577287524
0.7694180105636301
0.5928695552553778
0.3762892028045204
0.6763992365300628
0.024850066435058084
0.171252508938529
0.045568687499171194
0.7079796066021167
0.6074142356096681
0.24265931027129123
0.6463579532357884
0.5719244822652576
0.08487496429840785
0.7099195392289752
0.49995054770328523
0.6921000662064825
0.03856980277393887
0.6131827743664339
0.19208777160839358
0.9112424289375405
0.30340328713504805
0.6905529519156741
0.01743094603619063
0.43566195976842786
0.635989633450835
0.08688189761947362
0.2722223908217211
0.1533770041477145
0.41221414559021197
0.9208450075842474
0.3054076547634874
0.14391854163400364
0.08631219217860436
0.4646469478744457
0.04647997430541766
0.1610759442150527
0.6458596335918514
0.0650802401946368
0.10841859288357367
0.24392087336458484
0.20638585479318136
