0.928733859109607
0.041075393653634634
0.8521652400027748
0.9652080598992321
0.6856479494779117
0.9758370658473737
0.4736746786875606
0.2804004747781512
0.1629906020647857
0.7640613687525695
0.8885011239174392
0.9871071506080829
0.9804782423291176
0.8989876875217497
0.7887265018924619
0.9820962264320542
0.49309306030014555
0.9784688068024363
0.0931546316471764
0.9949963948158226
0.910103689981838
0.6686847803138298
0.18557168859351006
0.12636988647399494
0.1626578372840366
0.7961950462326596
0.8216029468578057
0.6399835781169623
0.9828604486162884
0.9756076423759608
0.7578237294299232
0.9194440148584222
0.9483950290069258
0.9936186622816464
0.9097869818840885
0.9016356477877292
0.9996925963235593
0.8788860346042136
0.9264978645354984
0.8489885957081704
0.9318443271404178
0.9581262550912858
0.9572068715400236
0.9634064643842999
0.8920580222975973
0.8617072236842281
0.9933764514043505
0.8991795631066226
0.9322816714085203
0.9679214610630229
0.25200053668323785
0.9415006265963286
0.7400610707846802
0.18977474460457616
0.7552156325892019
0.9160057517641526
0.8200356459759339
0.1925605646303342
0.7498790142339131
0.23058205529569836
0.6446631180185086
0.2022274480941265
0.9855004184301479
0.60620746795072
0.9618059092257807
0.8621663100929738
0.9268012601152442
0.8010275586778142
0.8239462463568614
0.8668283125631627
0.8796822113840483
0.3295008493592242
0.7905877424891286
0.7791843065667657
0.3777353978747223
0.5211118965930706
0.24373901159586367
0.7387850896301248
0.9843148252323037
0.9497648253677295
0.03622262578060978
0.23984073195745811
0.266710852897161
0.8477165258663739
0.12394630231420596
0.9601628594221584
0.9879047076380432
0.9110776761951851
0.7728656412539527
0.8852831753805663
0.7361165673374502
0.9135748055108643
0.7345105426182896
0.28699190989666223
0.7074100023868993
0.7205548987161488
0.4199671018620116
0.8352786950392235
0.32103007879513046
0.4133382751315402
0.897706844491363
0.07455664542094742
0.714325284695361
0.1468164496040681
0.8887773230243666
0.7764206554179116
0.8277862887996874
0.5202910713138911
0.8590609034032697
0.8685038110684635
0.9848404489986549
0.23001942489845598
0.8994626909793728
0.9234871831545599
0.8125889204486061
0.46464102823227255
0.024190109619441652
0.6719070171503034
0.31673792102862913
0.17770024250566013
0.8331897670504027
0.9468189253186583
0.8295282258996144
0.8587798096065002
0.9819974840813708
0.9486278102372219
0.2015202868428073
0.7428750060036767
0.46617209496984924
0.9906235203622524
0.9665038072997857
0.5528416979853952
0.8888986913251764
0.5220690544618525
0.9123270791198832
0.8804203753491833
0.8789518019165461
0.779236194033634
0.962648903890128
0.9755748712084065
0.42928087694590056
0.7259648891414812
0.19116477075715888
0.9421878333260754
0.7289146897073445
0.9753819138933821
0.9486489676695147
0.4565065935583752
0.9705407124478984
0.9698083243765765
0.7532202809964821
0.9307907022179529
0.7934100904139373
0.48117260447262533
0.5191208645810453
0.9263293818555232
0.9939206686400993
0.35728079722324524
0.8433236924217017
0.7909003675560691
0.9774015336570918
0.7092278388340207
0.9781213622951086
0.09051887954204325
0.33647426727964147
0.6004659406535817
0.21833538073629338
0.985350941319231
0.7586479750808207
0.2157717936259032
0.09051245629206059
0.2831764733156404
0.14314858589279159
0.7961746759110397
0.053286947701065956
0.8299705191409119
0.8465600401166468
0.9576602148857261
0.5060435491314946
0.8452135041529283
0.38946214665811985
0.8364548597936665
0.13989324786770038
0.021701775597686226
0.9790922525499285
0.9854633496461097
0.6888177535589158
0.8793727216100349
0.7908662875071876
0.8857326452394326
0.11930553873659588
0.6452748869609608
0.9578074861902428
0.7737245133978922
0.9752583113904857
0.31067540136782956
0.8088238157955426
0.9390337548534462
0.3200494350787446
0.9091166812508029
0.06629730425964234
0.6243785793006598
0.8932955773827347
0.9862644368995166
0.1711325633352952
0.972775926308284
0.48665640804452026
0.9838489937252546
0.6425963720977799
0.9225036525797772
0.8952194602946653
0.650981849278313
0.768638207064551
0.8451844345919423
0.4365169528130659
0.703728438647375
0.9862900471150036
0.8389498321357806
0.9980991203146208
0.7664579674324166
0.7315539320615712
0.5301189372571978
0.9645542339932329
0.12556018553744341
0.518440750586436
0.8867973702563501
0.7314589392646649
0.3075204825538788
0.8465424415719532
0.9407245178169577
0.10530246078917116
0.9480208239811506
0.060480103636562976
0.970499425730887
0.14233790207512953
0.9804692044450625
0.8132306432330192
0.9605168930969108
0.8169990651075394
0.07369728583532509
0.791503926103582
0.810869366642263
0.6350964403312254
0.9305581174278899
0.7624477331098976
0.18382285010754718
0.8074504952609003
0.8684924492423066
0.9707489236703462
0.7313818444693818
0.9939417955002894
0.9266256118548049
0.9493330173424783
0.8912433752420625
0.624198611968556
0.9807824654811592
0.187600047502468
0.91372979201615
0.966942683241649
0.10939321179236726
0.9805776378906352
0.9357841362916132
0.8740005770919297
0.8888396898064118
0.7737675211571056
0.704244673290126
0.9912672549059877
0.9216484223234123
0.660828599310447
0.7781048054286038
0.20760615368647578
0.735902812037303
0.9004727082569983
0.8691647351795919
0.9775997794550644
0.7820626066601157
0.9962246696069278
0.1981947814554229
0.06286629446359626
0.9550053803201821
0.5229045972629099
0.9655589181558911
0.9207047353968969
0.871176307273987
0.1011860205726979
0.8353886403429258
0.9720946357698342
0.5847416104464298
0.8367884590763408
0.484789982888094
0.5789728521049171
0.8604179901971242
0.9057369171618408
0.8579484872562236
0.80238664602047
0.9095260566597343
0.1289620837127047
0.8900832339084401
0.878738887082208
0.25121631837633046
0.8192533216370095
0.9460323119340968
0.1584919625266622
0.2728940601041317
0.8054508483128882
0.062116476178822426
0.4705550975687297
0.5134963011414331
0.9379982943566005
0.2868625544569905
0.06299821231295973
0.949451045849818
0.08147528323567589
0.0668643215583273
0.8524443429454189
0.481633073011216
0.7965765129886279
0.23220903973153983
0.9006704146406723
0.2327246373183684
0.9948489574895357
0.9155732832186755
0.5688509464882465
0.9147257280346015
0.6266551846762023
0.9596904305777486
0.9917450647847439
0.8405081652902633
0.3060980415682747
0.7823752309894416
0.29544216935149
0.979751946830818
0.24541451587349006
0.569188033243999
0.7165515869280175
0.9765188478532416
0.2646978467273109
0.9604224091650075
0.46371108751521134
0.2831954027988233
0.6146046210378184
0.995425445616684
0.131712146251826
0.6312974538380629
0.9201492656358552
0.8501176580592669
0.7222070428795063
0.8177312320083856
0.9835545700504236
0.2029808836532293
0.12435133239231186
0.8844085184731263
0.394498152448669
0.7905187099809001
0.24439101046604808
0.9264183282153649
0.3698882260520226
0.956954189164078
0.8225710859646148
0.7234219858131781
0.5988300171635295
0.7216522960514171
0.9317662723028266
0.9825893473787908
0.4828875944574715
0.30874020599642027
0.20178907925112127
0.9479017247173618
0.9969122565829893
0.8802210787950269
0.8902993328143982
0.44864041475143696
0.8410171441331606
0.19782797241593514
0.9762021633465593
0.6069449500333217
0.7937898728914288
0.8544065217841812
0.8626455589050677
0.9857444591096873
0.5034717706341386
0.31342205455040995
0.704887511296301
0.7558425549768395
0.8135020494249691
0.6365167917558052
0.1262339659133562
0.8965012710271032
0.9937374918405528
0.8635096927822714
0.8202402413670866
0.12372964645941241
0.8113876405213121
0.8293244334702867
0.9076396371917926
0.8578679971847791
0.8903903052212567
0.742647293910043
0.824769795867996
0.9713270013564509
0.20871818004777376
0.8975140397785752
0.9833060964781365
0.8850026363093566
0.9218006355404729
0.995651444325611
0.9883179760024711
0.9238960569283743
0.6930988957321359
0.8701529308455873
0.4840524186285846
0.10239022707838905
0.8383387468843246
0.6211987441208254
0.9050936508960564
0.8648935402360312
0.11266199641647756
0.36037198701016343
0.6964018526760288
0.8966159803559454
0.5242307490493512
0.8443966628119818
0.9707193997651151
0.8945407283717619
0.9728214622202411
0.2892702725075823
0.8101972688457648
0.9754375294320219
0.3038622430378699
0.6304162066670582
0.9408332524860956
0.9265116130982842
0.8228383231159564
0.960093941878555
0.9408489331534512
0.9381824667014784
0.8869484106203056
0.3516704129187538
0.7935645054677433
0.8126396439189425
0.6366748812841355
0.9209103364096922
0.791213521429329
0.8347712560694363
0.9686758961312703
0.7572113892680449
0.7563947728273798
0.35823312834554943
0.8576252190403603
0.5664584370868082
0.5364081786353211
0.2683343866837654
0.9156035963468512
0.0894296122489108
0.8503097502358309
0.7991125573181993
0.9636912098348955
0.2559646675728122
0.9574638432465548
0.90544623269843
0.09677661420914536
0.13924772512894115
0.22828452567539392
0.9447573309555892
0.9795785504633916
0.7158114019743788
0.9940114578827761
0.6012775202686711
0.17051375113266354
0.9137479300491514
0.7408503733140263
0.9931302550876004
0.16724174056124508
0.7674875214407412
0.9733129924531108
0.15156506666982167
0.998440120509285
0.8918927090340854
0.81916506879541
0.8111304936978065
0.11298413295448291
0.7559612935095474
0.6449009832049671
0.603139523403303
0.9573626044719921
0.41121823826563325
0.5877378794061896
0.8462632947451587
0.5471877664687403
0.9557726685322241
0.5305674098304208
0.830035711996199
0.9156236979590695
0.07789997066033993
0.9474519840508835
0.6530450010814357
0.7824964296544812
0.7913673584354077
0.12543470350949515
0.5919022219346332
0.9865239445001311
0.8157756355288324
0.9530883940210059
0.8579193133608136
0.21897971084338957
0.7082762112554469
0.7245259232203279
0.9565495647102655
0.39395244175427924
0.48709865248705525
0.9258066748372868
0.8799966898646685
0.9417949070912621
0.22194753655222071
0.18263676832480802
0.9675035156235492
0.732540889939577
0.5610423369524552
0.5947477140647359
0.7085826457316958
0.8656503544726554
0.7995615291391525
0.5626589944597222
0.7691884318641486
0.80922018351742
0.6116000589807269
0.35052996939810344
0.22210076899035447
0.14138110296215117
0.15718715154178545
0.2250275114443882
0.4555103572685537
0.8748587938388002
0.2933823560465704
0.904131739238293
0.9637766783746711
0.8535884463623977
0.9695987469031739
0.32453695859122944
0.3436520870454687
0.7823686968652154
0.9386858563401324
0.9011420263457244
0.8756341362303736
0.8834308426030906
0.8321721312383692
0.43949871542458785
0.2960109723840913
0.9261306201241366
0.9349870203895845
0.10844732622583785
0.8043773394884328
0.27916857004728424
0.5611506455446145
0.6473227199771427
0.8544356718249018
0.9900218237456431
0.8565625191135867
0.9100232317214123
0.8373149638241443
0.5362627628979522
0.21316381035804002
0.17000060201209388
0.9771499607198693
0.988286688514018
0.8065989985245444
0.8158247503278193
0.2777548231624134
0.7962127477010086
0.11433905879762163
0.7418265688321876
0.5866138671105116
0.9682569621480344
0.8229573277244489
0.5783512978696066
0.539058848435643
0.7596972052714224
0.2889376154702297
0.9864366803043642
0.15856810649049605
0.8426867390545552
0.9830614870821143
0.23536791940758323
0.8495982036687773
0.4793033150033134
0.9373128732570688
0.9795748428620988
0.9180872513980032
0.8923222234763938
0.08731108832629589
0.7768980276408508
0.8476856896156906
0.9888579724890121
0.38547254323954694
0.6463657372867299
0.8615819125964155
0.5453485656242069
0.9045890243011652
0.3972363912213701
0.9152814091305219
0.9653161963283994
0.17272964826840592
0.8402638769735269
0.9356757149937969
0.46580741282719457
0.9903663797800302
0.9663320162142981
0.8730098029637529
0.9822290172667192
0.7527900594510114
0.7811157333550238
0.08065654917682727
0.9448973466458743
0.17191099313141833
0.8576842357162889
0.4772986674730534
0.994864605165795
0.9913751366020496
0.2596122119097471
0.7695039080320195
0.8244430877825188
0.8395376752286801
0.8941802775442798
0.28316336110446416
0.5491011790842474
0.45827020327870843
0.9886321334983363
0.9879371248031915
0.7525139956016978
0.8042876496873903
0.09519731243064247
0.16552241871975065
0.6921495986069763
0.5287342363735525
0.6614925031526887
0.8423441241874857
0.8795356584536496
0.9884520580416347
0.8430381747239359
0.8262891148238628
0.18266353839589305
0.69221352913135
0.8707431386853033
0.7476661198871721
0.7354463268864778
0.9315076245514118
0.8488508473977584
0.9672858799235627
0.9530630161863967
0.6761335356580187
0.9763408148900066
0.9243364777509433
0.6779214830622209
0.7936534703829639
0.16694314211935213
0.9281551831519592
0.9512981840913548
0.19035663110930032
0.9878105925968579
0.1659529534291635
0.0315492739104726
0.9790345786052175
0.8939987808925826
0.8896946564354966
0.9891447733006247
0.917386201583746
0.6530103634286364
0.8463330433173237
0.9312025675646737
0.47272584321395134
0.9883872836982179
0.9695049872141562
0.26091074977091455
0.22366951686953118
0.7896999413109826
0.8610594013883108
0.8606919030494844
0.8463416314760355
0.9541546844736291
0.9052784553271546
0.6950047928205428
0.646391542594854
0.8780758216139348
0.27494772560100145
0.8222878144716815
0.9746693626284804
0.9832697138925772
0.9714997439687985
0.715542665429481
0.8327201269943432
0.9081553115397609
0.5585318100014784
0.3309260131877855
0.5874749604833359
0.5237029812293518
0.5888506955848247
0.260086511977232
0.684433411436033
0.87035087255776
0.08878908939411903
0.8929428005176836
0.8970720886900437
0.9614230589345303
0.7471235990407439
0.7929513752484072
0.11539396348741623
0.23353943435910646
0.9854253222882681
0.6251957148013184
0.7794196357524452
0.9290206054704274
0.4753363290650271
0.6993257087364633
0.866535043511964
0.122654789089076
0.7427370951902152
0.9234147312769336
0.9371866263118341
0.27176044708097885
0.8014350528326943
0.9012464895931277
0.8958907887442652
0.8778274189273547
0.8955215104172319
0.7632742676849689
0.145107787581755
0.9203634569268937
0.9491221047942227
0.9190426272076593
0.8570746289597256
0.47757015348838294
0.9890604620275236
0.897043638448586
0.9747146425921827
0.06453234693094322
0.6147382078477965
0.16585880782300494
0.9808878755462417
0.8968196941526572
0.314394659873838
0.6837856218037164
0.9664686037783355
0.9556211301013693
0.7064054488491632
0.48481135697040834
0.924751582449145
0.6394477082617237
0.8210818488351138
0.18937466960552118
0.578766502159521
0.864508254647578
0.22893557299174946
0.9963020378212362
0.9806419264638604
0.2234547263450101
0.6659567612344077
0.9974054526950455
0.938920178649047
0.8967583946329416
0.2849552987860566
0.999553831037258
0.19153847484372746
0.36333411719964626
0.8244739198771145
0.9361557964536118
0.9535884177294611
0.916115914239925
0.9492086250923304
0.5103350887154863
0.7433962512935498
0.22052449944015579
0.21313529040625442
0.9049905439255231
0.9372193172551949
0.8804039591007112
0.6518615198909494
0.6017338290493357
0.13576981485104875
0.699721724748144
0.48586864539846086
0.7256509977031765
0.3839909228120729
0.9150541106688131
0.6336358273842088
0.16771680004162298
0.08000180607153445
0.666085246039368
0.989561305659354
0.09039539202502822
0.9161584931428435
0.8383666517332239
0.8253334085204304
0.9092628144273691
0.8823058297515709
0.9554725007820183
0.9346376448373364
0.9851342806886378
0.9847144079372414
0.09286937433547165
0.9706827015650343
0.8192029718488522
0.9886915374985041
0.9622727775245505
0.905931153628202
0.943271075387061
0.9091984794214929
0.3728171850837058
0.8498185663066958
0.8221510426121564
0.8374957000052957
0.4958901044088804
0.8620813350274175
0.13403879056262769
0.5688103757819588
0.937785147422716
0.8355158947689139
0.8402804091961811
0.7925697090493741
0.6942814062574818
0.30230782869170386
0.5491960450846587
0.9177457265808328
0.850143352831477
0.11769941916937701
0.9496734438455924
0.7835287799541544
0.956058128237459
0.9613480297267778
0.7818369812483756
0.5797741535098223
0.9596808496050014
0.8078914682455511
0.9648766626153686
0.800766759019998
0.8201428665649662
0.8162030668116409
0.8163980260345798
0.8542937316344092
0.1542639983308531
0.8371792510547515
0.28714926354753145
0.6956436840135403
0.962140751761138
0.922160581088278
0.15162984744209357
0.9274913825087276
0.976457915036162
0.12666204211393944
0.9203239512408519
0.10080348655296169
0.13382438401583366
0.3720951229359881
0.8324753564109899
0.9305631294861563
0.412021045858199
0.8413722833291151
0.8305408663815711
0.5961931252436774
0.8032966491435036
0.3734948442000935
0.5626564102885776
0.7165061249358314
0.6774369798808592
0.867253598834476
0.9643641940774728
0.19506542747167768
0.7649382590970921
0.8522988222011318
0.9821316413331167
0.9251642472881301
0.9866425660348281
0.566356573039136
0.7266193061296509
0.1556083311707442
0.9321509522087079
0.4048619013551372
0.6939372953939276
0.8804239436839845
0.9332105373603952
0.07303408874451991
0.9817167255620496
0.08399471332485842
0.9530575772939891
0.7412898433120336
0.9876746291043297
0.7621238827080183
0.8390244077492075
0.9055065596589112
0.7435165303057099
0.9398436198425247
0.857659055400247
0.6827276534419131
0.06567950168385003
0.8941579364282288
0.09111917449920749
0.826784915137768
0.889425339625307
0.07205668724638317
0.12385656100234206
0.0975734054957168
0.7779875431732777
0.8364940720047905
0.7013918307558921
0.8542007055601164
0.9812891993961139
0.2772408301434138
0.48573232017133444
0.7767112007465806
0.1222019641328555
0.13391992553921803
0.6213243662166018
0.9414668713177228
0.9873176437010396
0.7945390386801914
0.6077590906313974
0.7951526701267021
0.6869511338245622
0.9436498590143966
0.7760351343502148
0.4658085732311836
0.9398092470963861
0.771920699150606
0.49983001251717263
0.7878944979387796
0.9269006990742684
0.9990263478880219
0.9764351896389765
0.9858179056690337
0.7949673787555684
0.8159869955607203
0.9040614629306062
0.8873719352150015
0.6990434287831273
0.9875689109499736
0.9295680170838547
0.9726649067881643
0.9865830453182176
0.9607959497299697
0.9064792872800078
0.984898025192257
0.8848468569611952
0.8411855504889472
0.3655889484172406
0.8127023464307981
0.09598706771305203
0.7810652067259023
0.8951020637903035
0.8742320248628086
0.10486184991484385
0.8077798468562065
0.866805542714211
0.9877926372624999
0.869079548151067
0.955292419213122
0.9705802078947523
0.6664134451300482
0.9595818288168028
0.9735844326342046
0.9922865805701668
0.2405036840986862
0.06683329740893947
0.8370494141133955
0.9531627489166601
0.8611306035176847
0.5644823845230162
0.9956675176852312
0.8439053346869793
0.8426766723226327
0.975202154592723
0.861111326717597
0.9138314396743129
0.8755003567506693
0.474774085602773
0.9715577695684174
0.8616485449757934
0.998203583066863
0.955091873445851
0.9658285203448792
0.9982775632644107
0.026453264756404665
0.9475163038699961
0.9597460757776503
0.41269411575432485
0.7359387506332267
0.9873550980086216
0.7921227951182577
0.935367951158308
0.2740330067871738
0.9219464637640098
0.9917725321063049
0.9699042690521473
0.2933594401303534
0.8798793510463027
0.7885409902266438
0.8381472796444628
0.8830653791016713
0.9317772873838517
0.8798733891972195
0.9593536243689667
0.8289116866297481
