0.1439440609441968
0.04562661434277523
0.117416977001687
0.2959854601124145
0.30287049279845313
0.019126917291121277
0.7465610269991154
0.2619916243487443
0.0773697861172166
0.14245376189439757
0.2849360524922836
0.12239452569238161
0.13923449055090975
0.09421245816045412
0.06218867373076063
0.11581637985313237
0.10335691150165269
0.7081427600214157
0.031896001756922115
0.4198549092967879
0.08821060792266433
0.5327834301083502
0.08105533689395031
0.32758455680619575
0.2119016479965949
0.023136704197037266
0.3391813432058956
0.2002817262245112
0.9251751833931883
0.3694975531450869
0.2261302094940493
0.011921800490475566
0.1768818531341664
0.514739313208324
0.03163002034622432
0.6058633566210389
0.44486138330761227
0.051672608142244246
0.49376095940405984
0.17833011171252933
0.405519853470544
0.07625868761329169
0.7020172626847481
0.14088411196870737
0.8345948657649456
0.5071903873247325
0.14649112129500538
0.815346759412272
0.454756490127541
0.2694582776422252
0.12825718053524904
0.5535216496225766
0.5410417578930652
0.03105025265311659
0.27103907222648393
0.5628457977869995
0.2772197321580659
0.14157016181111626
0.18842691713318538
0.1791673029282234
0.055606287614752115
0.4457060571343441
0.02442746560797361
0.19036406346004034
0.3369764691945196
0.2951665316613013
0.6921929371689568
0.7481663388811309
0.029037658155699968
0.04757689312291744
0.44112911311671243
0.028357662044863324
0.1282993487947407
0.29325594350974327
0.009215758673279827
0.502515473171441
0.051252328025906416
0.20960564565768464
0.3454952036861273
0.23224179496703343
0.1654890667111176
0.3127228359008214
0.06198509918159753
0.3320769241190933
0.5787198519281087
0.1335772422796923
0.07879332789132865
0.8479057015349873
0.12131202114152415
0.11853693192368761
0.11430005414788343
0.13491075685928783
0.5629907018007236
0.06336217343112147
0.2419590623874578
0.11938469203955326
0.026308145971772636
0.4428350863496713
0.6740323369624998
0.15596320038980563
0.28361994867157153
0.013263017202146538
0.06647315888248484
0.13482346865963113
0.1908731471134264
0.8767263309558642
0.6791454652918458
0.0705205999004084
0.6375283732601147
0.027691837841866435
0.36258844878455887
0.018488055469131452
0.31747338101597133
0.09757836136731864
0.22004963602448546
0.012621080928148228
0.600558103292338
0.16019270599629445
0.395157462798555
0.39081379937156957
0.009456203877446683
0.07816237739685347
0.1959400266608875
0.008076667140349443
0.03992909615327931
0.05123537966852479
0.27774587345139035
0.7534174362069243
0.01968723181547701
0.026076778744217523
0.21671815080129953
0.4570409214037229
0.13976191164677468
0.08280646681515313
0.014896488515503379
0.04173272349312365
0.051787673999099046
0.5846223231366574
0.0839746336901472
0.09546643557280743
0.5750796581016833
0.11868263205735446
0.1053821596533657
0.015859959575222182
0.1782208320007293
0.47967033584877083
0.05152666848194678
0.324259521536412
0.17217565324895956
0.0404369412322906
0.23642536579856524
0.3200585555341172
0.0282030397474804
0.02971210169540464
0.12672577089442377
0.20233686767700645
0.11828430158453379
0.046544738318032304
0.2720698882546878
0.04696092524436538
0.2552643963668229
0.33401611843929335
0.44801922730364657
0.3739830611459801
0.08475600277283953
0.09898948833763349
0.030606102848733847
0.021297061081217067
0.7484678001006579
0.24026162865286566
0.026714415549674686
0.01068856159621353
0.1247022222224496
0.07838465590592446
0.31782263091313157
0.7706216242663779
0.214212632849544
0.7057187362527023
0.375617808559679
0.18822397808981098
0.33941367165799635
0.6082558769595672
0.5505797343332341
0.34388349230999327
0.23247789427263532
0.318192988412362
0.24175336281633486
0.12380664354790537
0.38700367472822494
0.1067128747894413
0.4330662257433616
0.03416794011250491
0.2943864496126255
0.21336104199925593
0.05256671139637753
0.08765474712103401
0.046661968425534786
0.4409581593539667
0.24267534707967564
0.04451543587242145
0.18199484846061592
0.014495247527686477
0.12652049353303288
0.09598937782305535
0.092141690543316
0.28680281754934117
0.28451970056514764
0.11703961035011062
0.014500601368146748
0.036875382392637934
0.6780853844117216
0.15668909482282511
0.2351602525571786
0.16475182356045265
0.0241730935754202
0.18017519559999956
0.0234883788394988
0.08486174634845534
0.13923429683052246
0.17855877841170686
0.16025689491680206
0.3923429323603117
0.30790585048227886
0.6138157081568923
0.8034743363915123
0.048893446804203954
0.0351408077768918
0.05886268437424688
0.10250047392018556
0.20431748697436122
0.4778757364217755
0.07600924544722361
0.028342747091933743
0.028880695718537068
0.02145581535980635
0.2958137378400921
0.0346777820996449
0.603039167791307
0.10103314874831537
0.23397956889284413
0.10177146701943618
0.18356682300526939
0.2650087794846568
0.5044808187941885
0.19456428448455418
0.7196008529521657
0.3412221928277636
0.9807753729552824
0.08543174159468711
0.010633034413413397
0.03608094407699309
0.43991899056912376
0.016774748998962974
0.10293197801207632
0.0993049814325037
0.7031341757946818
0.2372619626591931
0.3846007571254847
0.4128909441867356
0.39302723963572117
0.6538214059279346
0.39872338570897203
0.18557877864460176
0.052161420625516215
0.03135811195166156
0.025138695011906326
0.2431397781466089
0.3526964288366884
0.08371991011657734
0.17882149996382735
0.14121201942992184
0.013801477019055163
0.153678873155007
0.9493646401155775
0.0356422670744138
0.34082985077211125
0.19382710859902455
0.047313733417968865
0.15725516295789765
0.24437692530893748
0.05934261536120088
0.2047798831226421
0.2286919024895736
0.8320947595221627
0.00525722706815478
0.5529834565034655
0.39038198986373773
0.35247885969472054
0.29539338950386207
0.07881802503737428
0.19049717137105715
0.06103237676556918
0.08770155862090756
0.041213096358474685
0.11525384813160883
0.039253941210225976
0.03423075753385723
0.13934323361907353
0.048205247738370746
0.040041474420966186
