0.40621219566430666
0.06858185345838266
0.6752613683043892
0.619812632877011
0.6874611250038718
0.9716717081028017
0.5811449099280126
0.7525455999578916
0.4614585503847657
0.8025534691393191
0.8310319081670829
0.7993176368979856
0.9613151675103644
0.5452201645318582
0.6518587400337907
0.7053191198856964
0.7714122117463964
0.19600528723276922
0.9065351902642769
0.9880273869020568
0.7990456571799163
0.7279699743349981
0.8097251074855565
0.8573119341416955
0.8359573757432466
0.08197350086675581
0.48082349792012735
0.7023459319752331
0.10787635396756254
0.792606037454815
0.7084775020269116
0.8889328911955645
0.8995929105154046
0.9141478508739349
0.1417500566658565
0.515087983286297
0.8829786074770202
0.786790469170126
0.10415541711159612
0.3959421646036461
0.7310311976906146
0.17209725824128658
0.9948564692700328
0.7296934068258796
0.07407788298371833
0.12517937971968013
0.5189766021330483
0.7702644612258032
0.907747766830598
0.06111062569723631
0.30751088534703275
0.18878152595506442
0.9719928220127368
0.9017950613258933
0.6937650377966735
0.0922070193217927
0.578218003012916
0.9344050412208882
0.8088359558150822
0.7697337078846483
0.12796556005129386
0.8636420786994708
0.02690451900962228
0.040355652427062676
0.27569246848308926
0.8473867567647038
0.03796275935832759
0.9722264836278587
0.25276764717509764
0.818089212201912
0.7457612074775819
0.9155351877192921
0.6018039474217288
0.37205371520157016
0.058745121210219645
0.7889359866775494
0.9292160353749279
0.5557793711022454
0.7788548820969843
0.8766683353936593
0.8318194240944214
0.8853519845814347
0.5569807234139039
0.9411017959305996
0.10987778474047902
0.07439486375827181
0.09760408547317628
0.7990479150606076
0.8548017493540899
0.5866300897615762
0.8790897493529788
0.821108403170085
0.19031608327268212
0.10292173674681604
0.8840551518150503
0.9175261820265044
0.6584259032251654
0.740703073116515
0.730067283420244
0.875223169461046
0.042251266279589604
0.8524636007919925
0.9607160125275577
0.8582517185646177
0.13596858032329173
0.08353467582007859
0.5366659952503776
0.2200410075630843
0.8146276527179328
0.08099333742213494
0.8635697929463526
0.9218046932387456
0.3041420966946604
0.8975759425365941
0.11311755138668975
0.525264531770938
0.6345532130234555
0.4099866970009848
0.8763403472791941
0.2129399745345123
0.7164672060191135
0.6495256514801739
0.3453531677254063
0.7480189502917681
0.8551607504447022
0.8416790518989374
0.7048470404676896
0.8830607781943729
0.8855676900846317
0.9969574732187698
0.9071064696118234
0.09924578232839265
0.682341805265337
0.6938385889842515
0.9935725917510936
0.9788888170876304
0.8428826846643459
0.04674643924521793
0.9361208234141928
0.45465850318366396
0.8855769767431798
0.8173541832857634
0.08435827132763775
0.42854716543932925
0.8333204760815791
0.6678136154614394
0.03514718426731554
0.24539601675146927
0.9333442711992173
0.8986443922765637
0.4128908573278566
0.3008022102324954
0.08501286915227196
0.6555241282259237
0.6635489933856695
0.7491031434610995
0.8476277544184093
0.7383829775831307
0.32467682233798545
0.8321302200661027
0.08418286803482035
0.8330438190878349
0.6010858853780249
0.7162586360021466
0.7320735370132989
0.73039538798754
0.9273476004778785
0.39227266309343845
0.981152146470381
0.9382743289799814
0.3352806209168493
0.808448836012633
0.41589107886605703
0.06403452641452591
0.663143819078232
0.12107923305368487
0.8508883228062644
0.7514439561849935
0.8276823310634902
0.9928283535068848
0.26288661236132765
0.38526404495376254
0.7442707911912356
0.7730565209357811
0.8506723586609077
0.29294263955081157
0.24064856023944525
0.3441845719373034
0.9155553815814308
0.46779994937898317
0.7427422978597439
0.1431182761132969
0.7117292985769907
0.8676747360875786
0.9487298402597535
0.9062663271351974
0.7735555859650606
0.039381275582833504
0.508372246649434
0.6286384126477236
0.03489185699387387
0.8044824396534969
0.08422063464815274
0.12089127318109401
0.11262599083774699
0.2013057207514366
0.47957620713668236
0.11946242798036802
0.9541536238072708
0.7625660943229543
0.238907025864622
0.8588993799086283
0.6163078826873292
0.5159568530517171
0.6866184367322188
0.5589419289456968
0.9574352242811794
0.9565962353413593
0.5993492712122803
0.8199058675035827
0.6196203727332821
0.8628394676170016
0.2288294909922246
0.22114284842153625
0.9150515235217587
0.8188988981331795
0.8688478813221783
0.5027740688285698
0.6144406044234313
0.8923870818339916
0.9846202378137594
0.9308103875670544
0.9002190854410212
0.7270768597650082
0.9239201520570242
0.14969955761003867
0.312102582778792
0.9718624422752191
0.9298643674740825
0.8927680139917638
0.7345244943292066
0.762872636999215
0.06687321535886516
0.6449797268386412
0.8433361301885787
0.9120252081227874
0.8652752761302208
0.7731439735543193
0.8427611405938482
0.6988170231405983
0.6880782768663478
0.4732057173414473
0.036796623718985094
0.9276887762310904
0.7270648334969677
0.8437353156631591
0.4412357942150804
0.048781645412654874
0.7821305765626845
0.9303876018595079
0.15301422167998824
0.8040867067722544
0.7518967707999107
0.035610977393354996
0.8567602094373457
0.0446393600326163
0.37557653661911494
0.21666644595105308
0.218138660384329
0.5422521559157307
0.7852156040991396
0.7480364219770501
0.6007108735031961
0.8392503861024541
0.7215540471993247
0.1392609415725726
0.8556751162583864
0.9020397443445258
0.7892634410860409
0.09906652338223601
0.4135301600299516
0.4927881312312231
0.32759081550433766
0.9502252728186139
0.8801360030545948
0.7708683835580077
0.7689534665545851
0.5151661982489314
0.644780647491211
0.6439672028762191
0.3548458564684589
0.8686743214149167
0.6439162664559889
0.5785794568270461
0.29720990716913376
0.9632257851358343
0.36424421485140046
0.2555731897830748
0.9315506107732905
0.8663226179918165
0.06463682223317724
0.9310661811334908
0.8704029352886649
0.9586880310660871
0.1709593593980652
0.7353912368434254
0.8574986974825817
0.8798902542182696
0.9104063892498777
0.9745729010144659
0.5777594118367404
0.6804455369943416
0.7972230073899541
0.4994560587758442
0.9343722659116103
0.9126400082241645
0.8094172351867189
0.867599742034182
0.6091157430925646
0.8921812882004871
0.7126245693286557
0.8482578057747574
0.12640773198776745
0.8266731416910444
0.3776945281692564
0.7142698173471027
0.5582440908415901
0.18061479541034248
0.10702146127708398
0.864054309291938
0.1145200422524616
0.95029462663394
0.5693616136009745
0.77816722963451
0.2109532906820043
0.28060531429807545
0.11226811301265739
0.9820340004613102
0.9099219585610421
0.4260887555551292
0.09988581685845202
0.6429331192719929
0.9585926237981954
0.24184659008212658
0.9650698983118033
0.6403664509101765
0.3913302133078299
0.35817377506636033
0.11180815664008896
0.043945964543033
0.8621144831432059
0.6405423653564026
0.5664138992821566
0.736148708861181
0.7537767670526287
0.2166396085126629
0.9260732163220453
0.6807400359461381
0.699013921586393
0.8852417632998968
0.08959749255889173
0.3808944462404945
0.5493753611675087
0.14802252338033875
0.05502479530091594
0.16134086832345926
0.8409204751420044
0.2732437536596043
0.8503621927905965
0.9949097974524588
0.19597274231969022
0.6838890260294197
0.3704866192524817
0.4874260201128804
0.7266139588636438
0.09598124193291693
0.47296187091666
0.5751714089039832
0.9858350813261783
0.058440417378641876
0.7941014318399009
0.702627210901654
0.9719298465782307
0.0674757007767583
0.9194193228480504
0.7611286701798081
0.8394009920838119
0.8344148422378392
0.4526238166716564
0.06584684117023651
0.7592485260008119
0.7584738948706948
0.06206240519848682
0.06873300503965421
0.8486535389846108
0.08834033865587365
0.8785531861088829
0.9917118614288143
0.8110026360099958
0.4391435653490785
0.6007588703324998
0.6394093135652734
0.7037178534565238
0.9554725902752947
0.715776747730294
0.06850167049084249
0.9558564948717538
0.95343774637706
0.6569959762960677
0.9627008852415472
0.2792671285694921
0.8024022088458033
0.6439420457589992
0.969992565806704
0.9484027972722316
0.4415557823061913
0.8288738868570001
0.31326129617197906
0.10580657803646565
0.9141420228849764
0.16725152222775136
0.8170736623575479
0.2804123402792586
0.9440998307095985
0.6826543643118329
0.13227151746871504
0.7876287320317918
0.13232675249204034
0.42188968127536286
0.8472418044020199
0.740007256445697
0.5899067089901324
0.2966891848698334
0.7953479144535678
0.4817086922050279
0.9140243383067037
0.4275724238175476
0.2700336677054441
0.8643486354533589
0.9923126232086592
0.5287011380287027
0.6205857257625415
0.9100799864304268
0.9839937740018818
0.51574203627377
0.9391028143037188
0.01955962005211065
0.7406783988786317
0.7149626655541235
0.9179311870741209
0.8070238580926896
0.7831769071493011
0.8715792723083287
0.8426575007403161
0.8365619250347494
0.30628411637433794
0.037107030198168016
0.39380711585764894
0.8140158707915982
0.8866843287043498
0.16971432385790353
0.7313016033373227
0.0777133518783421
0.7448035741746465
0.9002632358962235
0.867823845599629
0.48848699161927245
0.8543783012781739
0.6131452545700171
0.8423189315429724
0.9312579526242792
0.5543204037716136
0.2295090561790012
0.8898103867737706
0.7576078219334867
0.8641046550621423
0.7290465033325401
0.9673533935194484
0.8657562668202967
0.8047011420700777
0.5146833603662602
0.8222258614170389
0.0645686683972149
0.8961174592007746
0.9028853029956846
0.9022611747554262
0.44445533695124406
0.4313207948047559
0.8927752469072001
0.03421205250550098
0.10063862045332517
0.831721480279513
0.2206443385984888
0.7953739196399898
0.8111180705445197
0.8325028266265728
0.6573251074432144
0.3349436301967361
0.039834404068889
0.04162647034327091
0.9598432432079163
0.14795189324717506
0.47778793565711813
0.978875105641106
0.6789320218988291
0.9023998439366854
0.11486015281417077
0.8278822339548567
0.3284601807344887
0.5797864236455194
0.9574365822752882
0.8540019054649328
0.2957734818876613
0.7930883195490499
0.2332707451433193
0.7170404270418964
0.8601622848416376
0.7373586522640828
0.6022697685105157
0.8536475945328668
0.14580991358640882
0.1454671955207097
0.9164341529578027
0.2358997279824414
0.9533065743653246
0.17821347358364592
0.9759929723081182
0.06170856082086688
0.07530053529990254
0.8400879090359532
0.8094636830071066
0.8972016941508354
0.5135051728910139
0.9719719692394938
0.15789019771150703
0.8340917830373982
0.776271355269621
0.6496328089654773
0.8841276773281972
0.3430548236038726
0.8581482581454296
0.7137304953927294
0.7095660201737213
0.9956084898557763
0.7882944668456238
0.971918475352967
0.7947278612880122
0.6374031615528725
0.9005235866303486
0.9554935132692425
0.17550022991443787
0.33383645147415414
0.7483957919025352
0.7356195203307175
0.7442350608938346
0.5069755078852812
0.3332815538211398
0.051772284718103495
0.9504793137050951
0.792958635301054
0.7796093013981442
0.7790286074894964
0.2612697408725245
0.918492387358312
0.7102567452288345
0.4164687717822001
0.0798862013410685
0.654910089150398
0.888566037378657
0.7204621898979574
0.9969386725976519
0.9019558082420075
0.8077072503313592
0.2073864183344794
0.5902256661145834
0.9854143684672554
0.04287924454765589
0.7088929130029094
0.9686256225530848
0.7434410289270303
0.09202400852942438
0.6219651695400048
0.8526561788768827
0.24344750158436299
0.21667361122977608
0.973766423187947
0.4883154874980158
0.5328004034851167
0.8932108895185786
0.19578947590918047
0.9323013415299384
0.07888558886936305
0.9688572317483995
0.9838748268785464
0.7405169009925509
0.7796976849954255
0.7655046218378136
0.37173413896292407
0.03680086729774519
0.7406866262084368
0.9962042284721551
0.5097470802789484
0.2087264031156219
0.8194124963833442
0.7380800878480243
0.8240138479029083
0.9478459779971726
0.3227410212686172
0.8246323333493322
0.33638188115377154
0.8815535285992568
0.6754802385126508
0.1623462085328402
0.7408214037859883
0.5230582796264935
0.09787098801839804
0.7888694617814191
0.6175704620600967
0.5774506239885161
0.8866401982288755
0.942240754328932
0.981029048805196
0.49351086981896863
0.7611732228100905
0.08297106337629268
0.07841969844647258
0.8443544321543459
0.8396025664823082
0.9295125373412727
0.8302165799340722
0.44025756722792897
0.09089868955313155
0.5537547554077104
0.18679842136635716
0.7602866438536265
0.9524183967377908
0.8112146602377766
0.04261727231860199
0.7526829719820778
0.9023403696612633
0.7202589921442282
0.10134477851730803
0.996034525074232
0.3223083849589733
0.5340115396940457
0.3762307710992093
0.10952769401284349
0.1374860781924507
0.5381064896691775
0.20363708876021205
0.8023724541283286
0.9696785804916213
0.9567602030142409
0.992277559445004
0.9082989656296954
0.7268711530963043
0.655668277158775
0.7166553915930829
0.23889165782696475
0.9345595879966817
0.0491198917845295
0.784379613762358
0.9391749512851533
0.37752251178094853
0.8859524908465835
0.926309109587036
0.8480610462725471
0.8003629374017616
0.14196257383788127
0.7391207385967612
0.05380523945229769
0.5895614059052947
0.5664676526824298
0.8460074071784008
0.10365012569605848
0.9073920143092304
0.5878197374318912
0.10700795070210736
0.8095771305980377
0.9372346252321159
0.8780126048041383
0.10850465510505147
0.1995388752394051
0.041656453965300204
0.06856166687453635
0.18520616133745973
0.5313752349492382
0.8165702634084424
0.9819636588733525
0.839722057390235
0.7919660661841906
0.1492278658330752
0.9754339253590634
0.7917852285942704
0.8183937405211068
0.34526055132690875
0.7836366803682844
0.3877623856690366
0.8376802547917058
0.9694205186138273
0.20087620279298776
0.9099521422406134
0.672938016765527
0.4650782047481442
0.8160531530832132
0.8923823553326146
0.5371620988179028
0.625090119812938
0.8292175654899275
0.9144197664220213
0.4700772334039347
0.9183056225361124
0.8192143861373244
0.9297181694223144
0.5782504620432841
0.0910028910955373
0.9426243229126885
0.8925608269053336
0.9639287078650943
0.08564745483607179
0.13216341540026028
0.6457321943963796
0.1496356301583469
0.815881290422036
0.16506803462077885
0.9041069419344046
0.05268780912768534
0.8590549958611418
0.5950685729421664
0.6616809579715298
0.11402245609730538
0.9294919996603688
0.7366436679159425
0.5873687624172521
0.8297359571245736
0.7413799297752791
0.9819544213727146
0.4696355501694963
0.6037945490396177
0.40435222393680437
0.9872362315713539
0.9110100487681385
0.1270146250855579
0.05402195696103044
0.8932909007544254
0.651295615543205
0.987506513306595
0.913212454542194
0.5139443456707362
0.8537080783127762
0.9492865645497068
0.4610098298410874
0.43064343822149315
0.9600022205853256
0.08502991564318058
0.7729601660017635
0.5159809113146072
0.08125445234395759
0.11953781714268441
0.6021510572692529
0.882589945587885
0.9276820404316042
0.33409054825813334
0.1702160677276695
0.6640307913404851
0.5213643901359086
0.10997996825121306
0.8605988975730936
0.1980397189053142
0.9308223319934665
0.1104014480974102
0.6440032985764035
0.9348369242735163
0.8314107075676347
0.9017412079448401
0.04482046917120687
0.6472088486131877
0.0590700522471163
0.7865561075664866
0.9331310795844476
0.05342198050147558
0.6796066551936193
0.7690693475979156
0.675248883287896
0.6788466348983718
0.5463102920773018
0.6632367279998761
0.9047907793698282
0.045647094012728984
0.23592051469998626
0.06601169290850395
0.8237797888369459
0.8386056790060622
0.8914616404085234
0.525154448245114
0.6084657743273122
0.9257136646158974
0.032819188173052766
0.6606009483326917
0.8904832985433968
0.8564733888081606
0.8525638810139387
0.7935435761745171
0.04023324655006212
0.09908727037657561
0.2732376378845537
0.8107002098863538
0.5317387255869435
0.8362268873554783
0.6613697452458919
0.9471436690683899
0.16721952619206248
0.3285857000420781
0.04732064426112506
0.9452278551213193
0.7910643581345422
0.9647480155284318
0.15530769814341755
0.09765178883765102
0.15036611160861293
0.5961344587845906
0.09047760274862837
0.3431971487423323
0.33124280316988175
0.2747651438337005
0.9003638904215425
0.7406985525171259
0.44129302253817204
0.8021862224126796
0.9634465401655579
0.7231753712752046
0.8095524471653042
0.609966177284893
0.058520161098517334
0.5240125465049927
0.3515077535702727
0.9606027258205814
0.900778857418024
0.5031720491654917
0.8067125757392806
0.8335464233288299
0.823525420163396
0.9060392614727912
0.6288114478258546
0.566379368462356
0.5856927146752791
0.036478114339565326
0.5993743699047283
0.7431378622839079
0.24008972850274726
0.05816521116825556
0.17384953279233842
0.10809148830882848
0.0608921304207842
0.6646720346307786
0.6328274950969714
0.033886101109921504
0.0627082609238312
0.9244293693466661
0.47944307083940907
0.7407425777395181
0.8787521053085197
0.12359110659014462
0.9665336748196879
0.8479689458204401
0.884289920156572
0.24565911326434303
0.9824273110469068
0.8013331015430184
0.9621882543155581
0.9383176103476931
0.26822867688512464
0.8160658005081165
0.433762601676478
0.6297522150376837
0.11712242360122754
0.6353226877639847
0.8752453792548203
0.9560755271873218
0.6049771102377095
0.8057686429843297
0.38398910552643417
0.06217398964175029
0.7780399664645536
0.8798551006115408
0.8618802935356451
0.028477731887938194
0.7872715709619815
0.8356475652843647
0.04749484953891542
0.9301914457922573
0.5715039192607103
0.7487955512975291
0.7686183742626397
0.6712808592166148
0.06999047224758069
0.5228894819531636
0.8040324698455192
0.6462437404471053
0.09096554293525531
0.6608137573198049
0.12923046299790772
0.8289084680081571
0.047513326740635825
0.6722415351719302
0.19444489189601477
0.1667187865116196
0.9199313701865445
0.9697287651095152
0.8425838817386962
0.7894384865754374
0.5895312549002039
0.7071195180196399
0.8790001942611362
0.573881929430336
0.7752707917884224
0.8823737266272265
0.9593257621367584
0.03772025314590443
0.7585453188029883
0.7525578534884744
0.9643656325439537
0.302286449562033
0.8967859641227403
0.6786994891322051
0.5568092784312535
0.9396842231803492
0.6134014157948917
0.8172951922285843
0.9545027530335517
0.5558526181186095
0.9332766684567928
0.8801402228826958
0.9029499962391139
0.7530680666370921
0.7946122580118558
0.9423268115192848
0.766332709346998
0.1531653256930075
0.47512892338030643
0.3545967288533756
0.6918386845400784
0.8091330398843175
0.9193830207925351
0.8027174191158495
0.20134757493782057
0.7814254841335873
0.10582025949356486
0.7230383542853702
0.33803336972937464
0.04118188785269219
0.9118897989702224
0.9606889287864
0.03187577849283395
0.9602146668987505
0.3849010214888251
0.7026868455399841
0.027652804021061288
0.5931934859368652
0.7883944556711032
0.4962231457147672
0.69348031539696
0.9568017641784298
0.6264074413789823
0.7419475403474473
0.735302883920077
0.47833515284060435
0.9300838068140758
0.7170542719392756
0.43384895421364855
0.8351572350819942
0.9832083467916588
0.8329475756139086
0.09573686801322563
0.7969484696973241
0.6457345830267962
0.9315137284619268
0.9734658535518461
0.6986546886251116
0.7121220899219358
0.2865069730709125
0.14618357782588265
0.4554875600016416
0.7169531946375738
0.8680814632288684
0.1396160870765661
0.6394337950931982
0.629032401863479
0.8215627540230641
0.7020892776140897
0.8033022656575406
0.708122033103584
0.992212668667249
0.9565425709837374
0.6494589532467328
0.8410567303945664
0.4206211764761894
0.8160075423472339
0.7243882914058197
0.8042780872373564
