0.8778166249958368
0.9427214221481235
0.8147033202478575
0.2089722121798827
0.9218096565219468
0.9030602125724856
0.9387169129971387
0.11821474373282906
0.9418111952992281
0.11904110442291821
0.9118959468513519
0.6591945478126133
0.6971686953040626
0.8505815035306535
0.24798008647360442
0.9756684786410551
0.8933468894292244
0.7745349585575343
0.9369452937125329
0.8987597295586454
0.9950820704593594
0.8068938728470343
0.7579681229101192
0.9447584090954927
0.12512988017720958
0.13345119682815676
0.9649182012592643
0.7780788849576585
0.6545911167983859
0.24693009007250272
0.6868196317639503
0.8613591597770943
0.7607127604525352
0.29206744721399425
0.7385740846606228
0.6665373851380865
0.9587236817161031
0.831468306060271
0.20871134517768433
0.6005392608797899
0.9386144842705073
0.8675414052432718
0.9943390005294017
0.8757544068322478
0.2569410706274153
0.16354227451358896
0.7248808786387104
0.5158692173520044
0.7839539470661504
0.5909232814149203
0.9117566275182184
0.8248933314943474
0.934888389892532
0.645548461613977
0.7402101099175205
0.9456323586846282
0.9393734858384252
0.9784388856212631
0.21312281952179796
0.8435635304864888
0.8622037322651717
0.9483415504999823
0.9387259560356026
0.7671284827867754
0.7795052807417716
0.9499370252431203
0.8017601446486613
0.8147381128281008
0.3685917098165749
0.6171940012580166
0.882343878109154
0.12357199704120145
0.9926038608911982
0.8862332817688946
0.14669000917431851
0.8199156561335855
0.6206750933005006
0.8173405550527619
0.9320492730263543
0.9474387315632561
0.9598323961527382
0.9200231673881991
0.8563037697885503
0.8376930990717854
0.8908922190095434
0.9855141236006792
0.2848776206566187
0.9899515705754813
0.8917719731308114
0.6954574721585086
0.9093558193185431
0.9988881974695152
0.6766284985316311
0.9831910105206633
0.8722002251427297
0.9653515775848167
0.7650244343790269
0.11610119100712218
0.8044489234456355
0.92608372405437
0.8072393918488984
0.6367103067125618
0.06611347502454959
0.8147489556383083
0.8335374088768366
0.8965493443117454
0.9958981841004035
0.9356169911419168
0.7088896589279837
0.10887887815808556
0.8583280520738495
0.9668438496363143
0.941091413775602
0.8992863495471661
0.8471155987542741
0.050164385908418985
0.03834074316043573
0.9401636844889792
0.7564938162528163
0.8401373091787994
0.7584641267315284
0.7871491502881769
0.9821518935554145
0.9354773889197123
0.6359919510479605
0.5634240861014352
0.5425617819015802
0.9505813631720033
0.8487584306774147
0.8164326060541945
0.7889734897850631
0.9736129468231391
0.8281795190795377
0.9969763108045251
0.8989171924306906
0.09037186690028892
0.9398357130742796
0.6926238364809086
0.855696590609544
0.16306404011199038
0.9865296238174863
0.4859626142906816
0.8353401161593038
0.9021108446693998
0.05308843053037649
0.7193224365238715
0.5790257674177277
0.9830951032203087
0.8522182204360638
0.0494290777737192
0.7292045947297694
0.9455523101941018
0.6159579613116658
0.8393693674004822
0.9921536639008735
0.9691414879568268
0.7533062997169993
0.9167289697244024
0.0869416117146807
0.08241442538911814
0.9620466875511187
0.9081097442595347
0.9724221005309261
0.8272974167079612
0.8894635479519679
0.9513987494287987
0.4084769398637863
0.719118574263387
0.8097359093844102
0.2772758756836978
0.9701199936213811
0.9325202334612315
0.8046360604645213
0.8852149031167313
0.8793227286620018
0.9735106881914253
0.9364784610694151
0.4229687968249038
0.8849634685865546
0.9615484617866129
0.9994897432615669
0.9532572831336767
0.8435109171921265
0.42899819100303194
0.8185322592723294
0.8802535931388025
0.8882556100086139
0.9660607937784569
0.4184071521196791
0.8584461058733505
0.7548295040694746
0.7617461304252042
0.971173228421599
0.796986110422622
0.49077677136532116
0.6919309910517841
0.6706942618790535
0.2918874786727197
0.41006132162131204
0.8125151979378519
0.8814375839486366
0.8846162884143154
0.7746382083237768
0.930147703789702
0.9032615588241829
0.9941398801744203
0.9757383939752302
0.8899766179565417
0.9770064954702447
0.7961269313797454
0.051961725038042424
0.13690518823616815
0.8526494814238443
0.9483865441280859
0.9071723724907654
0.8271942765104042
0.9308371632279826
0.9032099821485704
0.7693305733428846
0.97524813654493
0.9387611192911298
0.879772568584154
0.7568050398626813
0.9657028634143014
0.3566403035666801
0.7290303763136889
0.7257816177492411
0.9958639929219681
0.9817317954800184
0.7459557138173482
0.9714363204062091
0.9825482822084068
0.3358312920949735
0.1354449777326926
0.9396934148291495
0.18883748115077115
0.9262655478734905
0.995667680893412
0.6670169337195709
0.9324909057034216
0.6524050144732189
0.7855846022031696
0.9301311880749292
0.24004073652093338
0.6565721587970574
0.9999087513952363
0.7836509999673509
0.9237964503798446
0.9945547618930334
0.7533739495019776
0.9661735452208273
0.9542674023543295
0.8537845935521278
0.9769555696807173
0.9585252513413982
0.8151283264346787
0.3304351026242732
0.6633255891136496
0.8749487890589999
0.10649086651920903
0.4474576744041473
0.42639654788705483
0.7423554760354628
0.9296785127502858
0.34185460663782896
0.9617871291036705
0.8038672721414368
0.8940923585386622
0.8631841529113711
0.9116417329805591
0.8283791770874298
0.05767126515583605
0.5729655280435628
0.8138439925104828
0.9684226725453062
0.9127926985434993
0.850771806610318
0.11967461022883738
0.8584502758388548
0.14766849696894938
0.9516025842852436
0.03826411576641414
0.6684224886155221
0.8574800768700073
0.8858799360172532
0.9772861302765059
0.05562533942309001
0.9598400258159172
0.41846094311329085
0.76759537934319
0.9238801767129796
0.7045458437992023
0.7532620012613276
0.21324205692668502
0.8011427340923636
0.8784190936147884
0.7326204468215369
0.822178880122686
0.7658538562664617
0.8390069669732316
0.23326082330274447
0.7929157977111021
0.12199569311219657
0.9137020748173419
0.1719199397695091
0.8070391755812576
0.8310436562854978
0.988545416087464
0.9011891443989446
0.8986713447117589
0.05429928032789781
0.1779407556246474
0.7113967183634582
0.8866160544156745
0.8241015277310801
0.8312616063081621
0.06786939135519245
0.9809985213559012
0.9149742635691882
0.8973118761413774
0.7060372440494358
0.9822547186846271
0.9771079846398214
0.8171221026801752
0.23638497274366035
0.8721772188689777
0.7247078455110789
0.7712970307445768
0.30289106445162034
0.8082149073520327
0.9809865560245563
0.7573024228396186
0.8418241319147515
0.8509293746934641
0.1415360430849678
0.7150940958025709
0.9573224652109921
0.16598915799524488
0.19273003896654564
0.8542549364611896
0.06781977521393151
0.828748594118552
0.8283704957953706
0.9205442267655355
0.3270423881214342
0.13232620735592257
0.978194143034293
0.777527337269786
0.15431892842430897
0.7056097625731375
0.30299510877725544
0.8878347253216377
0.7267346228563236
0.1248040462007149
0.2916929219503368
0.08971601745319994
0.9265634071551583
0.7111135016483618
0.9295631282958431
0.8874810401431079
0.039506776499170504
0.9234772366111925
0.9290060899082004
0.6211308604599421
0.7409670440890991
0.058491379846605726
0.1371097910624968
0.14054210600021297
0.7229499123347304
0.9898547643345008
0.9733651945156991
0.9276929691151496
0.250480593246177
0.9205361191846082
0.8164841378603145
0.6471151867769249
0.6263282685078531
0.6548903815427356
0.5479614546147884
0.9556235680657754
0.7877911581747753
0.8638536204869947
0.10452956450979754
0.9951513219395145
0.13855272110694794
0.267238740748585
0.07367975321423287
0.5864938306278195
0.987289179335711
0.12392420569575366
0.7254365183336167
0.7056590730213226
0.22306796507370136
0.8451611749808563
0.653012695357432
0.66678574623594
0.6588741481267527
0.4145797159863399
0.5970500997941577
0.9938847476374852
0.05439443776080737
0.8960468544290843
0.9949831296700073
0.8981695467766344
0.981027532305409
0.8467021125626277
0.8944022241510432
0.49918150574402675
0.5568640979065818
0.9520564725697378
0.9778006120028087
0.6526280939541549
0.30640758263577567
0.9936081445332453
0.9311051961695944
0.8128746421263716
0.9953575999819348
0.14300987100614201
0.811286156222585
0.12631015005606072
0.8074071236064542
0.7409876168338299
0.03374750214240381
0.34091036875276237
0.868724684960706
0.9946086308711864
0.936348356271656
0.9307260232309285
0.7565369100411061
0.7900329745473861
0.9167021066782803
0.7963908613660952
0.449056306065875
0.789817167184837
0.05261928199709705
0.834562815002861
0.9683547143623196
0.9634374353328974
0.059489981453498195
0.9782458094184889
0.8579967058247873
0.9892196126045543
0.9503617773951811
0.7648525660800443
0.9666433767769271
0.13392020732305232
0.9557115476618363
0.8752566053502795
0.3604274197371676
0.843103716662188
0.7291440315299009
0.8323704969862274
0.23826508297509139
0.6338299823116339
0.8620518226998698
0.9395987800122931
0.8399997192324287
0.9211469234596938
0.08603932556252845
0.12231471840040055
0.9621004071806551
0.8967420015943584
0.6756567561320664
0.953358026383128
0.3750336465178579
0.4025016617443148
0.12245126734549205
0.8718608520878364
0.8984706085320814
0.0868838275438064
0.6971359971717909
0.8325428472095119
0.3226591021960486
0.5579029337831414
0.6869991365272636
0.9146761315388833
0.9172226293656442
0.10746686422383116
0.18431743487266594
0.8548957363865244
0.937989577858052
0.6372410897048554
0.8332702808793955
0.9727756001362777
0.260663288940703
0.9133282928181197
0.12856835705694775
0.954342763900601
0.5920558446264289
0.5582947063230334
0.9921800540943948
0.9164200223905838
0.03933527397540463
0.8884755339523235
0.7638671555277381
0.9330588331403018
0.9077509269620984
0.9303576606301482
0.9032676736187928
0.8562058561730408
0.7429036202478513
0.35588971177201706
0.9250855717770283
0.5742804005818747
0.930313472722442
0.9112975874717397
0.9506502190571626
0.958700867916912
0.9814604891049823
0.8876906034410466
0.10579730859306077
0.7900256682051485
0.6043412005471703
0.9974850154305195
0.9747029876834867
0.137248643921947
0.09220602214837705
0.9329776051733052
0.9479111520140762
0.9472756278879
0.9296491579080255
0.12758836798908826
0.8806934290711703
0.8505439718070253
0.8532547600187551
0.8736096264338767
0.9500783409935982
0.32863460310509973
0.6845032263721472
0.8825963372390742
0.06142762190503221
0.9388144856982572
0.175409016347564
0.9429506707325288
0.9949851685552682
0.9189682269258972
0.9565630243156746
0.24933039199650336
0.9558732252776558
0.6312892823952165
0.8517073106413542
0.9222794318294671
0.8968784411960563
0.9573678390419927
0.7272349724892531
0.9558244725151976
0.31148897829227795
0.44836597823731716
0.970991719950627
0.9948023377059105
0.8570028103860928
0.9949932578567542
0.9264780875184637
0.8861959505888701
0.845291151524125
0.7993192576896354
0.8536230268059084
0.35235996495108635
0.03269114943207346
0.9928364623519756
0.9524757030502631
0.8288663255026831
0.8252394185766143
0.7391038230240283
0.7386062940619716
0.3841237363724316
0.7989507152679884
0.8992786974150011
0.9961422693271937
0.9862266013579083
0.9363618935129122
0.7765497140902605
0.1759553271898444
0.3251372317551513
0.9752993995507688
0.9081033074053048
0.09887182245344292
0.8123089439606416
0.2578000799882005
0.8732573212260537
0.1619854308011443
0.8966385774444554
0.878329994111245
0.8102942169567514
0.8137186667974147
0.7515145826824796
0.8835503895596716
0.47822690655385985
0.046236934185781606
0.9617059713255177
0.9538768715200059
0.7135349780350642
0.40674543599156027
0.7713178837203891
0.911205101507487
0.8858662427359385
0.49156285706861325
0.9296828981789671
0.9918553339088263
0.9578078660677432
0.8438305583813445
0.060352901859497245
0.9440192574947128
0.9251699006690637
0.7575683104717444
0.9196549509737508
0.6819663109572294
0.996560188061925
0.9765771038877882
0.994415062224362
0.9682707907557144
0.9682698479971538
0.9502714817446052
0.9977493515859004
0.09429658504044452
0.18038426028001353
0.941774829423687
0.8718273054287895
0.8866324709102196
0.07335053589813205
0.7710277122677615
0.9617884790609469
0.7256497454332844
0.10215855940488805
0.08364487826653526
0.9111658965086904
0.9773812447750521
0.8666785262557911
0.7914847858668077
0.7379793944017213
0.7539668896831226
0.7784150600995172
0.9487236849594693
0.9027428010308527
0.7477450258380458
0.6293353736519154
0.9814714488868019
0.6939586543891785
0.8409450908459712
0.993162216616363
0.9463958295202638
0.8828747736816142
0.8463395410161616
0.8176277194749642
0.8567957866439158
0.8413616353717062
0.2211840027127445
0.8474417115305335
0.7716244410409627
0.21859542768114204
0.8499631522733191
0.6898173320260949
0.8664515946601463
0.7893807651141144
0.772314793133221
0.8809402065929256
0.7574250315586206
0.9081754814951519
0.9105851095304457
0.9923189867836197
0.9318153795752167
0.9243913056497046
0.9691059344596533
0.6524594957429776
0.9568268005325024
0.7674078625497567
0.8529567758972598
0.9256398488971465
0.7201292277925028
0.7751750722854183
0.23249735724317402
0.930368626798582
0.9538791019214923
0.9889514347633241
0.5177391856052553
0.25149424006440807
0.7889376676668582
0.9120555085261263
0.8921173503473576
0.7562020174752767
0.7063204403511971
0.9689741985871223
0.8626806164723335
0.09118286779208587
0.5708483450341431
0.9887935348396938
0.1876441707785863
0.1852453677517256
0.13663878264944374
0.9799775929130712
0.9289687379437523
0.940440597755811
0.08012120093611055
0.9632908557139057
0.8058929186196986
0.7727546004573438
0.9416281219209529
0.6251526082669235
0.05538061821246336
0.6980002598431672
0.9654148374672515
0.9092547866341538
0.988598273169448
0.9792992858892449
0.8523422137780501
0.9259776178279491
0.9070089738438882
0.9719992244982505
0.9780835537977942
0.9383669553682623
0.9541056845209921
0.8920426077734818
0.8946420966112011
0.9048960853651675
0.9089718193780951
0.06760355041545851
0.9476385671956196
0.9327356567003848
0.8155447835044847
0.11789126234867774
0.6932969836637741
0.923143269037606
0.715885874339222
0.8963853969053831
0.9950332607088228
0.9810114038790347
0.8915240438372143
0.8601038804825749
0.9001176626267477
0.08697578471931786
0.7003956219773705
0.8304910617799832
0.6700734052016466
0.9109482575124521
0.9287959208075054
0.5017932735248796
0.08419897461618361
0.8448953533609977
0.7915466809835596
0.7253328341127576
0.8917328986491594
0.29604388917567315
0.9223141591173796
0.7683117332696483
0.761488403100081
0.06805895189151835
0.7181812040490644
0.9515101254494172
0.570553830379045
0.3676442703034092
0.06986057181792696
0.7145026066874341
0.8663962242842167
0.9600947281689611
0.8057005730082494
0.9796561116180691
0.9326152691786704
0.9711836560692761
0.6387320947704354
0.8510672219886884
0.14249812739611337
0.8525489546587399
0.3328867022359691
0.9569013018576332
0.9666669119264062
0.9593183295124159
0.9358841749552982
0.9418609145067531
0.17819128007317842
0.8080613144794685
0.9058588671473009
0.8157140804018266
0.7717124592460738
0.9277300857047704
0.8688912183980917
0.7382587222081918
0.7223412046441389
0.802755540603007
0.7459846651617617
0.9716844631817227
0.2841925463228396
0.8756594267230473
0.8235262631235686
0.6824502659174236
0.821072946729569
0.8912667525418922
0.6991827648335882
0.28485898130682125
0.30114664067812646
0.6523632563506545
0.6403926016942676
0.9552043557650234
0.9987954314345846
0.09002439391257272
0.10005641333956405
0.9570598909943696
0.9708271895200868
0.9525633580707722
0.8629894369070898
0.9383333110168561
0.7379370350266452
0.9087229811212647
0.9534036820241636
0.9710829761960174
0.988168129070474
0.9196786661437718
0.04283649442516846
0.9098985862157994
0.224132814659624
0.0684370315968643
0.2953410888441376
0.9035134973160319
0.9950827481631523
0.7829789439657048
0.1521425441690097
0.8138494172012567
0.5956181871051022
0.8050405070019195
0.6926584352028208
0.6170592670118397
0.6752062321889933
0.6944790106018578
0.3931783843312048
0.10375619910460993
0.6117008683570373
0.9114770111467335
0.16362116974497337
0.9487068264267429
0.8976508548777998
0.9468821110324014
0.17363554934528916
0.9779115819338429
0.10552793226543486
0.7394551774830677
0.22688439009686057
0.832805880837024
0.22522120522126654
0.6263067449696786
0.8849443453972292
0.19828692398997566
0.8858281855211965
0.12952200165215966
0.8297605821999582
0.31848138993596226
0.47109795445712177
0.999995780409843
0.8114120817169975
0.9225654696517602
0.9208420407319526
0.28698926237178396
0.977182410994758
0.7843634419176817
0.7310005743286672
0.10812429724413372
0.8542231073841955
0.9203361677530857
0.20598552884831947
0.15909572870226268
0.8828092585230158
0.89703266667133
0.9339545859619645
0.04612392557163422
0.8284004837026077
0.8138191294510821
0.9989631974755684
0.06296145400753494
0.8524523177520988
0.08490709857289831
0.9830712189831337
0.9837979748419279
0.8222484105380317
0.7708767933923586
0.33344847885270856
0.22904949337191838
0.5980194522912069
0.7899825712684967
0.747249527894039
0.9514443477701046
0.5629292885466218
0.799051547667202
0.11456581705787827
0.145410995161587
0.5643738730325268
0.7287853241255801
0.5514846412023857
0.8630631235651748
0.724479927650177
0.719692364329969
0.123652357452884
0.6804021051593251
0.8844529144285385
0.9124000357218738
0.41966126351831834
0.9774683791093128
0.8249528600089474
0.06611480486203146
0.8521640342690868
0.7907506962711217
0.8968311364685781
0.9064240157552044
0.7169759821723365
0.056187177172106605
0.9693018072421693
0.9949269853660327
0.958180943280629
0.8963424839255709
0.6950580147750236
0.9794488281696239
0.8761483908858839
0.2760714807769784
0.45805168288528486
0.9072280631009837
0.08869768938777943
0.6809065300459466
0.9707880370229217
0.8617616209177923
0.8122963464784635
0.9333620756397769
0.48156961074347543
0.7872675455412019
0.9305269614954689
0.30250907839498464
0.8070531601075068
0.30883611012160056
0.943222117745643
0.7879498809614829
0.9751666453472909
0.5912804698766038
0.3053880453120723
0.7786167052597308
0.9470745759222954
0.9142124601491384
0.6117185123689562
0.9395630113427407
0.08834342901189057
0.30191166761756333
0.7870541264687838
0.07483383568768814
0.5009036331373381
0.29415085777210503
0.27664274857242976
0.8729864747470437
0.9618732174178266
0.3000858728982507
0.6522739840494676
0.987970938113087
0.8527699222714816
0.20206924335024848
0.9767736989283238
0.12897981362239164
0.7648871560504431
0.9420514653263959
0.48899664562094936
0.25149537592176147
0.7754990894251954
0.9184129612969787
0.07528701957447925
0.9195326890361464
0.9408025800419266
0.050036696818475494
0.941369232951083
0.255741761325034
0.11268242984985202
0.8698548281185374
0.1995362962706469
0.9203249149741554
0.9439443135892873
0.9554092286413648
0.9980230753541004
0.8753900158274615
0.7839029305364928
0.2293836708659269
0.9774667816153972
0.909191529450492
0.9032465072787359
0.6878108197317245
0.07791044512200664
0.15789549198082653
0.5703862287966878
0.97476069163115
0.9934298417603361
0.5875808754114449
0.8864895603291238
0.9951525106180064
0.8002941932410682
0.8530748966964556
0.8839131062228452
0.9109400850126521
0.8053095323002217
0.8790780102567737
0.8680101131263414
0.9713881649981615
0.9570123769641525
0.9846829660763219
0.5824856068942023
0.13591681402123162
0.8783180990314396
0.7596712714033269
0.9125237792986451
0.7938719211561435
