0.37252189391743973
0.03513476460663447
0.07670206128076848
0.08350082118928426
0.5577688663416113
0.040646960957956724
0.6066314692567727
0.632538500201913
0.31319214294753206
0.4766937738066838
0.7498224072801134
0.3598821276419488
0.7581613316237323
0.7114936609080997
0.27998572804970634
0.5465276282522051
0.3478719774793276
0.047916332243539334
0.5552579557356182
0.8276357538993611
0.4065414179082456
0.10785861558891548
0.03437629290393681
0.5994858609982299
0.16906176038684495
0.5792265799155618
0.038148556263592426
0.06936556635558898
0.3535067710427252
0.7562557234740278
0.025233168672842095
0.8868869324505524
0.1339564521853751
0.22850581264594316
0.8900760799937506
0.04428134207461872
0.19884984086464796
0.07792847973218962
0.7455380599383375
0.5500764661597797
0.05922673144006054
0.5337678676312652
0.21750478411333102
0.2986249664116252
0.3972918351062078
0.9579198661103334
0.48996942902661167
0.025918070834953608
0.457460993290543
0.47305070706309615
0.8691915927735101
0.7509921989209276
0.6906578979144153
0.01572848087853336
0.11320783293793091
0.6105698667305021
0.37452215009280226
0.537797184824728
0.6690860914438626
0.49638581999055076
0.049920291064117314
0.29782648414790747
0.33415072016449776
0.5094080315289803
0.03830569515107356
0.9840353404622153
0.18971971379110597
0.027364963138794683
0.08243974118828179
0.047437290002353485
0.4521277629818646
0.8767876402291859
0.7248241868442802
0.5188267325389799
0.33469229016998525
0.03338249790755312
0.47966808213032336
0.07810879807700297
0.7816704070380309
0.7438860921430959
0.7198497523210761
0.0779607372895668
0.5610454488331684
0.14258293361928703
0.4817932509603561
0.13163222379639963
0.6217883729353972
0.17320563996449118
0.6820020101080448
0.3251390831384119
0.39173807926114323
0.9631116345485775
0.37899379797341115
0.9846347473183052
0.5021790200208278
0.10151238134686633
0.850558531860119
0.8124621142092897
0.5449981501618746
0.03070853390734255
0.06844723442663525
0.5826099661868901
0.35943456470756313
0.6620615843647151
0.5360346180358037
0.5122694881265863
0.35120848299187424
0.9511784890367863
0.08490867337251848
0.7488539782172854
0.050689034527467744
0.5872563435156284
0.038378481896388233
0.7829349158701404
0.0749561549233666
0.2560570034532876
0.03611358124755097
0.153651049065344
0.7348242343207085
0.898308082368342
0.4070542414989835
0.2591623715991715
0.8261943391830815
0.7618958492610786
0.6242631750393834
0.09009006576479933
0.13948916393530889
0.679600317147925
0.33899129324629984
0.9845426509673689
0.5418906813993963
0.8086397095057511
0.18605396852676823
0.29167614888859245
0.6958373666541723
0.03692475510073903
0.5813847496296844
0.7361874997484001
0.5295072872856132
0.7878628176733551
0.9663244758588568
0.9605865447437634
0.7949587341673697
0.5910430596743378
0.5311460289548372
0.02015009005767737
0.7506724019348445
0.08973929295296765
0.5980253451397226
0.21312354067882172
0.8323660176042142
0.5574894027250507
0.9482526056307506
0.5111890319670824
0.12126277879437251
0.07443331737330243
0.7222739512468133
0.11150594766946767
0.6780561705176609
0.022891839850948423
0.5409791737625287
0.05821506707172401
0.2585965657349593
0.4848270692770138
0.1723162791235694
0.11481063417575463
0.30498463217851013
0.627763644431269
0.029880256692494132
0.5994391483003256
0.5949811325399046
0.1693255298507802
0.12781537762313813
0.7484260060752028
0.887460090342354
0.953132497485023
0.7085183311773282
0.090227457476243
0.4344349337941823
0.03920855096749781
0.10393428033546323
0.8142241178877958
0.4359299563818253
0.36672574275702974
0.08635904138037748
0.021194124882793396
0.30048048170510744
0.6976969233004797
0.68863751483185
0.6667493876916343
0.9430687173566812
0.24197955555562428
0.09511461113318566
0.838385936640561
0.9246613378219355
0.11989143319822052
0.6365475458868342
0.7707142444694458
0.3406064248120504
0.8471900339486524
0.047632154692329794
0.952741114425842
0.548261110247565
0.6413263284665167
0.03924303416783631
0.641572167056834
0.21352618453770206
0.656132321416135
0.32115069678839014
0.10882451324222683
0.3211368065248248
0.599148370866409
0.09580184206781246
0.7998344823049918
0.0818928038975236
0.6955451328169304
0.041132533772699084
0.5100831662896144
0.5704901713096326
0.3099690245484187
0.8182202769464972
0.7112288389760043
0.09938356355739118
0.47516340872125673
0.6947265498057811
0.05404623269284427
0.6576678633652634
0.2882538690994991
0.8690171350630115
0.6257795178903086
0.3165293974388437
0.022926766889088623
0.22846581019053078
0.0749616553312451
0.011553473174117963
0.030284465265815963
0.7790616428442662
0.08731176009094183
0.40387830116426615
0.3875321904317815
0.04032291120593487
0.1404666520512428
0.29804087363146353
0.2052286349246538
0.04955531404737193
0.6733162377427009
0.6209048144587368
0.6330189503262362
0.10526175673152237
0.36790647627887574
0.8482340056491344
0.10288240085864703
0.4310260912095722
0.28848904493067384
0.12932286697238107
0.2153246813575149
0.030130960972883904
0.5285336163451246
0.19650563977479896
0.07092700071931979
0.6792206206158602
0.02969046698374114
0.9420614891352862
0.5179992054136696
0.9748791094964869
0.5412186615692877
0.6461308255212052
0.04261075940555823
0.028781764584710576
0.6141867727185542
0.6570039004658665
0.4394723755821852
0.5970713717777987
0.5123238052854926
0.8944330365649672
0.8608543904385094
0.015122685813375884
0.6803207977970361
0.970886555269082
0.11422249224398007
0.6474148357401907
0.04849676777157367
0.6114524185339137
0.6713388442313891
0.5484794956891288
0.4965850514994714
0.2669786235717073
0.016205133292758717
0.27783185765307106
0.7542116541200525
0.8556933753427429
0.051318790135924455
0.6958032890120278
0.1994382368069358
0.6329386804871704
0.42519048016556016
0.14732794985276157
0.07583440285546622
0.39245536605321873
0.6303505707586463
