0.43146584321456977
0.8822174350391425
0.8050733743674602
0.40997615552687966
0.9640616560245765
0.7434965486822416
0.9862845126416545
0.8087238096601763
0.6780123082966885
0.7783114372407943
0.958111314430494
0.7650119080416041
0.971987939012859
0.8398992419389163
0.7665597631923091
0.834547116752371
0.7545370426178464
0.852745838858299
0.8746719409756456
0.895585333392872
0.8488977526692285
0.6574323037391528
0.6672418870788963
0.9166348946775675
0.9119125145645246
0.9391407019547873
0.9554090819767862
0.5700658108565089
0.7772915590624102
0.8997009310689026
0.8029496475964404
0.691212473555579
0.9852906201360658
0.4573047955816853
0.8156546905295814
0.7173728944768845
0.7095632471266775
0.7534188226954974
0.708250466266283
0.8875297213656126
0.6168382191567051
0.634267973202137
0.8778431246186618
0.9748096375897554
0.5960407920538845
0.9838541262597258
0.6790497800603029
0.25128241314840444
0.7681130353193494
0.545079992334234
0.9682927624262725
0.9022470989934848
0.8678300670765005
0.98354860926371
0.5457755180494359
0.3385802909947806
0.9612427210781056
0.8560280408853239
0.8488273747401638
0.9481405026241869
0.24664082307590357
0.7294221719086578
0.697138197236815
0.9233892335313043
0.49399867690481375
0.7616571508245136
0.7273325779133325
0.7320108010892782
0.8183574619612578
0.6397784779944995
0.6121717055257282
0.4885103391416664
0.8608804599841704
0.5547665958122672
0.6627814332189917
0.9977951075353513
0.5894838916316256
0.7193443003875001
0.967510321940367
0.855765816984827
0.9973765696217441
0.8674099593385759
0.7738900697299261
0.872504617913177
0.7726267826344246
0.7861237026168221
0.946651663990622
0.5285657418353479
0.7968396087652911
0.6605831421348709
0.4106732380876393
0.9488910017344558
0.9077234263153715
0.7840406144905484
0.9585852107953252
0.9054577758616577
0.9317360336078228
0.8586881334509725
0.7936110486689827
0.973571199687245
0.8283848367382897
0.6701210609364285
0.9260792615291933
0.8306257904723265
0.2171833579324912
0.9796166458830212
0.9106067934464708
0.9303494169509816
0.9438281663139416
0.6898607854914844
0.7634505705125612
0.6877435357759167
0.9599675890493511
0.7348586734805456
0.9038323035540887
0.9041258180197084
0.9226870450626038
0.9647694989925236
0.934832203289514
0.694736598061953
0.5652946982552565
0.6861801368840563
0.8856590322699487
0.8367247428504587
0.3554371347798738
0.6278012804888036
0.745721240717557
0.895927342195255
0.8807231494067806
0.839577572543428
0.6396904589815576
0.7456116916436293
0.8326427393743152
0.9320896917699404
0.6419810508271993
0.9351839568422573
0.615776276704972
0.8801365100789612
0.4927349119783515
0.8964157088960847
0.8095597260403105
0.8236661983196953
0.8236347242599642
0.628636894829028
0.7594096076465118
0.6984205925800895
0.7276496219494499
0.6887059964601606
0.5833891839184837
0.9544842151361314
0.8513898428786285
0.6973675613128408
0.44355808090477467
0.6297830043477874
0.8358369765749858
0.7829399853807195
0.7427085113084803
0.9144434281702516
0.9462611536718437
0.6637264455994585
0.8092180167431379
0.729691537071704
0.9545091356401577
0.687957138988387
0.7413750855815673
0.8945974697819409
0.6163905571175546
0.9049730773721755
0.8359319303080072
0.9521204187490391
0.7413540864307184
0.9956449312601889
0.550080470781461
0.9125489288183085
0.6964840544292108
0.46953298344628736
0.8622839957532602
0.5418575785165595
0.960382014870174
0.5936766305109145
0.9247719446348825
0.8147248502845285
0.7603259164110531
0.924287738902505
0.6601252064194996
0.9754629015586391
0.6988565231152719
0.9234584387695484
0.6515090708076813
0.7241338963400963
0.8148070366062774
0.8398407418821359
0.6705055181280648
0.6514002212949156
0.8788201029465248
0.93194762168716
0.8064388331743296
0.7659053130806098
0.811762371204004
0.8498393742340103
0.8643199477954858
0.6745232397530518
0.8555390959993043
0.974432376709367
0.9557105476499095
0.5469052239720283
0.7340128271090743
0.9391906785778894
0.675769367712082
0.8558859550120271
0.8991798620092442
0.7926932430739599
0.7357022123016635
0.712978907130889
0.21637770344384905
0.4660079072289224
0.7820900201244101
0.9502247868545375
0.781041377029673
0.7759385945496415
0.9540794957670314
0.8734193880594443
0.7761020522000905
0.9497041571123646
0.7877185111551814
0.7161500948525565
0.8169018418494055
0.837603212349372
0.9448695389138337
0.7231441165610177
0.955726524873893
0.6988383881111888
0.8374878835772475
0.4744893584947282
0.9966707735802128
0.6570939464137174
0.853446187677708
0.8828455894873288
0.7755493289121174
0.825870233451262
0.6609049967824483
0.9643036351010212
0.5649339836006115
0.8863609142976285
0.636898544954714
0.9761386001740338
0.7152319407676838
0.9223754481644701
0.9128463965194431
0.7816847517851129
0.6042695958840408
0.9147765838942858
0.8882351888634026
0.42772983620202804
0.9051067339818111
0.9745056131806505
0.9112256011122487
0.8309738168229558
0.7159870815638469
0.7494903657836767
0.57556673214349
0.9515929887932641
0.900133263171371
0.956348697524869
0.8401993995276237
0.49598873397059706
0.8084126114395495
0.5117779893747496
0.6122746124352285
0.6649080779856839
0.9815630196488584
0.8695270990906577
0.9152463821536331
0.8047986784435713
0.9233722217436504
0.7018186314186738
0.9789330993436685
0.3508979532783384
0.7699111998741166
0.8753075298768547
0.8350204211139804
0.7111840454877107
0.6095318943319842
0.933214969027953
0.9509673052071055
0.8702150210469747
0.9666452860401467
0.501403469605769
0.745980699557892
0.5698649854585618
0.8938377362662902
0.8373918440729842
0.8396768177529248
0.7590256415827837
0.815768303258411
0.7508648559300373
0.8440681779547954
0.6711846970776196
0.8260804207186403
0.9728557031261997
0.7380440698438525
0.9376659174167414
0.8161797183411756
0.24092862767689044
0.7723184888658436
0.6472642751375296
0.6644553077340473
0.7719475237138971
0.6006852993268477
0.6719144600763572
0.35641315028866316
0.8100045001151306
0.9894159918241066
0.9331334376920746
0.5168693251144711
0.9387687036519669
0.961318342160945
0.928860338374953
0.9578462162302452
0.6692783079949873
0.8845837391709005
0.8094725348187765
0.9734805358794469
0.9647937157544659
0.9807987981574232
0.5476451139928189
0.6627918824716973
0.9830693835301472
0.9185779450139278
0.47347003304675
0.9381165628768315
0.9061157978687399
0.8516181391421784
0.7032243170009729
0.877793766068949
0.92158198487298
0.6968370162769577
0.8397336652230849
0.9475750857594173
0.9472713769643624
0.7031929313153314
0.9741727823184843
0.6489088511770289
0.8469744720670023
0.6226377962239755
0.7812318891188024
0.7627321395273601
0.8425892359092946
0.866483645977527
0.7684134798614499
0.9964069799847322
0.8255427994144462
0.35484805476390024
0.5501079017086168
0.7343031579271673
0.9862802985438237
0.805301284999677
0.7975399229048369
0.9585489895904824
0.7042907403553947
0.8983937865927324
0.9991296632910062
0.9948045337414789
0.8914080362435606
0.7632947056707411
0.7160230454418502
0.9458319202322791
0.8083374985039767
0.7703200101540946
0.5147938054841058
0.5885079238645289
0.8889466293945055
0.9147405188660549
0.9641669355593514
0.9012792787331446
0.9648614283542367
0.749331660262639
0.2162280614949802
0.34659280017605937
0.5893707698549117
0.6087291702244966
0.9766131098994937
0.894599294551887
0.7946122579905195
0.9507932082644114
0.7839466788885198
0.8773507107427654
0.7233854147483831
0.8118398749306425
0.704489044135406
0.7369782387892326
0.7445013522461673
0.9549217536735134
0.8201739888252477
0.9403836093785175
0.9638423252041675
0.642318899849638
0.5670504876624766
0.9149978525105888
0.839537105752749
0.6811252587114067
0.9240833926389946
0.9216429273391897
0.841005156578682
0.6816021429505255
0.7846060020001205
0.5101380688889259
0.7009235070230505
0.7690552094320012
0.8403652354829438
0.5091855152674558
0.9925736069959556
0.9266197956425009
0.9101292207949392
0.9071151323483706
0.9231036885990376
0.7931531953339713
0.9680348281160032
0.9958934832472895
0.9367061179516187
0.7338180516766718
0.39777657839290514
0.6984508273464437
0.872949034711676
0.868592279426888
0.9003899679340652
0.6417005298398236
0.8978175795380189
0.8242126966933698
0.7875498164285145
0.9797530007442073
0.551830267163472
0.6762080714577905
0.9722577397816358
0.7659431745249441
0.8294344439855399
0.6848515622315625
0.8754766880079441
0.41069568976060666
0.8857418180786301
0.6919002908745031
0.9099613205031698
0.947218683742338
0.5686477535488503
0.9489132395554142
0.9987819067790866
0.673486670268459
0.9265133878423911
0.5668256962961541
0.6072128400430012
0.7625340119354436
0.948764031886749
0.7618502731430017
0.9721533108699889
0.776160924575534
0.6706522525274304
0.9429892734446561
0.8110993598278391
0.789617013989992
0.5266204716119826
0.9792153332667473
0.9728792240138011
0.9618913348149187
0.7490938303366539
0.8385412152780238
0.5597906911725368
0.8601211081558515
0.8761641652714073
0.7429113184463485
0.7416341282985027
0.4581065948562434
0.9532516823630259
0.7387247396812828
0.9078272293494782
0.9633952049696927
0.6363919460284027
0.7505438289564799
0.8024379430814965
0.64741575552003
0.5707713368459508
0.5491023539889062
0.774144702422133
0.9325766287900096
0.6887583140848079
0.4391008387268112
0.9027061308900809
0.9197618020870444
0.9374930379710429
0.7629885125039862
0.8861919869139151
0.6389085223366017
0.798453052665409
0.5878425457193059
0.7827540047001373
0.8107672416034474
0.9164612095663137
0.8627351850417553
0.7124004751393631
0.46068830580866593
0.40708409901724213
0.98089126222514
0.9975436085239615
0.8894679076565708
0.7571299595470138
0.6099086029019523
0.9675979788957205
0.7634791324053932
0.7104126522594603
0.9454497626828049
0.8501905343746432
0.3823668846143722
0.945964117662614
0.881221821971925
0.9246907272418512
0.9338637242298118
0.9437643521171604
0.8583686765300633
0.9423697116786786
0.9497233863442077
0.746753911843445
0.9974621784656464
0.9785842794556572
0.6385838653533232
0.9361768361925985
0.9779731277506515
0.8460962807301065
0.8047680849902641
0.8298853970798428
0.8435213277244499
0.7561223211844311
0.7656858540548596
0.9021237517729381
0.9334984902770576
0.3916173262828682
0.7687121552292746
0.9211041787883623
0.826528524702222
0.8720244788056537
0.9557449055079996
0.8214435944093915
0.7507392360723979
0.7582631520798042
0.3156086675333015
0.9949936502328611
0.12269627838120414
0.8329693666648347
0.9618870154166801
0.8406025823241587
0.8601115627628475
0.853265221025209
0.9890266446128402
0.8884092933516938
0.9649229957404144
0.8489839230823059
0.8934870412446683
0.7633301128727156
0.9123045988242758
0.9425705347555895
0.7670668343077336
0.8833201392861124
0.9632930002303196
0.8685422531467117
0.7682577309924684
0.726009731068197
0.6552034679895559
0.8232662492500646
0.56226065391086
0.7112391704028259
0.9844537357484968
0.7292764186740888
0.6701338151732665
0.7266980284026429
0.5259221904753056
0.4538869587291542
0.6734926341006198
0.6312397052729528
0.696236826389403
0.8506907424898014
0.7711773428474356
0.7647695373206196
0.629144549145687
0.6765959869693667
0.9838241392578269
0.6596065476240904
0.8058875330071842
0.7626229202658578
0.5323171403147613
0.8730211925817473
0.9114019401595822
0.9184716697284112
0.8757720260740052
0.28393983644096454
0.8839362896912113
0.9267197648703596
0.5263326756611323
0.6821601946069965
0.8188714876040014
0.7374302686171833
0.9828883811464834
0.9365736774006653
0.7188375865315855
0.6217265300767784
0.7600054484623294
0.28287039626764715
0.9349925281904057
0.9748123964961011
0.45818475900159805
0.7574378992291408
0.6346181483040564
0.4036280661306935
0.35611807311917076
0.6637343920909483
0.8474543462557884
0.9126207201033335
0.9628515221822087
0.6201006421617369
0.6854230696675712
0.8475880656864179
0.7088622026137547
0.5501300830993605
0.6270339047726694
0.9411268573778893
0.6775863647785327
0.9905387169049076
0.9470503453378325
0.9085816250916458
0.563098006456711
0.9272259149925868
0.7664376603275078
0.9026161332962701
0.6863155598209054
0.9992058361700487
0.7818876076742882
0.6047841945877019
0.613454565072237
0.9923925615154262
0.9220972123466838
0.5366189597407088
0.9877288722430969
0.8616635610323096
0.848861481267942
0.40946500002480124
0.6444149958256499
0.643716003510262
0.7928008521225673
0.7967238271884443
0.9453504521566246
0.7683306486829263
0.6695231786678567
0.9898343253736962
0.8731634786947648
0.9293217522071825
0.7804011648699297
0.9369832982532986
0.7096806542075957
0.5698146119465828
0.8794575762844472
0.9690390622343579
0.9467817409838652
0.8890574918722326
0.814900410840701
0.6877369208901581
0.985891573674982
0.8417022078450761
0.4152308122135151
0.5369916642040661
0.3371449271718687
0.7422515346212453
0.8564075596646875
0.8242633608769967
0.9321028317645872
0.9860299847586664
0.8195102754534924
0.5130988309493343
0.7766364327882938
0.43070265584710055
0.932695634751384
0.9535046828537322
0.939230457875291
0.9632074017859509
0.9661361135300464
0.5052732057607738
0.9484050256086509
0.8855032383605876
0.5220252054844364
0.7966958987088419
0.8850435161029813
0.8385009110888101
0.8202326153650636
0.9611680080812603
0.950801920713213
0.7914064573200706
0.89627284439407
0.4271982981255608
0.6477024074854459
0.5416611627829787
0.9217813086021525
0.6298065982168091
0.9326236332344842
0.9805776502432975
0.9304184276787477
0.42419174443305463
0.9508684738374249
0.8635394841487455
0.7859570148008639
0.6840816171905124
0.9630596512119287
0.9999971758582082
0.9823561580776958
0.8391312746066798
0.9350305766864151
0.9699359465539212
0.8847560300655828
0.8277312649033055
0.9693041004337448
0.8621980454543792
0.3739658432840943
0.8949537470372302
0.6318505291463239
0.8247221843008508
0.9597650915739449
0.9196014182548498
0.8922803190429928
0.90321717499301
0.8383444041821231
0.8029567256843462
0.9869823507371596
0.6246559034061971
0.5698911958413604
0.862183254960033
0.513756984851706
0.9777702642366402
0.6134246336645715
0.6796405713259689
0.9907351240190334
0.936432541683826
0.7221760670251127
0.8166573121489837
0.6664841330308935
0.7608381005961176
0.7210763325609836
0.8905586557634413
0.5119853909022648
0.8782960040718933
0.813172672894663
0.3476519922466892
0.8048364054472943
0.44502685825975813
0.8261551868757182
0.8535249262552418
0.930468952872304
0.9588473205677523
0.994600038999375
0.9232906553916411
0.8801009161079353
0.8072538245607532
0.7917058291866763
0.7401212426492456
0.4900397378330864
0.8506045625516145
0.8031020127454553
0.9802448217929718
0.9472248923531772
0.734435292871711
0.5890144360655266
0.9481994527736991
0.8851864489188288
0.9262038025356771
0.8348341848314742
0.7319911430691727
0.5466116598407083
0.7690999360576118
0.9897814745922924
0.6418637031021746
0.48659879578225074
0.8766375960026158
0.7287728059785579
0.5996169736192913
0.9564806951672369
0.978598646366178
0.9056860720811535
0.9466165467100098
0.6276840634046353
0.863878727210598
0.9755074498931647
0.4806080792954188
0.9010681511753299
0.7202854603527045
0.6119758350452722
0.7658092981683877
0.9835245812722168
0.7656143336533272
0.6158951828177524
0.38395643843878735
0.6877238671050143
0.8516448026915124
0.9634830652837374
0.8819538933127173
0.6754171630932799
0.9063912754529515
0.9495919071364676
0.6446292448760875
0.6270471142078604
0.9400271135971402
0.9673940967217952
0.40328104885743676
0.5840119260560624
0.8153897118896098
0.6169588596675373
0.789451027810539
0.7751251027539772
0.9426881052070953
0.8334489374498448
0.8428067339802823
0.9945203027170795
0.46142613786557796
0.5100057425985185
0.9023049371403945
0.8936454367837781
0.6273487790315961
0.6167505829197617
0.8436440896355988
0.9937020904787728
0.9401045675307892
0.9717348766079432
0.9303807932746038
0.5428735863843512
0.960617049788685
0.459459824952646
0.9575253202903592
0.6982741397720305
0.8095924573994211
0.9893847015012496
0.7320948788667732
0.3748575569073083
0.482654813088521
0.7926432143757248
0.3483667790582244
0.7485050524041394
0.6098583646643411
0.790183668082097
0.9085223150073549
0.5683477172894299
0.9562843362084003
0.7780336092680392
0.9081850913304472
0.9318595549623842
0.6818707436339047
0.8816950324529671
0.682792550848045
0.9006974900422624
0.4875982332901041
0.7932283780418771
0.9336973467030301
0.8500352341367898
0.9063680573349312
0.9228509917223813
0.8841175618183341
0.9157630631858733
0.9309131776200508
0.9423131453739504
0.9115370987875853
0.935881061365051
0.8270779296238308
0.9189377854435663
0.510135635478169
0.6882179535889472
0.874169816233707
0.9617205591755089
0.7823194718044322
0.8880139777560351
0.8602160558526968
0.8984557885509847
0.953675780244928
0.24633911929602248
0.9684052173416811
0.9585602414030234
0.9977036143015942
0.7472714184151987
0.9883139689447851
0.919361160881985
0.7484080370823476
0.8264563301424492
0.8533364467156721
0.676509413519556
0.9079385378899244
0.7520002826762976
0.8133688978736372
0.5467610905215238
0.8655728199405418
0.8929068977028851
0.6463666201386701
0.8267671362744794
0.9656089529828346
0.9874194147481442
0.8395805967244264
0.9434608973104163
0.8256127056910367
0.8986671404480652
0.7571087520120783
0.997238952506063
0.8353962106588798
0.9681491291666084
0.9920212911003008
0.8792360897259723
0.8829827588925896
0.8109084146234111
0.8989625341654507
0.820516008466287
0.9705796597574954
0.5303481824669067
0.946576866697493
0.8902681151843655
0.7849710719727008
0.8859483977440827
0.9788121932982936
0.617326498180222
0.9669730715877158
0.7457892319081842
0.9827238624079402
0.8511454802883811
0.8963866388242269
0.6229036342687124
0.8765281616342959
0.9552340628700644
0.7646956852885953
0.8689335693171478
0.982645086142846
0.783929640335128
0.8380670664467635
0.5701017394143953
0.8725122085838999
0.8326117694743272
0.8188711812167595
0.7758380588052445
0.43191713449572844
0.8051548330799534
0.8325909588565858
0.9129902207346179
0.7542168100613589
0.521678368038241
0.6619122100587853
0.8994619137717097
0.6882567122065111
0.98242732931597
0.5088779473271998
0.9817470110193107
0.85120662597941
0.8232918794345003
0.6927180812348124
0.8138913916104624
0.7421121426987112
0.6091194278913833
0.8250507289489803
0.8023938686559233
0.7369902341781058
0.9386888174716401
0.9252009170874989
0.9095743541561636
0.9853266762872708
0.810895198191977
0.7708522723414868
0.7544035743073049
0.7235873187184734
0.7922980778745885
0.7231092777611584
0.9023047124898085
0.8945333342252476
0.7197629653737248
0.9112919488770377
0.5675315651215547
0.6350122930631634
0.9903603070379943
0.7522332765386841
0.9512765901542578
0.7330408388537719
0.949656623519038
0.7771600431698821
0.8120067004780853
0.9734136518652432
0.6260310636858246
0.7894056347107969
0.4926374874696942
0.5759097928211463
0.8561922619861444
0.6295143655294358
0.5666308462165754
0.7377361206570183
0.567144377226095
0.884059988334816
0.7791264561212603
0.6897330575225261
0.8609551997955025
0.44949222903158426
0.7996421705050162
0.7853639062658595
0.8957374774358904
0.3835063073323819
0.8405606320733419
0.7888933365863378
