0.04713504625072823
0.494216061066445
0.22116925271529794
0.2960617038108076
0.5477589685304998
0.48834564067370767
0.046522593387918164
0.17520420713313023
0.2562713914116312
0.5759534331852161
0.03216889128383181
0.8781032996723135
0.33732100614595256
0.19965093550393828
0.514820368649112
0.26017448522678416
0.40016807912702146
0.5525088048864435
0.08349690401530502
0.330979383525272
0.09507275548571104
0.860278561718522
0.7469527608933296
0.27507377700829894
0.11749281787527822
0.6720082678832007
0.8896486259260016
0.47675163272941634
0.05980438741752636
0.32155582137992345
0.11351048212613968
0.5892482421799294
0.10540886529239223
0.5147544072152677
0.8193290429316978
0.5673750186071547
0.5860418242747938
0.03200627909318561
0.16958051465490676
0.025776780498091498
0.5381579875381143
0.10938837833838705
0.1699794280972585
0.3411738937283757
0.1386453650808906
0.13572249576740486
0.10755332712205418
0.38419947286738004
0.4677961373211745
0.31660732126496766
0.38909996631022536
0.21067928353817328
0.1050837650870544
0.6011087599388673
0.13499710501787268
0.7908144831476631
0.5192106669187783
0.7147313435998324
0.8828110810557555
0.552032727029068
0.17938299110582057
0.32498298753566424
0.6470499315153466
0.36405165304626136
0.0694343607975262
0.38488423551614354
0.09025195030750957
0.031669439370511775
0.1860027576052711
0.03313197585720848
0.023900051379824393
0.61259482096191
0.25895537083728126
0.0330058222759985
0.6079841605955294
0.23345476564730372
0.6872220678872806
0.4937848988968958
0.6236626426386945
0.5529801870877276
0.2517181707252897
0.4870442970309
0.566735682486915
0.5621993327342939
0.9417788984342094
0.10268181717031707
0.5886713752050075
0.16743014928044542
0.33467998180096215
0.22540774882512754
0.6554010053099221
0.6760661885866543
0.06976207874990858
0.19856828411662364
0.7586468222226594
0.08341648254454066
0.3910102198482594
0.11616956374023348
0.10688587922889901
0.19510879205114828
0.15917423659190194
0.22654598559194655
0.6379612328966772
0.16931134394692468
0.003213319148272971
0.5674375410707151
0.05344604591621388
0.026793223286319674
0.7919482399610547
0.2689696142018405
0.13551869928993687
0.11769110891466864
0.1416959621660866
0.40552441526029465
0.1095612959007582
0.25108387524259085
0.13462651628447508
0.7258738529637241
0.37564279619671914
0.32618511365847375
0.28063271216462593
0.6613416123158988
0.224920098118226
0.29798719597365586
0.8901967280141778
0.16033374605644002
0.4851896926699958
0.06014645958134633
0.1891815058990451
0.03762760183634699
0.5173392920549079
0.20695999742115204
0.10397050093621463
0.37961715521961215
0.028193654198906088
0.07208091137165953
0.22051926358531776
0.9255007768692571
0.25872973342016703
0.35783811953163414
0.05512188245727562
0.07452251305939049
0.35507928477252826
0.014586215771750717
0.8732145603688661
0.05482280468368651
0.31649372761031286
0.3070685586781681
0.15844271178788474
0.0779807875613851
0.20445932290403906
0.5768118973311116
0.525878900536592
0.899259506348381
0.3136556103301802
0.5901085435245913
0.5855207200933059
0.6938077487170424
0.297648110652429
0.8148244334028025
0.036985199401632106
0.46734674962864775
0.14614512813183284
0.04556134547129667
0.8037494131877989
0.5016921084543242
0.4336459759684347
0.04017108348405682
0.883624451901471
0.09449685854163875
0.5868309634895277
0.06604184416499106
0.08860970010507309
0.4698892156152156
0.36758330772222725
0.2892874288197178
0.4798809483359783
0.29943222833513516
0.12810883622675126
0.023310206074229553
0.017515174341826048
0.11002180476640054
0.05688947351989532
0.6489755579299317
0.04814996361872687
0.5419061432834105
0.16398285801213597
0.035483793740884104
0.7869621883240222
0.6025627273729094
0.22027063296302643
0.1352882865602684
0.7108340527282707
0.22686487119664578
0.05161529835909669
0.007716635611182883
0.13061512761635624
0.7777916039621635
0.2943675325041284
0.23137551557672792
0.39109021971230906
0.19064390307310497
0.2277175346374275
0.08391713206007043
0.08495639838264794
0.7585781794076661
0.1607556088712945
0.12244326303847733
0.20410750987950793
0.583817691597002
0.1882171067869417
0.6322436808983312
0.8321536437727707
0.26834135565576817
0.9445487347644554
0.5945960257859775
0.22749059934692348
0.1259509620861915
0.5157507437006186
0.141655832333702
0.5303989522990455
0.43844489900880884
0.7844902923796824
0.016632410894865807
0.8101134232028959
0.2315201141036889
0.0378956614377874
0.36838262562771684
0.508413145923059
0.8483767855725901
0.5825510132624807
0.14200419720315646
0.05614120093413609
0.7628686425614257
0.03301737095193956
0.42143501289143487
0.06279751374552678
0.2784904255062971
0.48717608499361675
0.10277772053719605
0.6483926722999546
0.5045546918373794
0.053552080771802506
0.48055194725852224
0.27223666620902826
0.05354922474591618
0.7973051158197074
0.42570750217355346
0.6218485147760597
0.08829337250287744
0.09279497232197811
0.024663279966349663
0.2084277292707713
0.046932602237763646
0.5147122065350036
0.6520471405438477
0.510500157928082
0.54364931990669
0.822952344115449
0.3909664232081491
0.10716284640207854
0.6923914284332449
0.7378423922035349
0.4090054912729859
0.3617225115498489
0.026923001559646585
0.16501069990325462
0.26643056577321605
0.14998033438439148
0.03394205033245551
0.02947020623137914
0.052553065801198284
0.34536861551220305
0.5471900920245446
0.8498756154356697
0.46386351666612424
0.24293475512776497
0.15341213779831647
0.36854923088026964
0.20509305818715873
0.3695542295889449
0.6018160211391418
0.6342425579058657
0.7644674327925822
0.6151941768469411
0.03581712784971868
0.5669374249247471
0.29603683812839454
0.26601092515622093
0.5751611945350793
0.4033173442890843
0.6995869822061116
0.20276851110827693
0.12028947113996839
0.1789238289499941
0.3538337264044206
0.6288290382194377
0.2535860046101234
0.07186185473314502
0.5165700752449146
