0.049848625229814904
0.8316724645665892
0.3558522796085155
0.03426524182754212
0.20803765308176864
0.15899074392054857
0.32125146451270525
0.14780007337554657
0.28047371311641095
0.3506898307703279
0.14157736005494131
0.8090273842481268
0.49125113012064847
0.26166862546637165
0.5675785876403777
0.1225392873224971
0.7705367149209121
0.7063328152597226
0.543920832813109
0.1172080779275274
0.2858868793029734
0.024998892209887227
0.45200968256321583
0.7015852782975169
0.6202011848080041
0.7956791161326898
0.3212274482418108
0.08097092828657002
0.4929854241796335
0.06499023638153528
0.6503576939131905
0.20246187683932199
0.34437337498395076
0.42323820659404743
0.7226450867417454
0.7262757300347615
0.5520647997824437
0.6502160134245922
0.8764961148029893
0.17811538680388128
0.032478996745620145
0.8750517374077893
0.5114556937403406
0.05161100314801233
0.9817528449926642
0.3484635225977968
0.11260682838372392
0.5810342281283695
0.5201117461813781
0.37696018282257027
0.49757635527495514
0.8243862515530744
0.019747642704390084
0.09064824880556874
0.45881739213096834
0.6411999898699949
0.8636006653658606
0.18131094176635193
0.31632005561549165
0.12296158604059121
0.07182533209991467
0.20980543468446936
0.5136037748417753
0.05238570145181563
0.22049269315334202
0.5210170848913412
0.7689088625162657
0.23465246891547364
0.2926772516903211
0.5903626808721085
0.031504973640831685
0.18955355337758745
0.8483097920727131
0.39439324424733146
0.35668607204612957
0.7621551004127728
0.7284404019849964
0.6314355314049005
0.22525483395092255
0.38205935052879636
0.11272827379461098
0.03214472771186843
0.030339745009557044
0.7427918267122067
0.0797722471823818
0.04117110083411642
0.09091786132548213
0.06254267426851859
0.6451383758536005
0.29999627203990514
0.3001070152521086
0.4407523421728351
0.13754517224294
0.7314446747059954
0.8138107965302799
0.3415821321675068
0.7710445795489488
0.6328424774622596
0.7973550864439438
0.03620009931465525
0.24255763062578067
0.6495218471280696
0.7103890889802646
0.6250743760484091
0.5592256006385468
0.11430194888588684
0.5699557568838346
0.053378480239068146
0.41080266649156766
0.6552897267553203
0.04414412415572031
0.11833107595448585
0.8207177150555793
0.08762450781140255
0.6307265162159852
0.47498765787651015
0.05873835050591855
0.7322883603440096
0.23436072767180502
0.7456042103860985
0.7711451401986054
0.9157441780455827
0.05559932003176067
0.5639230574893682
0.7223339024013915
0.8892341058326326
0.0594665626926927
0.11918298746086317
0.6511644802521135
0.5269018997119947
0.7425082613551444
0.30774515694363547
0.81101247683747
0.8304927499610214
0.5967379929520686
0.09753324039670888
0.18508684626661026
0.05274538078735083
0.777477623366859
0.9126850301815865
0.3599973434451851
0.04650530753339037
0.30463670259241116
0.21600815542205593
0.4328123590551478
0.3009558639680008
0.31300227605177233
0.5376027501625031
0.10059697984266484
0.836785083538433
0.03677166061931612
0.2016148061430919
0.03392636208689287
0.03953304293504048
0.8708487018234622
0.8128118500494256
0.06939866858478536
0.8326502704514764
0.6886672989578657
0.316891441632116
0.587122123450465
0.42818058791193186
0.041096771088382215
0.36984816590228714
0.09876509502140685
0.27209781974598757
0.5181123316372793
0.2836088332023288
0.4369979043837299
0.7198639182965224
0.871227939072805
0.40348591793920174
0.6414211834726804
0.9812393166493225
0.2170133713548299
0.045305351873910236
0.07944925641114362
0.01772008965193555
0.2704452091551751
0.1277009760386093
0.015425593057391034
0.4673010981732954
0.9068590140849884
0.1499141777374911
0.6923923038553281
0.534355056792408
0.03799731764378947
0.9867243818584559
0.7202400266402313
0.045634771893622396
0.7675878041059484
0.5340089277393946
0.6117098830699715
0.043361751541678095
0.2066307149659607
0.029249083982833636
0.6554829774254802
0.21378015510288034
0.7271702084628542
0.63312089100966
0.17382215667747675
0.5082241139498022
0.9561466153186546
0.14894494509092016
0.1737275499077365
0.11206658745981449
0.09345340479397155
0.36554817398988054
0.9180134624430332
0.04339672276803779
0.3289997135559934
0.20220322408815425
0.5654551177339268
0.33682191782568177
0.9483303407745832
0.10700051687227509
0.45704134329592494
0.7267610828163407
0.5043623910553837
0.19462032612830513
0.6585536874129965
0.047425141396280894
0.8251269283265954
0.7855870979736288
0.7646564352465587
0.036924130049152765
0.7568003150942678
0.4178531195510071
0.7411111587143242
0.18325336929227834
0.17888411096998869
0.07128087669299887
0.9174147148506403
0.7453051403125502
0.07044543139560348
0.38579581446716726
0.08068446465541587
0.2775172405036959
0.7570207688845785
0.7339767222120825
0.19257419215325733
0.7013056035731018
0.4736910846079816
0.45400732200633664
0.25742912959099334
0.40795642363813556
0.07445348899518381
0.31926107595836895
0.16117615833218457
0.5265770283667611
0.061629462094467784
0.471477879154377
0.959719763356701
0.4829974561632686
0.0782327968331827
0.4470237887582136
0.7507036687763389
0.7581682787293467
0.20742400257009969
0.7460370731283175
0.7183022140456653
0.21183282103603535
0.0187440422244006
0.050364314828426265
0.9922657449086703
0.9930459551669342
0.28603145029287674
0.9068291352637365
0.1893117888593883
0.6841271220251343
0.8587264235598737
0.32821298602865084
0.38895328343795166
0.6254266579780476
0.8783595237079407
0.09661912997435475
0.08328750644014232
0.9584797193204149
0.027664733803646577
0.7167568958368322
0.2844009594783171
0.282425991591038
0.050531998004738315
0.7383205461193271
0.05031327833574716
0.2844472577379309
0.14705605140268432
0.36197121835496193
0.8307639640311519
0.07548726268073973
0.5605454597822221
0.8728690679746476
0.04222718388696722
0.031918590463238555
0.0803563182453928
0.07295882209279575
0.13044518791258125
0.17628387657346256
0.06593423131688471
0.08273536787345911
