0.2880677457657558
0.5347539974560808
0.9382341875960754
0.826911191988549
0.9491036153185259
0.7344872196785716
0.5858067992244537
0.6889587337901057
0.7120642906103252
0.840999669340568
0.4816961378909353
0.5741369837746929
0.9715637615062389
0.7957174345158641
0.8048697964001486
0.6433199012723011
0.9957227027326555
0.9828451923467755
0.711338279200761
0.3196720755213339
0.9434661012812952
0.8964776531073768
0.7857383149775434
0.6283250848499303
0.8690332633701032
0.7798662777195626
0.9913510290401619
0.880619479397406
0.9417960360594311
0.6868947796547282
0.8804173766255654
0.6160562555742836
0.8311470661083458
0.8806858919394978
0.8707237183713707
0.9104379443796926
0.5643750877396922
0.6891282793523934
0.8782561776126879
0.7455350061677976
0.9070437462048351
0.43291020110800793
0.9788529126077044
0.4086651755210355
0.5439549695657897
0.7475175517778142
0.7120539187857057
0.9887334783177122
0.7001624982059012
0.818048053217967
0.9783065418798463
0.8161533357152571
0.9555869539872369
0.9429397963420814
0.63798692968133
0.5980927082563579
0.7711652459335256
0.5191193925482847
0.9771649871574495
0.7523545092146975
0.5931706640848571
0.6154801993963759
0.7532765260186257
0.770862205233641
0.7242638383902864
0.7423821169567831
0.6560858806946098
0.9822202305900973
0.7640842140523527
0.9418715428848932
0.9484668399908924
0.9125778889693615
0.8859646037222306
0.2696622244752815
0.9287179835086754
0.9137796321418101
0.9954251979595765
0.9199320175466332
0.8873934357019225
0.9095206155478348
0.8817185014040052
0.46632105787717737
0.8553585671690945
0.9642732577095676
0.5695814416368539
0.8414764670951611
0.8229138666106679
0.8275827693581712
0.7575492817312877
0.6340873623009474
0.8132141149204363
0.9479374925433666
0.9114694085223349
0.9712980897583625
0.9593138673739292
0.7896059165995573
0.8515623236263183
0.9697833482586325
0.9674340239989299
0.9455023675151086
0.8622876885502148
0.9814524848715106
0.8251814350461755
0.8419241444507758
0.7340179620172183
0.7932844710306983
0.8980816339160029
0.8273790623089727
0.9745153679876211
0.8535120460306129
0.6989238609672959
0.43346483538722136
0.7163209779642571
0.8368479936801896
0.7466995512267286
0.9442273796989646
0.9865892770653496
0.7392631869042865
0.524053891906294
0.9503145049465316
0.7758470417831882
0.8349598678857162
0.9825684124688281
0.8079542885793523
0.85825293116886
0.886174774176762
0.7962425403380646
0.7662428412067815
0.4930770824980343
0.8630487061263874
0.9192022721671691
0.7898337901090111
0.8470031424916359
0.9997111328206587
0.719104936163819
0.7996382297164515
0.7996820891038083
0.8796531789105771
0.9714653712771792
0.6872524663550316
0.9841811868260442
0.2713674723666442
0.9942819169887732
0.6813964920427682
0.843657871456079
0.35095054359530853
0.7328342995726951
0.8131341391969681
0.9818885931838367
0.6725023905862343
0.8362616192289196
0.5576833689807985
0.8883237412605829
0.865163518926843
0.6126459161940185
0.7809731093601461
0.615932094743562
0.6413000830899998
0.5531566821244298
0.8206114817902193
0.9082406360896584
0.9707886775283106
0.9431973433855207
0.9838103544208042
0.551968563552137
0.9675733549367964
0.8296600645544745
0.7541829857907297
0.8149679762391036
0.7310989712668708
0.8611106444549959
0.9038979063973565
0.8116631973412947
0.22063026063590752
0.8913172833763234
0.7893373765114473
0.7083089235759896
0.6126456684517877
0.9500861100361385
0.6179841558877461
0.6880629731514856
0.9099346116031424
0.6569486453845935
0.9071494023913264
0.7687064472118028
0.8828327570039531
0.9606467208370371
0.4538370088103358
0.9327584316162397
0.9427091073184446
0.9595782365706715
0.7674510317174126
0.3874374585557617
0.9111148286354576
0.765320080973916
0.5596960592529268
0.8133328359270073
0.9740874354152806
0.9407121562183519
0.774432743253363
0.6780657712747002
0.5325973074838872
0.40564792457829046
0.9400626709675094
0.6894463448738991
0.7921244070258675
0.635317248401874
0.4941275359284694
0.7538155492361535
0.9018427209045254
0.8456174784682828
0.6937048620479911
0.7515542191704564
0.9213619223430818
0.645680001749989
0.8755859317345146
0.9114051030235204
0.9779264996608144
0.8458835032154375
0.8507853018224847
0.8437451531286404
0.9428355936987962
0.9097022414582046
0.7754531940891831
0.8975366709563053
0.5427139051854938
0.7783064786942386
0.7528063658298949
0.8358911314928229
0.7410474042965995
0.9856446959821565
0.8698517334152516
0.9775825311065618
0.6521754687350947
0.9422091193957182
0.9186847822928844
0.7439895348897524
0.9628142996724564
0.8445316571843831
0.7241077164320783
0.8680025432271584
0.7297487531744296
0.386702540191695
0.25640229592365615
0.8580964706739622
0.9484218038464841
0.9327908685464106
0.9293495630869869
0.6346734230860966
0.7283502993912712
0.4870588609375325
0.8077769135888926
0.9947867272593893
0.9741129711467267
0.5188889426614683
0.8509573199837399
0.3974178305384278
0.8536794136520135
0.9870368328269603
0.9644893266381278
0.9046438339383476
0.4225289020887617
0.7297093987911967
0.42501405539525833
0.3159765127154308
0.6591912320936625
0.7028567658364071
0.6504400049247516
0.6063951868508339
0.43115864009841953
0.9346453062083644
0.9540734711348964
0.8589572168495732
0.31227851209565394
0.9451080809873871
0.4644404435390627
0.9060598714186061
0.8217292097884568
0.7542842977130384
0.8403376685071166
0.8921647280916978
0.8986952648703381
0.6431329167114739
0.4621874183790653
0.7901783752613134
0.9355396366192654
0.8818175353976476
0.6628450839171034
0.921106146498244
0.7370979728737684
0.8331413521705449
0.8394889335305666
0.6119357660517095
0.9824679283111628
0.9105689306933864
0.9534862540866248
0.8206526575870183
0.7308829578046724
0.5840539559733484
0.9529014774909088
0.8259586618050476
0.7080951309965317
0.8422314544511471
0.6405703791303606
0.5841740099676054
0.732900889288636
0.8691394746679575
0.5706001058429605
0.8615245568376415
0.8144674331445607
0.432357594944383
0.8426977641336548
0.8720787316954656
0.9312454881662835
0.9376418662150907
0.4551138955266455
0.32160349722879733
0.726486264231792
0.8524276024783293
0.7756645600333177
0.7630290453071871
0.7891297507154167
0.9754646915550235
0.7877506056658243
0.47568352534577873
0.7189554935228237
0.4846734901957588
0.8765675288189576
0.9399377694348484
0.7444915087003092
0.9673062542251101
0.21971370030760115
0.936959376493425
0.8376749268389116
0.8955168854057809
0.9849441850466276
0.9639643604209258
0.9903359158128748
0.9699731767971164
0.8622943301552449
0.8655768017209878
0.985239728057191
0.8427103272698659
0.7578996433390222
0.8802703383158224
0.667972069232235
0.9122278816590392
0.795859906855259
0.8136372302111914
0.9355035616620395
0.781662255067872
0.9216977709917002
0.7833954921438333
0.8434062785080116
0.9627418662627548
0.9325965387679067
0.8343373402340484
0.8138973654072417
0.7262322639718556
0.7479624020361004
0.8913987029887173
0.9618686117672746
0.8883100505890702
0.8726365563376677
0.5425332213642977
0.9530850169668286
0.930513983998505
0.9634965419804316
0.8619089248620766
0.9455509563643623
0.6266434174864821
0.9921510513210883
0.9638792950885517
0.6096922338859292
0.9230670388899541
0.768145638406159
0.8594488084947361
0.6335801254071434
0.9830197324873009
0.9121767422618123
0.9127387543050521
0.4578620716380991
0.8002592733602207
0.8369991212337424
0.9902966670945594
0.8200605271523482
0.9169179960619523
0.8372303656332728
0.4859643095486931
0.9194528428754227
0.7985778021638259
0.6196642869383219
0.7616467809729603
0.8617547593531778
0.3748578471433425
0.9162698868389344
0.9301463437481751
0.9382336539948324
0.6979476679305061
0.8648035797451279
0.8773179809769467
0.765852743919314
0.7514973329142889
0.7083005476114789
0.8585235792560291
0.9404291896749926
0.9648123641968702
0.9459713739634688
0.8900097122482968
0.9992769262441744
0.5922446331933306
0.7158863809808704
0.9226671304413245
0.9310341406742186
0.7112618620154401
0.923332751978442
0.8812789931851931
0.974052212273318
0.8999793523525637
0.7049512551457214
0.8271317857848062
0.37238196871047935
0.853172004261836
0.9535276462472947
0.612365125519102
0.8152291296050304
0.9948452541770012
0.6750767027512997
0.883497021312263
0.9006370819195972
0.8270533230761601
0.9908119243861612
0.41985603539734906
0.890878521082488
0.9699102516601068
0.9440610516489616
0.7419385083884977
0.753934925246698
0.9974405932524744
0.7553290671661397
0.8434791978164062
0.7387263383142046
0.9276469776172231
0.9371029217294862
0.7010859536630876
0.8309034292512549
0.4088984821278651
0.7457306833585644
0.9436244227257553
0.9448145503508423
0.7844651873874331
0.6353266691767552
0.8544266098354333
0.8215399425233905
0.765613322342033
0.9563483796315515
0.9688808662291716
0.9150955749404166
0.5805730227891553
0.5979167861955035
0.9368479114446419
0.8786543981947779
0.904929168144514
0.8381314659915002
0.9078823106878304
0.8393276591159182
0.9032969106044175
0.3173620411579749
0.9225221824281759
0.5606615739120814
0.9989894161525719
0.4124193131691595
0.919190923348185
0.9305317076357755
0.9591909936179035
0.8591199276551561
0.8391118673693498
0.4432629005642731
0.7480276177708785
0.4239702042297066
0.7696082688368444
0.9827231920867192
0.3523688339403726
0.9732614736975985
0.7076974582638496
0.7858868122581206
0.8118031817523217
0.9359796790721815
0.874487947804345
0.9361996431822177
0.7559860081770311
0.9286422657423123
0.613349224705533
0.9004173199810288
0.8488967606812228
0.7277955796240303
0.5435316742506477
0.9702399154758683
0.8959776179291117
0.9452063625048122
0.832012316104398
0.8673545739914981
0.9549542936934754
0.5387864192895693
0.9727953821908849
0.9210180159815735
0.6014960139131972
0.9160305355059968
0.6991485118938484
0.5464629215363115
0.7604776923843299
0.8870774855904109
0.9637032055620731
0.8081421516801982
0.4899194927255599
0.5328777196267908
0.5968690497675022
0.5403551832528579
0.7937504979885344
0.580242945457986
0.8102915824183615
0.7132550743134208
0.8189959506259312
0.9109376982416423
0.872456183373651
0.8444106805664413
0.43993014570527506
0.9740098549345687
0.5583359023345846
0.777105541119258
0.9281187185531695
0.8886565106836568
0.7298673016139364
0.9500922946451942
0.8787629087287089
0.4711844711307446
0.8318845007138639
0.623309547432926
0.6234555057818533
0.5140745753582633
0.5570591832029765
0.8262795416499509
0.9514331310052684
0.8178477106653248
0.9327596853152499
0.5410014535482706
0.4131813770897251
0.8578221026488035
0.8483050900595341
0.41520927991914747
0.9669933550195664
0.7985893535500346
0.6843809316960479
0.5049169148493458
0.9046866420950105
0.9443986722613382
0.8037261805130722
0.8660458555984192
0.7624898989209025
0.47278373330569107
0.8303155041709893
0.7605722811537879
0.7128072681843043
0.9890308514258839
0.8035230502188975
0.9653656202787607
0.6007534101323047
0.996333393450226
0.8483347150295375
0.6025967394698533
0.8048452795599979
0.9469203502371673
0.8835378563515606
0.7759313798435886
0.8783328935641511
0.7757844930632396
0.7377656308167512
0.9127265783145257
0.6298974265777175
0.909837021336809
0.8850459465835683
0.6068932588486327
0.8646043557823815
0.8482526850850836
0.9141514726570865
0.8462086649805973
0.8296677186596657
0.9342276479710476
0.9425007829616265
0.7417384261616109
0.5547398426619965
0.7456449073937824
0.8445369993148939
0.9969630356586769
0.7890965251404585
0.831591306455955
0.9043868003195075
0.7140431202393596
0.7041166957345822
0.9912749260375906
0.7850228943315142
0.703863621160104
0.8791295160396344
0.9988059219909676
0.94564752485424
0.8579438478935839
0.9550435579382892
0.7157023623753476
0.47443515631574124
0.3465003518031055
0.7706332594426264
0.60343235046269
0.8857614854417065
0.7327974175641657
0.8857667519727277
0.8561141785616985
0.9778282227155184
0.6123834739238772
0.8757377488794542
0.7946532232504587
0.525094429992307
0.7228070333657298
0.9773579164944093
0.47557936520941546
0.8701716866727456
0.8936702835824266
0.5853986732054904
0.9475414604521494
0.5654005412282159
0.7159050017845896
0.9210236327523619
0.8138732354616536
0.9353638478904989
0.8989865977991311
0.9222576195509663
0.6938638809462062
0.5725280836838148
0.9154004059516869
0.824638399995999
0.8850427589744108
0.770648810455254
0.9869076503827158
0.3203066436600493
0.6062449085639299
0.5456798045917568
0.8199612531593286
0.5694852067614697
0.5639510548528575
0.9224345680612605
0.5910721035586024
0.5542371778126629
0.8647630572603042
0.8009911280479527
0.3782787964532147
0.9240014721630586
0.894189807136369
0.8392063706981104
0.9810751571623402
0.826545009430005
0.9533387000826123
0.606449191323975
0.6616747071836491
0.9125934425194179
0.9302583746507169
0.9493407994065366
0.9401822413036864
0.9482381707242434
0.8940421391955071
0.41455170676440367
0.9163452748704888
0.9637761409513259
0.9098321638807547
0.9128108156628315
0.9350287384321163
0.8670400194015359
0.8272951990743034
0.9215676240971302
0.7647778956273992
0.9402165919332579
0.8589625218041671
0.8790739702884746
0.9242236014391243
0.9409466594342905
0.8766387997891153
0.6598223203404766
0.6314680783834703
0.6197027452986924
0.9336219165542091
0.8520627373453638
0.9087098240655137
0.96185951208052
0.9357612609953219
0.9361248168536334
0.5850150621716277
0.8626055779533679
0.7325555631012126
0.8527088790007046
0.6843889108795852
0.9842968874843208
0.8679822829604897
0.6920412198631595
0.622429170296495
0.9408542791371723
0.7255711479216731
0.69618510091904
0.8362091386881777
0.5781709673566917
0.8703093127627546
0.745913868559369
0.6171871138413443
0.8132215341660003
0.8865886571028927
0.997188260525392
0.6817978746122979
0.9104946769567155
0.9518140782594153
0.9161725573745951
0.7511701282808282
0.8776099596346777
0.5511909503968023
0.5131701633959211
0.5970783667025473
0.9399547719920869
0.5612971042953658
0.7737398746445134
0.6155118854521047
0.9515656432783732
0.7534719544589356
0.8175523071654822
0.8267862111884783
0.8099447231157766
0.44033845377399905
0.9632303584354939
0.9789494751645169
0.6583483145576183
0.6071512507817494
0.9951772228415854
0.9484979645150641
0.6917680860358685
0.9880019494433341
0.850021884908207
0.404045133335448
0.6783017714181176
0.9569353267515714
0.45527923332928333
0.6318919409252243
0.9654261215801421
0.9227127720539752
0.9099153536717755
0.5769370701349852
0.9427465031845357
0.9698203196033499
0.8710462047845897
0.7008437462470297
0.859945821243421
0.9746830374822973
0.8060147673498752
0.6877130918153613
0.6378994075275434
0.7965761271484963
0.9820420628154611
0.8769603468073025
0.7249360245210434
0.9280156684142695
0.848835229831362
0.8430950322365913
0.9848081094692696
0.8792188580089357
0.8515115054881162
0.7797039521467407
0.8964303344850516
0.8588056780838309
0.3647929544090213
0.6216980641674947
0.8627020766266805
0.9801100600997829
0.9718322661495429
0.6993134279383223
0.7802191855441434
0.6441512292662681
0.8121945436317114
0.8077258134659709
0.9110073848886301
0.9326749788063802
0.82517193474711
0.6293524157705832
0.8394166320865282
0.5519300821022339
0.8007293058861646
0.4437345342790977
0.8107550492613913
0.9849862475897437
0.9541406520463522
0.8764046200625557
0.5506604409698534
0.7715395267203389
0.5892259476887906
0.8184478461652966
0.9213029570305602
0.9101983906731885
0.9964912651955145
0.9666123773576767
0.839454313550696
0.9041415426240906
0.5924490642514357
0.8597870776486096
0.8591102076445667
0.7872384668812072
0.8867624124545853
0.9342815101791866
0.6651542551319541
0.9279385345670771
0.695488473046042
0.9534447698967445
0.3999045376429319
0.6929825413624009
0.9209547454108032
0.4829402680132862
0.8997901900055973
0.8076325312222623
0.8968063326988315
0.7296773065702487
0.641998669944386
0.8039840452329798
0.6913751762543321
0.2874910043619248
0.8542086220885045
0.8887757097834001
0.6093933389975195
0.8346705036081036
0.9254517195547735
0.935406682649129
0.8002279246292678
0.5119221158417326
0.9132440609563084
0.8521901858028361
0.5197090275182744
0.8025250232880191
0.560020155724822
0.929352491365088
0.9421896279814028
0.9677038629176464
0.9193418115427849
0.5754407295008119
0.9381394534238126
0.6177340624287386
0.5944561940053603
0.7059803500103016
0.7676234975905174
0.9930309745995376
0.9293255901843344
0.7523415240323611
0.7663955174182077
0.8638794461988013
0.825400967797774
0.7323066467904118
0.4592217501504624
0.8198764768121781
0.9530287063848895
0.9096015786152574
0.8011228615728427
0.9393973525140191
0.8064002401583499
0.7207134512107873
0.682259917768979
0.4575216779881103
0.9964970609478176
0.9817960413236145
0.981307631861237
0.5799894075719061
0.8255402614583978
0.6861889539455568
0.8556950858615993
0.9147118928386808
0.743584532304759
0.8147516430916504
0.9711249151398599
0.9021869992503819
0.97107954919157
0.4040526113478483
0.8695444349382467
0.9119620991971144
0.785154149136299
0.8030882718233354
0.9440970083355903
0.6517614483166432
0.477092681828693
0.4836916225746929
0.9297076633612926
0.8774700343101098
0.8836907513040949
0.9406678034786322
0.6056044294166097
0.7640249474926699
0.8252931794128828
0.6925785907791652
0.47821570545010783
0.839691127213723
0.504720541476137
0.5406140590947048
0.8844483691694396
0.8654131029672975
0.47639941392148977
0.7247953149914677
0.8935476181170452
0.6304368086790602
0.9514070044430785
0.7818752875676401
0.8996586246352514
0.7207981406141168
0.7525118843511098
0.9390984303930808
0.5211426618124393
0.7541054666721382
0.8259949107912761
0.602047886740374
0.7230117155872952
0.8356929449348035
0.9664401619994413
0.8609076588533668
0.952050946580693
0.9671022038789594
0.8489788446872754
0.7978359346006905
0.9229247714724491
0.8970401573521414
0.7244577233577101
0.9418286051989626
0.9182683888303875
0.9809368315811313
0.8669759847690548
0.741451990023237
0.9212127797566174
0.8036361364021603
0.9172972041636633
0.8423134327857829
0.5716527490267483
0.8202083880033699
0.8353824004788747
0.9705717312468016
0.9783938696979918
0.4517001529739665
0.7802588272307992
0.8330931835855409
0.9811689497257523
0.8191716692519942
0.7141484240326491
0.6257739752335223
0.6510396550756532
0.6707675233446052
0.7028457786021619
0.6696109664964106
0.8873232222281098
0.6042869557347499
0.563294907901043
0.6662357497299307
0.951668896756117
0.8336323015462667
0.9506775338251523
0.5074438050210848
0.5816431737836876
0.6151835932298828
0.6827564006902217
0.8471509860596538
0.9465772990320087
0.3889559404343851
0.8219760392778493
0.9866428662234985
0.6175349894477702
0.770955301920251
0.9511820239647155
0.8818821449968115
0.7558473402429031
0.988691018055339
0.4548372655653226
0.750883887390739
0.523214540084495
0.7533331942516501
0.8592367842090879
0.9552414528115569
0.7009239423397464
0.5548894878488848
0.9066502708117081
0.9433869859658284
0.6403195781753577
0.853481349915684
0.9959059256723926
0.9615472720910995
0.6188343240402849
0.7592070996582361
0.8855691079434621
0.8626174145412142
0.9213520245148478
0.7717623826726452
0.7499813040532408
0.36624823706644916
0.43431654201415987
0.8202023909223929
0.7510350769107131
0.9583404666632434
