0.6251608681283896
0.7365643842499359
0.7329548555192117
0.6489095585995031
0.9602510435572242
0.6546064339709127
0.754797494248889
0.7065288329388288
0.7751754477353958
0.880213311860438
0.7663302127128924
0.45708992871611354
0.7272267472498719
0.5977547337182357
0.977699968390765
0.728247663832098
0.7191770446624699
0.884068276434356
0.9494089919697996
0.5247590949624634
0.4483673633182388
0.4568364646999209
0.9394811152717062
0.8861102091689257
0.8278544431741159
0.9176176872262345
0.9718090631510937
0.7482562797183403
0.7917186344135212
0.8074842130000465
0.9692150778940275
0.8845125368219491
0.9463821526732579
0.7875647415076825
0.9734422270204752
0.9751822683709221
0.8203483705445103
0.7705734358154199
0.8736345242873638
0.8673589943296571
0.9444898664949235
0.9784718028607751
0.7275902142173425
0.8658358818314003
0.9569038126093563
0.6085868213260102
0.8212916464601903
0.952611218392954
0.9233926760462556
0.7606480440035923
0.8369905678967937
0.7289275978041152
0.7760117215624884
0.7682389780089804
0.9518930956136991
0.9844096709772279
0.9510381723814716
0.6301976710401819
0.995228998715125
0.768952837952283
0.9552681125393261
0.419425045353617
0.741010439628552
0.37137787355493174
0.6185281430518205
0.743444915380355
0.9040816635588901
0.7523773366812954
0.994266353367855
0.9487167617146117
0.8448193300955629
0.9971583706426095
0.8131377634616866
0.5062410596365327
0.6894659389110668
0.8410745054482475
0.7536977419534404
0.29458959384357875
0.7791335451377006
0.8065904628330803
0.9725407670330231
0.8172837276707159
0.6509484645419804
0.6860501632320053
0.8857704097876823
0.44225226335187146
0.9273591098460061
0.6784214712456367
0.9708925077646453
0.9283973803247156
0.8414754689368125
0.7570731021542828
0.9330649126625326
0.9650880202984475
0.828911389907142
0.8929856956397701
0.9114475781486746
0.5832935935068059
0.899200876290136
0.9435484467303119
0.9276911347238999
0.9052198273361063
0.7222586766977828
0.7780359606983522
0.8642022963392222
0.7312896611629349
0.8675927421645551
0.9252181045181713
0.6853924721812789
0.9910252429474973
0.8303843613990727
0.943148569536847
0.8453987958015607
0.43744199157937214
0.9500929924290166
0.941298837763439
0.6995299825256224
0.5695300987580403
0.8626247688070432
0.8099929488738525
0.8151630259362768
0.9915726222720938
0.8953393926798078
0.8624256602538951
0.9587563407338273
0.8396672980345661
0.8300540908294602
0.613055144254233
0.9500753643466446
0.689286112940033
0.5688932533011369
0.8063104219938131
0.5585746010069077
0.3884875517026073
0.844913974374564
0.8799452753505344
0.869590409550238
0.8809083455382968
0.9872600947812259
0.5024102827986727
0.8971976750107913
0.7524914017900964
0.7172603836393449
0.9980181955802523
0.8371920485898305
0.7127354973793482
0.9884056353621087
0.9991062399854043
0.44388387283599506
0.8591707730397083
0.96562536919247
0.8566454032792471
0.7145066059180519
0.733347863514407
0.9568093029578115
0.6421067839442047
0.7563872630036348
0.8911286162575907
0.9169677955171107
0.45765752051635866
0.8331634982734082
0.6250209744122647
0.6455743481876697
0.9369924014630486
0.8886349855558231
0.6711935671972438
0.83784784731422
0.8755037389023469
0.7985432938829063
0.9982422053137932
0.8806088891031674
0.9357998054378287
0.6704683013463504
0.9270633088925054
0.9673711933276813
0.8509257099044868
0.7554496318480504
0.9779485912258838
0.7718481696238094
0.8575804985651254
0.3343162280797183
0.8445465433284811
0.8862463892448629
0.9535198027944578
0.7697496664581103
0.36092301358395745
0.9007945320163908
0.6254379583827311
0.997074805450423
0.9015442204507242
0.8158240316930708
0.9488672222944383
0.8417569079006995
0.9332754667863696
0.6557301844355641
0.9831414141165242
0.742579952323597
0.7650023221081983
0.8792429334556615
0.7911347845120136
0.9358740557046007
0.46066652929768487
0.902539629979305
0.938292495025037
0.9448384737626399
0.8714927560495047
0.9615047058928028
0.8982139877294301
0.8088499450482602
0.8739633079353254
0.5646558359980736
0.7725233571434686
0.8163698964414464
0.9546416308137161
0.3192612097592314
0.9460982046150395
0.7385044141685855
0.4829863960871205
0.9082696449648928
0.8839067675187221
0.7188776111255651
0.7441283796748166
0.5513039257846741
0.8682459098319248
0.6686607020758548
0.8652266075269774
0.7907487677667313
0.7808628686169128
0.8868368479446542
0.9753415382927164
0.8552378650438659
0.9422357875125935
0.9190432406936901
0.9247016826661273
0.9347931704204602
0.9451861196703235
0.8351495824576703
0.9142272134441181
0.5114180568048474
0.8701782472087833
0.937318230609058
0.9891615225001421
0.8653751947821372
0.5065411906299346
0.5396748326201831
0.9586567373826163
0.666635498834505
0.7427883506760141
0.8281960774604984
0.7346626326818361
0.9273164981965303
0.7675238091219686
0.8955744642635585
0.863369066478439
0.8472631221444296
0.8886104163361658
0.706999853006459
0.49478663063793094
0.819223448498249
0.9471819936005628
0.9413988260007873
0.6603045666678916
0.9521206186221038
0.7193803747603649
0.8042373186702052
0.8863192924163683
0.66318311087819
0.9053619507213282
0.5906448245292552
0.8216118437049234
0.8582347567203401
0.8083721720442649
0.6040254267784952
0.9594730043649795
0.7903013369089211
0.779392726088432
0.7921592764774799
0.479647809797238
0.9204417851163114
0.40601676266781506
0.7568320769531613
0.8288964560641625
0.8375409532940771
0.7890662018013452
0.6327712762187505
0.8951959765702723
0.7366228819412461
0.9368866442830259
0.7316331773554182
0.9956337831395143
0.8494031137561397
0.9110148322194191
0.9498322953250549
0.8591192171137321
0.7513126982418086
0.941730498082519
0.9882785737225084
0.9964722986028328
0.8644680674468149
0.9083031867528424
0.7263950497644103
0.8682382268383974
0.6059597009747478
0.392822104795973
0.9398886127713678
0.9072261351927946
0.6322875777710963
0.9534408042731517
0.9610769667101968
0.7188460396733385
0.75440923392767
0.9876322027226558
0.39046988244481085
0.9871937832038831
0.8049125865748119
0.9151225085763526
0.662800919288618
0.9421927533952147
0.8685812856375102
0.5432088806878589
0.9097820961088607
0.9272489334194898
0.7947960853673672
0.970423026367923
0.987440232003507
0.9822288018340231
0.8322058124028858
0.867981595819845
0.8767689120039217
0.5371861332992929
0.820080757007305
0.8415297513064661
0.9783012951819535
0.9352101712558303
0.8476542373778743
0.5465820119230399
0.5513152571632243
0.5638180511206616
0.8961672759927588
0.715292200643307
0.45686284243831066
0.9436740547095079
0.5252257276865585
0.7843473142637639
0.9789303631266245
0.9921509171106926
0.601288714051627
0.9277724190067808
0.7559320215823104
0.9326697042462099
0.8755534926808988
0.8935625669981414
0.8687576725286692
0.9782036883812868
0.7804091871685703
0.7141142527775309
0.7725461997980237
0.7677974743704461
0.6340312726175421
0.7891481457854312
0.7808229545990003
0.8796779534333794
0.7857052658462739
0.9080312878685337
0.7389121875203128
0.9070729388624093
0.8258817508376141
0.564808822475622
0.9822866240983326
0.9869930273539451
0.8661620834923957
0.9664303097678835
0.6142078303831768
0.7972387061011245
0.9518056647193794
0.5211540730763203
0.9690161373885713
0.6379085346723821
0.5115222011931475
0.7388903142301186
0.5450343591041361
0.8389821202045169
0.9722688773092893
0.9439886335595576
0.5640876088852762
0.6187149067704754
0.9701843297597659
0.8120487754653776
0.9957016835526122
0.846418111621855
0.4008811210243812
0.8123172330808262
0.8841943229915934
0.6536231657465518
0.8191753318252744
0.8014658661709206
0.8875400125280488
0.9225434587517387
0.8556753758296743
0.9460082714854066
0.7422259635521065
0.5666349519810607
0.8902858067021956
0.616376274148162
0.4616848175478355
0.5599638026602087
0.8797715257988951
0.35137408849897755
0.9748664811856576
0.7638983723826562
0.965449454890534
0.5631652191161157
0.9079566583652304
0.898255529295062
0.5769848170793277
0.40928670264350464
0.4296499980394099
0.9739316996403521
0.8391947517785023
0.932039368063565
0.49551923010637894
0.9020571732657374
0.8667534923981369
0.9594083052132132
0.8844150978816077
0.9794178157132076
0.7642690654485894
0.9654801221969745
0.9564187966905293
0.9324597117657769
0.678767038110005
0.896325166599668
0.447193279720319
0.9080195452046993
0.8824349080369855
0.8429128626044415
0.9660263747881714
0.5438214778371623
0.6191020203226212
0.6049828473751725
0.9592615515496933
0.9898560380860644
0.916624936645271
0.801108426964309
0.6836452948742112
0.7075228634270092
0.7903164962617545
0.8653760398268967
0.3445572272313945
0.6824805019390758
0.94408977533689
0.9564982579977948
0.9067465473298202
0.2536862455630119
0.7959306392541893
0.5353120968772652
0.7758905855619169
0.826156792267198
0.7591150349093462
0.7949897801633206
0.7026360029408873
0.9339749179227879
0.8442903557375596
0.9880209288464767
0.9957557367440526
0.30433938141409966
0.6404685843754631
0.5788945383612982
0.6516725269051575
0.4764610225631167
0.9212149554020641
0.9828709012905106
0.7839523191127971
0.9972248226696492
0.8332035718062178
0.9843992959190073
0.9819139421635117
0.9563545243891303
0.8950829389344203
0.8844845746051151
0.40967728295675016
0.5528621815208685
0.584792968194683
0.8731300956943244
0.7919466004346709
0.8404658552853161
0.8460065222066224
0.8005775779405958
0.8744492703895139
0.8543563563596741
0.6866212783453647
0.7446141368026546
0.9386495348633548
0.9058202558563389
0.9857233818057762
0.5689188910697129
0.7541601669738704
0.9594702841398461
0.952570538280205
0.9875323650991528
0.7817271892917367
0.7508377106414945
0.3064124111368117
0.8445745102763276
0.780626740035757
0.9836347925671713
0.9642473128362838
0.8840700487506568
0.5112428222139429
0.9676031334679898
0.9531388561016713
0.4418350232686794
0.6912070401812261
0.9754326731328715
0.9894549372206349
0.9436086642250692
0.9895598107039695
0.8957605111653064
0.9735427857224851
0.9385842823743372
0.6038103984786749
0.8582617843604481
0.9499128234842443
0.8635738909585121
0.9712432890676784
0.9616380022808907
0.8577370345118316
0.8855570099905855
0.9670489587411947
0.8205303392193715
0.5032132615261193
0.9141533642237947
0.6877914799096597
0.6500365534417714
0.5291619314001118
0.6062889920048662
0.8515539687118738
0.8233289346888149
0.857711781665475
0.4914831242996951
0.9468743270144178
0.45392938358159685
0.7157056591313199
0.8829206963937615
0.9268707458833686
0.6223184812279384
0.8094288846425755
0.9372931411177972
0.8811953849308105
0.9740191673679821
0.6926917185315261
0.3394024732750797
0.9767595892742829
0.8471009037435527
0.6644660957892226
0.9048573622527379
0.7133878088025793
0.8069929324972691
0.5674956197421924
0.938575626818171
0.8452669834676387
0.6370094846232928
0.8956870881044248
0.8464628301338788
0.9567630568417873
0.981399008334118
0.8433957688033292
0.9015084307443102
0.40358285767902075
0.9772429406749199
0.4758993448546106
0.9610114558964998
0.9775913773771809
0.8865674797959877
0.42163340021248114
0.6531620737548772
0.7526408307248601
0.770860555171937
0.9566758268229529
0.882159389450373
0.9045261997177939
0.7661361092383656
0.7312447526051733
0.9284374910186577
0.8332811994252106
0.8018537163509154
0.830771076505229
0.6048958682870242
0.8093867275429227
0.9783777702020087
0.8726794706876744
0.4722332021868043
0.8159944387351739
0.9998938724269274
0.848105622781752
0.8291817382380926
0.9915320734276301
0.7546842005291383
0.9357453096239221
0.8945112405650566
0.5918774177683133
0.8521757926079789
0.8513896734562716
0.7163804325845395
0.6670596325416325
0.9276715255303867
0.9261480850418924
0.42026844202801367
0.8495932917724471
0.5648307285807472
0.7908002078125875
0.606466590805408
0.3518028468311071
0.7014408441344688
0.8071939746039645
0.88702384142448
0.702627075572424
0.8709270124169946
0.9664879764762335
0.888190869182772
0.7156039595342389
0.7473958412515992
0.950429554150762
0.9831543276085876
0.7549060786547688
0.9147208321712528
0.45009906363576185
0.6597998062078587
0.824350645279599
0.40616070742587596
0.8588268662687665
0.8975727019230944
0.5961355138848788
0.9003002880435503
0.5290930416282686
0.8665247814881787
0.9628723138978377
0.8126223503500336
0.8673482356964344
0.8558444062969869
0.7756037908930674
0.6371716919719237
0.8063204316925516
0.634409204528814
0.8869686334670694
0.7909979655702633
0.8168681104497882
0.7342397200439119
0.8360004137966981
0.5232653918137165
0.9277360414255235
0.7038137236274338
0.7652542273230875
0.9196129538609161
0.8426961096298187
0.8810622448391245
0.9394035782473737
0.7465702818801723
0.7878100169867982
0.4417568153996707
0.7211173760008665
0.8423771197254796
0.5433348331979772
0.98063122093292
0.4096291217405292
0.9802582768049126
0.9808887914999809
0.9921512173496198
0.9100784161420554
0.8745304649758749
0.7450470131267247
0.9991896662881983
0.5517875023323515
0.7982693350825603
0.9855863633516992
0.9951813688221682
0.9478317114923782
0.6982682594625936
0.9719068885831585
0.9545634980936586
0.9204476858805666
0.492304030743837
0.844846643421169
0.39883981159802206
0.7444841081705005
0.7511249291557026
0.8705991160263498
0.7488365218311834
0.8105004078878835
0.873332204994983
0.8809395209124731
0.9484065654663731
0.9764971725111885
0.7709069340422229
0.4525369611810713
0.801247677612523
0.3712918948910347
0.9798458498881584
0.6104256799488271
0.9441722392240846
0.6712283740819787
0.8920637578706465
0.9249794965438964
0.729799309835811
0.7778793439071702
0.9328512685635405
0.9722886934787471
0.8873559861877545
0.8333941541082561
0.8291022074184322
0.5841195453525619
0.9540554417503094
0.5745924499242387
0.988117133819818
0.7773789943265492
0.6499412449314454
0.5153551274663359
0.6090284160957888
0.9271811960129656
0.9684744840630606
0.35239634736360254
0.9810983382102076
0.7654069923085776
0.6811871666554183
0.5692080488564811
0.5776143383409518
0.8612973964338307
0.8790317602734969
0.8263779520222547
0.9442795524561162
0.7775153821210825
0.8793708146904001
0.8435873648067793
0.9745853040057177
0.7483797045222162
0.7895675101798544
0.9634913558946583
0.9447636263691579
0.6196533816007339
0.6172813367121804
0.6662473031426097
0.6010811368556915
0.8176837717497809
0.9812581751224925
0.67405781991805
0.2538168432414924
0.2927540873717008
0.5495243142757376
0.6927910107951288
0.5678577087466703
0.8167252937111557
0.4802043826696284
0.8991413997717577
0.9220021074590699
0.9622816371916247
0.9576381483442014
0.7628419623786169
0.9408407531030829
0.7841810895741581
0.6744793704898311
0.44019424851587263
0.8397276217817379
0.9956725394561468
0.9415461537979785
0.8855554027116981
0.6105649228782828
0.8813537703222677
0.8433778532312164
0.8294683515046561
0.8906254574011645
0.8843768757922551
0.8982001749302345
0.9466970547239506
0.6750076708942265
0.9537635022331046
0.7835943883208686
0.9520758664741386
0.9625198961537694
0.7503448112009461
0.8805807403755121
0.8837928385022824
0.7461628733398401
0.7716819582418989
0.8681103333774883
0.8984079507273182
0.8737833515108367
0.8256025426690445
0.8218602478577909
0.9645256205153344
0.7702419077744342
0.7609290814277323
0.8197271570225095
0.9321957147790927
0.7033745623710073
0.9808162148291423
0.7503509300104132
0.9508821878040267
0.43862854597667084
0.2487798568187088
0.7632338045124105
0.5955242690892966
0.7762228460534748
0.6200306713560484
0.5380203409867725
0.6648030106462844
0.8034587051698818
0.7235816382545524
0.8339833294982539
0.7129934215477224
0.4704388699713037
0.9667469548434511
0.5096645405609769
0.6866870069700667
0.9916171397976373
0.8458736724829248
0.7890029683335107
0.7842740111191944
0.888999293619345
0.617402411817682
0.8373820709795636
0.6365806874176798
0.9695020786686366
0.8215037431211432
0.817122155198919
0.9613404349031756
0.8092376015684748
0.7860768160330616
0.8112102519771193
0.7308358090747721
0.5327182396442736
0.7830952787771204
0.8317303297489727
0.7870057308680126
0.30949477928258506
0.8662991470916388
0.8133503654282519
0.5717381817722794
0.8746278673206346
0.9394369156884363
0.9886612220805048
0.7809153494352934
0.8311487884979887
0.5584861376074206
0.9608219130260571
0.855587170517973
0.5635793780377286
0.6064419598682076
0.8836960480476388
0.8752268690211327
0.8039834430530007
0.6390696384125754
0.9919850511083598
0.6016622064052121
0.937039548583196
0.9947121187453709
0.49032152133204276
0.9304247044272105
0.8718438502337651
0.8639212935754863
0.6038455986608652
0.7809707557786341
0.8814742503470704
0.5219772550418722
0.8655629366155554
0.938814938635818
0.8863648454215777
0.4604446211745059
0.843435149477876
0.7054398533151087
0.791163780860998
0.2817642797386028
0.9173003251874076
0.7999030969656518
0.9624145340204209
0.878851775166639
0.8464341825262318
0.9668590621285185
0.9267753940964016
0.8420518315292025
0.9637664204306587
0.9063578887035645
0.5431035837916152
0.9249289557873368
0.5184340985802476
0.7830267606939874
0.48195022974564916
0.9444614693865316
0.9210471935124265
0.7570273766206639
0.9628061591114888
0.860563108755973
0.7260189368609097
0.9888139666287552
0.7806045992787483
0.8168140413293297
0.837361217245941
0.7282012465663538
0.5945000456743855
0.8223201646806721
0.9380444299237105
0.9669392974812505
0.7262953093194938
0.4588322852126403
0.9304751536809617
0.776169964207539
0.8492375121459435
0.6413470804135244
0.6769820395418501
0.9652611195948645
0.9368083738363926
0.6566443264885288
0.7118242274345784
0.7348647463854093
0.8063161804486264
0.9787942859563246
0.9574162719490993
0.7524352684452931
0.7673387472308466
0.9479294753707881
0.8857901015097442
0.4223276782286823
0.8769687285181831
0.7026967563978967
0.6989146134082416
0.80738160607789
0.7493663116552745
0.7645750715940711
0.9876341353094271
0.7200890127549064
0.7738740291141505
0.6279726653818959
0.6420286928888286
0.8542713948433547
0.8134995561364347
0.789471835976841
0.9614271246008343
0.9926918072565023
0.799258066942309
0.9869265112154875
0.8354280546806234
0.8082129478598132
0.5475510458315933
0.8609885847831984
0.669100005240053
0.9064668916047183
0.5019801179636849
0.9804964496415715
0.5777771545152437
0.9851447741005531
0.9545130998970536
0.9688959696741175
0.6272687641618201
0.9015667726387286
0.9516063795600245
0.8768670666645262
0.37171334779062704
0.5180270007843311
0.7236263663545438
0.9148280496800664
0.9799679697716017
0.4398759482937556
0.7722204932368031
0.8766590726055813
0.7282180101377276
0.8359616997073942
0.796010238495512
0.89958910387522
0.6825222428665679
0.8168814414758709
0.7319386866899065
0.9838210340979878
0.8114284685469151
0.7347684160074944
0.44805821761155806
0.8378521845784981
0.9356555370161691
0.7531725938568943
0.848819025404968
0.8114764304362904
0.824292857981826
0.7338655793102689
0.8779689701436537
0.42068513059588275
0.513290094755282
0.6083330740391929
0.9887500857296667
0.9612046461943967
0.8672206960811876
0.6846898507985362
0.7460293636496511
0.8829568990284803
0.9510281100011068
0.49009282035926316
0.9535745347751124
0.5115343348653376
0.9341084496281771
0.9247902501785866
0.3950277396136661
0.7566010249189437
0.8782964241727953
