0.20409955317102538
0.7072328798717832
0.9775757807544375
0.8390768926783487
0.9259502671840949
0.3961974110756976
0.9426170816233099
0.9207377774909988
0.7072328798717832
0.9276683723085618
0.03244011567405537
0.20409955317102538
0.20409955317102538
0.7728168585224642
0.9259502671840949
0.8390768926783487
0.02576508837390564
0.9775757807544375
0.9426170816233099
0.7728168585224642
0.20409955317102538
0.8390768926783487
0.8390768926783487
0.9426170816233099
0.6935740613403228
0.9259502671840949
0.03244011567405537
0.9775757807544375
0.6935740613403228
0.8390768926783487
0.9259502671840949
0.7072328798717832
0.3961974110756976
0.03244011567405537
0.9426170816233099
0.7728168585224642
0.3961974110756976
0.9426170816233099
0.9426170816233099
0.8390768926783487
0.6935740613403228
0.6935740613403228
0.6935740613403228
0.3961974110756976
0.9259502671840949
0.9426170816233099
0.8390768926783487
0.6935740613403228
0.9775757807544375
0.6935740613403228
0.03244011567405537
0.20409955317102538
0.7072328798717832
0.9426170816233099
0.6935740613403228
0.3961974110756976
0.9426170816233099
0.9259502671840949
0.6935740613403228
0.3961974110756976
0.8390768926783487
0.7728168585224642
0.8390768926783487
0.3961974110756976
0.6935740613403228
0.9426170816233099
0.9426170816233099
0.03244011567405537
0.7728168585224642
0.6935740613403228
0.9741199186189407
0.3961974110756976
0.8390768926783487
0.6935740613403228
0.7728168585224642
0.9259502671840949
0.8390768926783487
0.6935740613403228
0.9426170816233099
0.7728168585224642
0.6935740613403228
0.7728168585224642
0.7072328798717832
0.7728168585224642
0.6935740613403228
0.3961974110756976
0.3961974110756976
0.47345766116662746
0.9775757807544375
0.9775757807544375
0.6935740613403228
0.9775757807544375
0.7728168585224642
0.7728168585224642
0.7728168585224642
0.5934680447020699
0.9426170816233099
0.7072328798717832
0.9426170816233099
0.6935740613403228
0.7728168585224642
0.9775757807544375
0.7728168585224642
0.03244011567405537
0.7728168585224642
0.3961974110756976
0.9259502671840949
0.7728168585224642
0.7072328798717832
0.03244011567405537
0.9426170816233099
0.3961974110756976
0.6935740613403228
0.9426170816233099
0.20409955317102538
0.20409955317102538
0.6935740613403228
0.6935740613403228
0.5043157940785887
0.3961974110756976
0.9426170816233099
0.9426170816233099
0.05358421688719586
0.7728168585224642
0.9259502671840949
0.9426170816233099
0.9259502671840949
0.7728168585224642
0.9775757807544375
0.3961974110756976
0.7728168585224642
0.9426170816233099
0.6935740613403228
0.8390768926783487
0.03244011567405537
0.7728168585224642
0.7728168585224642
0.7728168585224642
0.6935740613403228
0.7072328798717832
0.7728168585224642
0.7728168585224642
0.9426170816233099
0.9775757807544375
0.3961974110756976
0.9426170816233099
0.3961974110756976
0.3961974110756976
0.20409955317102538
0.9775757807544375
0.7728168585224642
0.9775757807544375
0.7728168585224642
0.7072328798717832
0.20409955317102538
0.8221210386487762
0.03244011567405537
0.3961974110756976
0.8390768926783487
0.7728168585224642
0.9259502671840949
0.7072328798717832
0.9426170816233099
0.7728168585224642
0.3961974110756976
0.6935740613403228
0.7728168585224642
0.6935740613403228
0.9775757807544375
0.9259502671840949
0.9426170816233099
0.9426170816233099
0.03244011567405537
0.9259502671840949
0.9207377774909988
0.6935740613403228
0.6935740613403228
0.7728168585224642
0.7728168585224642
0.3961974110756976
0.8390768926783487
0.3961974110756976
0.8390768926783487
0.7728168585224642
0.7072328798717832
0.9426170816233099
0.20409955317102538
0.9426170816233099
0.7728168585224642
0.9775757807544375
0.7728168585224642
0.7728168585224642
0.8390768926783487
0.9259502671840949
0.9426170816233099
0.3961974110756976
0.6935740613403228
0.8390768926783487
0.05358421688719586
0.7728168585224642
0.6935740613403228
0.9586713250859393
0.6935740613403228
0.9775757807544375
0.7728168585224642
0.6935740613403228
0.9426170816233099
0.6935740613403228
0.9426170816233099
0.9259502671840949
0.6935740613403228
0.3961974110756976
0.9259502671840949
0.7728168585224642
0.7728168585224642
0.38847438297938264
0.9259502671840949
0.7072328798717832
0.7728168585224642
0.2768253491178162
0.7728168585224642
0.3961974110756976
0.3961974110756976
0.9426170816233099
0.9426170816233099
0.6935740613403228
0.7728168585224642
0.9259502671840949
0.3961974110756976
0.7728168585224642
0.7728168585224642
0.7728168585224642
0.6935740613403228
0.9426170816233099
0.9426170816233099
0.9426170816233099
0.9775757807544375
0.6935740613403228
0.9775757807544375
0.20409955317102538
0.8390768926783487
0.6935740613403228
0.6935740613403228
0.9775757807544375
0.7072328798717832
0.9426170816233099
0.9775757807544375
0.9426170816233099
0.9426170816233099
0.6935740613403228
0.7072328798717832
0.8390768926783487
0.7728168585224642
0.9775757807544375
0.9426170816233099
0.6935740613403228
0.3961974110756976
0.6935740613403228
0.03244011567405537
0.9259502671840949
0.8390768926783487
0.9426170816233099
0.8390768926783487
0.8221210386487762
0.6935740613403228
0.9259502671840949
0.9775757807544375
0.7728168585224642
0.7728168585224642
0.3961974110756976
0.6935740613403228
0.03244011567405537
0.8390768926783487
0.7728168585224642
0.7728168585224642
0.9426170816233099
0.7728168585224642
0.9426170816233099
0.3961974110756976
0.9426170816233099
0.6266042712156852
0.9426170816233099
0.9259502671840949
0.7728168585224642
0.3961974110756976
0.03244011567405537
0.9426170816233099
0.20409955317102538
0.03244011567405537
0.9259502671840949
0.6935740613403228
0.8390768926783487
0.6935740613403228
0.6935740613403228
0.9426170816233099
0.3961974110756976
0.8390768926783487
0.3961974110756976
0.9259502671840949
0.7072328798717832
0.20409955317102538
0.9426170816233099
0.3961974110756976
0.3961974110756976
0.2768253491178162
0.3961974110756976
0.6935740613403228
0.9259502671840949
0.3961974110756976
0.6935740613403228
0.3961974110756976
0.9775757807544375
0.9259502671840949
0.7072328798717832
0.6935740613403228
0.6935740613403228
0.03244011567405537
0.9426170816233099
0.20409955317102538
0.20409955317102538
0.3961974110756976
0.6935740613403228
0.9426170816233099
0.6935740613403228
0.3961974110756976
0.8390768926783487
0.03244011567405537
0.7072328798717832
0.6935740613403228
0.3961974110756976
0.6935740613403228
0.7072328798717832
0.3961974110756976
0.03244011567405537
0.3961974110756976
0.7728168585224642
0.03244011567405537
0.9259502671840949
0.9426170816233099
0.9426170816233099
0.3961974110756976
0.6935740613403228
0.6935740613403228
0.6935740613403228
0.9259502671840949
0.9426170816233099
0.9775757807544375
0.9259502671840949
0.3961974110756976
0.20409955317102538
0.47345766116662746
0.9741199186189407
0.6935740613403228
0.8390768926783487
0.6935740613403228
0.3961974110756976
0.3961974110756976
0.9259502671840949
0.7072328798717832
0.6935740613403228
0.7728168585224642
0.03244011567405537
0.9426170816233099
0.3961974110756976
0.3961974110756976
0.9426170816233099
0.6935740613403228
0.6935740613403228
0.3961974110756976
0.9426170816233099
0.7728168585224642
0.5043157940785887
0.7728168585224642
0.7072328798717832
0.20409955317102538
0.7728168585224642
0.9426170816233099
0.9426170816233099
0.9426170816233099
0.3961974110756976
0.6935740613403228
0.3961974110756976
0.9741199186189407
0.9775757807544375
0.3961974110756976
0.8390768926783487
0.9426170816233099
0.6935740613403228
0.03244011567405537
0.03244011567405537
0.8390768926783487
0.8390768926783487
0.03244011567405537
0.03244011567405537
0.9259502671840949
0.6935740613403228
0.20409955317102538
0.8390768926783487
0.7059579461071004
0.7728168585224642
0.6935740613403228
0.9380292351669846
0.9426170816233099
0.20409955317102538
0.7728168585224642
0.7728168585224642
0.9259502671840949
0.7072328798717832
0.9607632818053018
0.6935740613403228
0.7072328798717832
0.6935740613403228
0.20409955317102538
0.9259502671840949
0.6935740613403228
0.03244011567405537
0.47345766116662746
0.9426170816233099
0.03244011567405537
0.20409955317102538
0.6935740613403228
0.9775757807544375
0.8390768926783487
0.9426170816233099
0.03244011567405537
0.9775757807544375
0.6935740613403228
0.6935740613403228
0.9426170816233099
0.20409955317102538
0.6935740613403228
0.8390768926783487
0.20409955317102538
0.6935740613403228
0.6935740613403228
0.03244011567405537
0.9259502671840949
0.2768253491178162
0.8390768926783487
0.6935740613403228
0.9426170816233099
0.7728168585224642
0.9259502671840949
0.6935740613403228
0.6935740613403228
0.9775757807544375
0.03244011567405537
0.03244011567405537
0.9426170816233099
0.03244011567405537
0.7728168585224642
0.6935740613403228
0.8390768926783487
0.7728168585224642
0.9775757807544375
0.7728168585224642
0.9426170816233099
0.20409955317102538
0.9426170816233099
0.9426170816233099
0.7072328798717832
0.02576508837390564
0.3961974110756976
0.7728168585224642
0.3961974110756976
0.02394696543224822
0.9775757807544375
0.03244011567405537
0.03244011567405537
0.9775757807544375
0.8390768926783487
0.7728168585224642
0.9426170816233099
0.8390768926783487
0.20409955317102538
0.9426170816233099
0.9586713250859393
0.7728168585224642
0.03244011567405537
0.7072328798717832
0.9775757807544375
0.9259502671840949
0.9426170816233099
0.6935740613403228
0.7072328798717832
0.20409955317102538
0.7728168585224642
0.3961974110756976
0.6935740613403228
0.3961974110756976
0.8390768926783487
0.03244011567405537
0.7072328798717832
0.9426170816233099
0.7728168585224642
0.3458755765553256
0.5321782836112616
0.6935740613403228
0.9426170816233099
0.3961974110756976
0.6935740613403228
0.9259502671840949
0.3961974110756976
0.5934680447020699
0.9426170816233099
0.9259502671840949
0.20409955317102538
0.9259502671840949
0.7728168585224642
0.3961974110756976
0.7728168585224642
0.7728168585224642
0.9775757807544375
0.8390768926783487
0.9426170816233099
0.9426170816233099
0.9426170816233099
0.9775757807544375
0.7728168585224642
0.7728168585224642
0.3961974110756976
0.3961974110756976
0.7728168585224642
0.7072328798717832
0.9426170816233099
0.9259502671840949
0.9259502671840949
0.6935740613403228
0.7072328798717832
0.6935740613403228
0.9426170816233099
0.3961974110756976
0.7728168585224642
0.7059579461071004
0.7728168585224642
0.3961974110756976
0.9775757807544375
0.38847438297938264
0.03244011567405537
0.7728168585224642
0.8390768926783487
0.7072328798717832
0.7072328798717832
0.9259502671840949
0.6935740613403228
0.3961974110756976
0.8390768926783487
0.8626441530804869
0.9775757807544375
0.7072328798717832
0.7728168585224642
0.9426170816233099
0.03244011567405537
0.20409955317102538
0.03244011567405537
0.6935740613403228
0.7728168585224642
0.9426170816233099
0.9426170816233099
0.5321782836112616
0.03244011567405537
0.7728168585224642
0.9259502671840949
0.9426170816233099
0.03244011567405537
0.6935740613403228
0.20409955317102538
0.3961974110756976
0.9426170816233099
0.03244011567405537
0.9259502671840949
0.3961974110756976
0.9259502671840949
0.03244011567405537
0.9775757807544375
0.6935740613403228
0.9426170816233099
0.7072328798717832
0.20409955317102538
0.3961974110756976
0.03244011567405537
0.7728168585224642
0.9775757807544375
0.9426170816233099
0.20409955317102538
0.03244011567405537
0.9259502671840949
0.8390768926783487
0.03244011567405537
0.9426170816233099
0.9607632818053018
0.3961974110756976
0.7072328798717832
0.8390768926783487
0.9259502671840949
0.8390768926783487
0.20409955317102538
0.3961974110756976
0.7728168585224642
0.6935740613403228
0.20409955317102538
0.9426170816233099
0.7728168585224642
0.7728168585224642
0.3961974110756976
0.9426170816233099
0.8390768926783487
0.03244011567405537
0.3961974110756976
0.3961974110756976
0.9426170816233099
0.6935740613403228
0.6935740613403228
0.9426170816233099
0.8390768926783487
0.9426170816233099
0.7059579461071004
0.5043157940785887
0.7728168585224642
0.8390768926783487
0.3961974110756976
0.03244011567405537
0.3961974110756976
0.9426170816233099
0.20409955317102538
0.6935740613403228
0.3961974110756976
0.8390768926783487
0.7059579461071004
0.9775757807544375
0.9426170816233099
0.3961974110756976
0.6935740613403228
0.7728168585224642
0.9259502671840949
0.6935740613403228
0.9259502671840949
0.7728168585224642
0.3961974110756976
0.3961974110756976
0.7728168585224642
0.9259502671840949
0.03244011567405537
0.8221210386487762
0.9775757807544375
0.9586713250859393
0.6935740613403228
0.7728168585224642
0.9259502671840949
0.6935740613403228
0.6935740613403228
0.9426170816233099
0.7728168585224642
0.9259502671840949
0.7728168585224642
0.9426170816233099
0.9775757807544375
0.3961974110756976
0.9775757807544375
0.03244011567405537
0.7072328798717832
0.03244011567405537
0.9426170816233099
0.5321782836112616
0.7728168585224642
0.8390768926783487
0.7728168585224642
0.6935740613403228
0.7072328798717832
0.3961974110756976
0.6935740613403228
0.9259502671840949
0.6935740613403228
0.20409955317102538
0.3961974110756976
0.8390768926783487
0.9259502671840949
0.9259502671840949
0.3961974110756976
0.9775757807544375
0.9426170816233099
0.6935740613403228
0.20409955317102538
0.9426170816233099
0.7072328798717832
0.7728168585224642
0.9426170816233099
0.9426170816233099
0.6935740613403228
0.8390768926783487
0.6935740613403228
0.9426170816233099
0.3961974110756976
0.9426170816233099
0.3458755765553256
0.03244011567405537
0.3961974110756976
0.5321782836112616
0.9426170816233099
0.03244011567405537
0.6935740613403228
0.7072328798717832
0.7728168585224642
0.7728168585224642
0.9775757807544375
0.6935740613403228
0.3961974110756976
0.7728168585224642
0.3961974110756976
0.9426170816233099
0.9426170816233099
0.9775757807544375
0.20409955317102538
0.3961974110756976
0.3961974110756976
0.9259502671840949
0.7072328798717832
0.6935740613403228
0.9426170816233099
0.9426170816233099
0.9426170816233099
0.3961974110756976
0.8390768926783487
0.8390768926783487
0.03244011567405537
0.7072328798717832
0.7728168585224642
0.8390768926783487
0.7072328798717832
0.7728168585224642
0.03244011567405537
0.3961974110756976
0.9426170816233099
0.9775757807544375
0.3961974110756976
0.9775757807544375
0.6935740613403228
0.7072328798717832
0.7728168585224642
0.03244011567405537
0.3961974110756976
0.8390768926783487
0.7072328798717832
0.9259502671840949
0.9775757807544375
0.3961974110756976
0.9426170816233099
0.9426170816233099
0.7728168585224642
0.9426170816233099
0.7728168585224642
0.9426170816233099
0.7728168585224642
0.7223476832712601
0.6935740613403228
0.9426170816233099
0.8221210386487762
0.3961974110756976
0.20409955317102538
0.9775757807544375
0.9426170816233099
0.3961974110756976
0.9426170816233099
0.03244011567405537
0.6935740613403228
0.3961974110756976
0.9426170816233099
0.9259502671840949
0.6935740613403228
0.7728168585224642
0.3961974110756976
0.6935740613403228
0.9775757807544375
0.03244011567405537
0.7728168585224642
0.5321782836112616
0.47345766116662746
0.6935740613403228
0.3961974110756976
0.6935740613403228
0.6935740613403228
0.9426170816233099
0.7072328798717832
0.7728168585224642
0.9426170816233099
0.3961974110756976
0.9426170816233099
0.7059579461071004
0.20409955317102538
0.9426170816233099
0.20409955317102538
0.9259502671840949
0.6935740613403228
0.6935740613403228
0.6935740613403228
0.7072328798717832
0.6935740613403228
0.9426170816233099
0.3961974110756976
0.6266042712156852
0.7072328798717832
0.3961974110756976
0.7072328798717832
0.7728168585224642
0.9426170816233099
0.3961974110756976
0.9259502671840949
0.3961974110756976
0.9775757807544375
0.47345766116662746
0.6935740613403228
0.9775757807544375
0.7072328798717832
0.9775757807544375
0.9259502671840949
0.05358421688719586
0.9775757807544375
0.3961974110756976
0.6935740613403228
0.7728168585224642
0.6935740613403228
0.20409955317102538
0.3458755765553256
0.7072328798717832
0.7728168585224642
0.3961974110756976
0.9775757807544375
0.3961974110756976
0.7728168585224642
0.6935740613403228
0.9426170816233099
0.3961974110756976
0.8626441530804869
0.9426170816233099
0.9426170816233099
0.9259502671840949
0.9426170816233099
0.9259502671840949
0.7728168585224642
0.03244011567405537
0.9775757807544375
0.6935740613403228
0.20409955317102538
0.9607632818053018
0.3961974110756976
0.9259502671840949
0.9259502671840949
0.9775757807544375
0.6935740613403228
0.9207377774909988
0.9775757807544375
0.9426170816233099
0.3961974110756976
0.3961974110756976
0.9426170816233099
0.9426170816233099
0.9259502671840949
0.9775757807544375
0.3961974110756976
0.9259502671840949
0.3961974110756976
0.7072328798717832
0.8390768926783487
0.6935740613403228
0.20409955317102538
0.3961974110756976
0.7072328798717832
0.9207377774909988
0.7072328798717832
0.9426170816233099
0.20409955317102538
0.3961974110756976
0.6935740613403228
0.8390768926783487
0.7072328798717832
0.9259502671840949
0.3961974110756976
0.8390768926783487
0.9426170816233099
0.2892447788420383
0.9259502671840949
0.9259502671840949
0.6935740613403228
0.7728168585224642
0.9259502671840949
0.7072328798717832
0.6266042712156852
0.9775757807544375
0.6935740613403228
0.20409955317102538
0.03244011567405537
0.7728168585224642
0.03244011567405537
0.6935740613403228
0.9775757807544375
0.3961974110756976
0.9775757807544375
0.8390768926783487
0.9426170816233099
0.3961974110756976
0.9775757807544375
0.7728168585224642
0.3961974110756976
0.9426170816233099
0.9426170816233099
0.7728168585224642
0.6935740613403228
0.6935740613403228
0.6935740613403228
0.7728168585224642
0.6935740613403228
0.03244011567405537
0.7072328798717832
0.9426170816233099
0.9259502671840949
0.7072328798717832
0.9259502671840949
0.8390768926783487
0.9207377774909988
0.9426170816233099
0.3961974110756976
0.7728168585224642
0.03244011567405537
0.9426170816233099
0.6935740613403228
0.7072328798717832
0.47345766116662746
0.7728168585224642
0.7728168585224642
0.7728168585224642
0.9775757807544375
0.6935740613403228
0.03244011567405537
0.9775757807544375
0.7728168585224642
0.8390768926783487
0.9259502671840949
0.6935740613403228
0.9207377774909988
0.8390768926783487
0.3961974110756976
0.9775757807544375
0.7728168585224642
0.3961974110756976
0.3961974110756976
0.03244011567405537
0.9426170816233099
0.9426170816233099
0.7728168585224642
0.8390768926783487
0.6935740613403228
0.9775757807544375
0.9426170816233099
0.7728168585224642
0.7072328798717832
0.9426170816233099
0.9259502671840949
0.7728168585224642
0.9426170816233099
0.7728168585224642
0.9775757807544375
0.3961974110756976
0.03244011567405537
0.8390768926783487
0.9259502671840949
0.3961974110756976
0.03244011567405537
0.20409955317102538
0.8390768926783487
0.6935740613403228
0.7728168585224642
0.6935740613403228
0.6935740613403228
0.7728168585224642
0.7072328798717832
0.9259502671840949
0.20409955317102538
0.9775757807544375
0.9741199186189407
0.9259502671840949
0.7072328798717832
0.7728168585224642
0.6935740613403228
0.6935740613403228
0.7728168585224642
0.7728168585224642
0.9426170816233099
0.3961974110756976
0.6935740613403228
0.9259502671840949
0.7728168585224642
0.6935740613403228
0.03244011567405537
0.7728168585224642
0.7728168585224642
0.9426170816233099
0.9259502671840949
0.7728168585224642
0.9775757807544375
0.5043157940785887
