0.9414625702719354
0.98853514206075
0.9120336407706069
0.7724017821985827
0.024020088118747774
0.8349437553225026
0.006823727192662306
0.5394678187915688
0.08357842271906779
0.6995608535013155
0.03627148641475611
0.0691130976628773
0.28814212179388665
0.9017553472962483
0.680083774805736
0.5336262729122991
0.5814558466792297
0.894731708122519
0.8100816460050894
0.6180017084754679
0.21170855284390155
0.4853372518706207
0.13933053148442648
0.9565633989965819
0.1599819333927518
0.9121041270275569
0.036994946097128334
0.42925402938964485
0.9956139869567111
0.021407470854175548
0.5105096231686335
0.8765729707452672
0.3729172391463939
0.09065282492307508
0.7748548480411098
0.2781216016720174
0.7843791866750617
0.8422331219026706
0.015061878605110837
0.7214892474564669
0.06472410830353584
0.9777992228316086
0.6786314060337049
0.7709166097304696
0.8269108920291504
0.7302672258356634
0.02297660856542806
0.7192670444223856
0.8333405885163392
0.15575101780941092
0.5729832375354391
0.5848921214910411
0.8952804488325828
0.9557167728982601
0.6824299944932124
0.04407715812874657
0.3535604425883875
0.7857271787549873
0.8815277191233573
0.5563203319703754
0.3601255494735987
0.8792128312796734
0.7072611605204235
0.6665415754605784
0.18772480247107579
0.4758483041244894
0.7355719724344665
0.1602103903773383
0.0783129342252105
0.6430323605321397
0.1504984707658268
0.8178950224889272
0.052457029102223496
0.019577615862188376
0.636585672174369
0.6382622469865721
0.7298288463563865
0.6586800659172759
0.04408847313533505
0.860091942317075
0.9118825294315
0.6813095213166195
0.49265756346953915
0.5069009467872793
0.5548120167904156
0.006982337357836019
0.8640210162449719
0.9428642435122785
0.5341104015312256
0.015483126150070258
0.802649961322791
0.623761768870285
0.2924013266298749
0.4898801503386691
0.24879370884188476
0.4826311840658729
0.07144827361353732
0.686640915780192
0.6777194173216976
0.504693481999865
0.00477157146111564
0.33149595603819293
0.8564764642685254
0.3257430345578696
0.7898042338915736
0.570190130217295
0.7339804687195899
0.32094271583708733
0.5529668107428692
0.9225278794598246
0.7923012113707824
0.7572598171568897
0.5768581190439868
0.9208080498969142
0.027435590079884015
0.8635983425011713
0.46172559197887486
0.5967585717176873
0.053172232349442294
0.5182412014243648
0.07734094956595954
0.9410566628583428
0.3228850844300968
0.2726006886008449
0.17495849146339298
0.29517093985649223
0.864662585928464
0.3672010287535056
0.0538653109488907
0.2898672869722733
0.05465943567658957
0.5914327116234724
0.637154703324596
0.7888458024088878
0.6307654428383881
0.7174891734784832
0.7744419072311838
0.8108831923003987
0.9094765420109767
0.7873102424610329
0.6315371805886807
0.8729586944911282
0.769100671218641
0.8479696195895257
0.18012496596307795
0.5033047055139204
0.40144175957168193
0.906924977161311
0.9961646115883894
0.5299219661235505
0.9435661418964101
0.6493583966848844
0.7445546535837562
0.7393834071358998
0.6565178777695861
0.3170867146310064
0.950512057580412
0.71622692816164
0.5250516203549143
0.9645649719698304
0.8272718911383803
0.021705697029212066
0.972111832794287
0.4115627321534138
0.08176471479298938
0.9675545509865826
0.5692285272872922
0.012917640280287055
0.7551344472999462
0.4341161284599072
0.5352498198024056
0.4830943303950088
0.03171379995769712
0.14488376476032808
0.801806039240734
0.7638084416785089
0.5469196112598755
0.6655692187541903
0.010944540167980715
0.06389658312392527
0.915785044169652
0.8073795608309722
0.8100318733258624
0.9814424123978935
0.3476140575533975
0.11707675061337294
0.2138134620692822
0.5807171220213467
0.14226965631587296
0.14888154369815554
0.023971030495508684
0.1613472433474694
0.6294378631991782
0.7865315077183945
0.6777795752208575
0.4315159665579293
0.9422192442636139
0.6223418950665038
0.1990575262026411
0.9288021170342282
0.7921805473777125
0.7292849350717137
0.9441045930288177
0.052823326441238196
0.051838435063781996
0.7768966278764226
0.5164774115784849
0.8690876209773213
0.9808046997996364
0.43419675881893005
0.3949105773637064
0.4014396489602319
0.7547485096859402
0.9004344421002908
0.24748950497060113
0.12215835483685412
0.7073537151348479
0.0728980655060735
0.8654550701923268
0.07817387213003771
0.48937200690845695
0.11868239141579748
0.8784300068299551
0.8873505841226006
0.908299387417367
0.9874764238645053
0.7479257255849591
0.050296815893464186
0.5714453361169087
0.8284897482318913
0.019811775842243213
0.6518984864852787
0.03470314503855662
0.6896262343531955
0.7496252488828905
0.030032370171767735
0.25461570295734953
0.8715632132379014
0.8398640445415034
0.43090138134457906
0.9244527478569008
0.6773446874081116
0.525226723403217
0.5592879813599447
0.6181866542213283
0.949475171168303
0.8082619843370362
0.5899683907258607
0.9479184960191981
0.8898266685246725
0.637531910941242
0.13494643355099006
0.3540286666524653
0.1317074714198343
0.30747892448602954
0.4005776527673242
0.6997377536688749
0.05352590717724
0.3718352464781636
0.2546411093774811
0.06386323125859807
0.515161108642289
0.6597887473643426
0.9195199870348798
0.9540445767503056
0.7580101731773446
0.2857054813054264
0.15692198302876126
0.6163669439843744
0.9138478932105618
0.6664593453836909
0.919591236672252
0.020921646453600798
0.9586801400405213
0.7331187908717129
0.883180196641788
0.8215749399141719
0.6235903978556855
0.006014539077201182
0.8607488468285505
0.7032036419566128
0.011960997404237242
0.5542937751515866
0.9522388525690659
0.5514670329496103
0.8218321567868041
0.9521555004002022
0.5859991989572764
0.18698085332025638
0.3813523117045696
0.7161031493895212
0.8952007873449026
0.3907711831260958
0.7939177964763171
0.4793072353393261
0.5783989412795069
0.024900817930174186
0.03132308965804372
0.07361866246130253
0.9405451032026817
0.39549670939691084
0.7031156014750003
0.9295181805476068
0.2979608689628787
0.049804776522297436
0.6206684577619686
0.930756866614477
0.03374156840523324
0.8599424908472684
0.5768952755614256
0.733685476744916
0.7311911093119018
0.6271901301703641
0.825659036395252
0.8779409090936953
0.8098807988871755
0.08349572332942723
0.9264328942023741
0.8989476926888348
0.850008533841059
0.8728258072761406
0.664897985907546
0.565559899964469
0.9786345142752548
0.6987469620359725
0.8697085855314669
0.44655938517068783
0.023973508011134348
0.8002756746574462
0.4645397559533164
0.9242217373734896
0.01727059086670433
0.822279400628648
0.7127337514076046
0.3948381208057271
0.8460747953558605
0.00720222375204503
0.053237830568805766
0.32071634925775516
0.046969923371482314
0.5437347547610585
0.23197623686408558
0.4939163958652585
0.14112662001622858
0.01838501000615434
0.7224248647604182
0.417324890415966
0.017806869000645126
0.01461494962390255
0.9381916522947453
0.6349074829870561
0.990022240710692
0.8520811441563523
0.43848627009075775
0.01663163507236036
0.371620219510612
0.03886299753700709
0.6829067436294258
0.7074929790036708
0.013045383743124356
0.8830320906285315
0.18175486672399455
0.27753974368962214
0.8741965341724438
0.3714255540474285
0.7527509449037737
0.6775401068895488
0.037664828238021426
0.04634060765691271
0.9162235488443398
0.8933353694383345
0.4406359806348139
0.9937942013132228
0.9534171411440859
0.03700967934241677
0.8915510479654438
0.7192241941691886
0.682893938267713
0.6637907919946017
0.29013750578315467
0.5989119211190841
0.8083279114457961
0.008933055347483874
0.39476655461785004
0.5818839023452924
0.45879340719011663
0.358387636506997
0.004938029267559967
0.48045669283207987
0.9542526922314518
0.7501641461195674
0.5891725221589106
0.02619073384451725
0.8006653056191679
0.06924590020728053
0.01570815712511678
0.2475193871952312
0.016875905688725976
0.024408724932313716
0.2700559909641815
0.8643811175418874
0.04448660916473051
0.14135680893879105
0.04162984348848798
0.16780269001147632
0.9718397987326386
0.8047154480978511
0.5322871446373222
0.019706006481371954
0.7238202619712522
0.5078174689648095
0.7464750665282154
0.5783930793464166
0.023620309146853626
0.974142671651678
0.36009893706983753
0.06137899871450373
0.3406419906469447
0.4786177751450014
0.795795878577385
0.7296166778541064
0.7068294453026513
0.9094998558695551
0.02240122668563297
0.8176691812175452
0.8384609700477966
0.47193721248992143
0.01062877777100148
0.5475494986423625
0.6238998204499009
0.548698892892776
0.08330158135051671
0.1659960310184853
0.8779617768935304
0.03810266186060732
0.7831402869293806
0.845281531382267
0.21668398489495808
0.08843663024105518
0.02387164946493703
0.6959174691068832
0.7095166944702606
0.776836309608377
0.058609296739367794
0.8343550559967298
0.5105588534320629
0.7644075943120987
0.5587780229849311
0.6809719117866473
0.7129654220437389
0.5102777572739895
0.050760931679596916
0.9206860565973554
0.8315532103999568
0.678518469832356
0.7324260865862832
0.2565351125652539
0.11377866817950437
0.5235812467279007
0.2026207680769398
0.8317578481226673
0.7772770381315723
0.9360141179674943
0.9736150191118527
0.742920907329304
0.17635686757703034
0.9398448181638861
0.5726225182552211
0.24234582474424338
0.04725309915463148
0.5226207906892246
0.07250523080328498
0.3768196733117304
0.012945798211564784
0.9233687570085779
0.5256433372031601
0.09249317069268814
0.04740731326162619
0.01441930244336987
0.46677945011371413
0.9654744465185956
0.8159081828633127
0.32176003054495095
0.5280614867728788
0.5905180448841154
0.4255110001447798
0.728877294897669
0.013269362044378242
0.036783239608130375
0.8786521020274982
0.9787936411099056
0.8082914581743027
0.290726749283728
0.8518766463280258
0.23228244648335994
0.5522721716664885
0.9424182466556268
0.7461658520431557
0.03062841605643073
0.5061921314971782
0.9048856209297897
0.02515253478965196
0.10835682428089889
0.9743185934519683
0.43800948539207235
0.05826252184247366
0.8077456607653994
0.6553958763643188
0.7363312454917155
0.52579352352144
0.6240468824840176
0.7738062425231
0.9353684153315893
0.33691038322080424
0.4285335262289016
0.06892249343362689
0.15191289309468908
0.4555681883987439
0.9534878896949437
0.4510490845824931
0.886401679892205
0.28611408906005165
0.9306708331575155
0.25545378344657277
0.6951002422533406
0.8500333404282657
0.4987072968008399
0.6936302516171259
0.3286808560475547
0.19463393684706845
0.3846712130708789
0.7138302948641322
0.5812161926466821
0.05845833512564086
0.9075023431876528
0.09871924498787732
0.132170272420468
0.7704683063940918
0.6224128573335526
0.3553790897270893
0.3236835143877893
0.6421485868723052
0.6045452062958615
0.7770958290427743
0.7361287487020755
0.6081860139690917
0.6406127521719582
0.5524403331880716
0.10905673290029128
0.9700167733892653
0.013885239770267562
0.8262893199983459
0.5168500192038241
0.7801491377847081
0.7768245771841934
0.883441723724454
0.9982950446050727
0.1403615594763983
0.8795711656858354
0.17815455034272246
0.26861698383398636
0.8727485127253147
0.016421010232979524
0.7339009595451724
0.5541150219022015
0.4495242231753783
0.043234270763372544
0.15122217268501992
0.17647512752295133
0.6388681828669611
0.6760275162065628
0.15850613930693708
0.5310325791703734
0.2522998491385478
0.16672741062597962
0.05687154657683097
0.011241137923408188
0.007603141488073263
0.6371907981687434
0.947753053999945
0.03190518507982211
0.09404123824465864
0.758117386966989
0.023626704726671905
0.13243003411249815
0.6366280737235765
0.8266096442976445
0.8464984904261202
0.7952245874770225
0.6398287476967865
0.019314784816993058
0.43825701276855006
0.5648939353742549
0.5015575909230332
0.6673848305622732
0.8322714472599524
0.7587087381306801
0.6135572793291212
0.7884099221627325
0.8363589699134778
0.1805934747538297
0.5675873894174533
0.06874175984940499
0.6441146566515454
0.02936631610607457
0.6288293917318851
0.6137018551186509
0.49211098705075157
0.6368076343271573
0.5921663157047873
0.7905476110833187
0.5692015293061519
0.8906789034291125
0.04293787250155003
0.04099117253996658
0.7250271941514349
0.721120986971503
0.9941843505727203
0.8736353926679878
0.02067346342340784
0.129272301809418
0.5182418315064491
0.5312527134124752
0.7080205499594648
0.6106992416364229
0.5385766839171926
0.6320912424488281
0.7966513687331651
0.44841731789482603
0.7164316661119623
0.27091740224170346
0.8308355819910906
0.6829503884073279
0.4223072037910832
0.6342464517174298
0.8464947974593707
0.3258769125618456
0.3022758352271089
0.935083501825265
0.2700756264293038
0.7836829389964572
0.5192575648244977
0.2692578915143353
0.9315104782770987
0.9997634994008635
0.008697459163294324
0.6731850608486245
0.10518643665953459
0.29227328289933363
0.04018968962740595
0.042416253715463606
0.024506136736915672
0.5514581650161938
0.8516184486956725
0.7161831782147844
0.9740172120126788
0.4444583322527735
0.34836767515213013
0.8855843425398329
0.32873175709341323
0.9644003105388415
0.8709235120518872
0.636991277141066
0.7554799214433505
0.03598948447146226
0.014716460156738966
0.7208426547450014
0.7492317210103032
0.03794670987028096
0.9757384701912062
0.02049037459395145
0.39965961251107224
0.6936220248096672
0.5518592420648595
0.8547761335785405
0.6070620380900766
0.6356065297712614
0.2685628501004636
0.8085013907864508
0.5554966892884181
0.24713895845329525
0.5085276435981202
0.08279357603372478
0.649612037176124
0.08281603353138273
0.26447221463907494
0.586093950343685
0.37994773094541523
0.09906726463180589
0.0639253428964789
0.9233076254113696
0.8926723227100545
0.29254743831346314
0.06240646335051173
0.795622371507996
0.6570906040637498
0.6773162149929317
0.801318947386049
0.1573978667110051
0.6932626812207054
0.6313966094060204
0.971360449554107
0.8530906867539444
0.6542931886149389
0.6523998111044151
0.6716232479688499
0.20351394472400186
0.8152652479534755
0.020095580167067504
0.05947221301585516
0.9237372610619781
0.8575702767639861
0.38186617605430745
0.5535633576606112
0.7957768895715975
0.5731907030526678
0.10142486458571728
0.6612453232717422
0.8154195559112003
0.6774580120608474
0.24096953061406737
0.7089601731704744
0.6647204902102384
0.9944890376390354
0.19026200982664568
0.8281463105610357
0.8501177921602059
0.8832647603096028
0.9253295559566374
0.03970163224724482
0.4953851387754699
0.6417209082766305
0.774579864819851
0.06429121943135874
0.8241207642176849
0.8580221217628632
0.856609612071551
0.870077454273521
0.03554602854941938
0.05212028598063155
0.9461997192021426
0.8005590895565216
0.5978368533995111
0.011217907441907145
0.6969497894143218
0.059955020272514786
0.9559504347598402
0.047209140310242814
0.8949734802651055
0.9288755377517527
0.5843040621479909
0.4954289731053763
0.5685235693237944
0.12543518349126756
0.8084535432936483
0.8503123953537843
0.6859577309865222
0.8383667205469114
0.1136916274914734
0.3913279039253449
0.41674258874847536
0.7108849935961346
0.5272485449712522
0.6847769074448773
0.8437300586029026
0.9813792570344256
0.6327282966979885
0.36120311456545146
0.6651042686711668
0.2404215833174422
0.6477732207750004
0.17347935068237272
0.6940131788673217
0.06478711833412022
0.030990988935810978
0.5227731752305518
0.6681900557840815
0.03436087749420707
0.6477113433863092
0.7678444426997975
0.6381458464056355
0.6795098870184921
0.7154427808478858
0.6440550208069129
0.9079248811010644
0.6856232032047015
0.7294284986736618
0.6795832285514217
0.46892632231289433
0.04598562564748464
0.3191101256630704
0.6474194365853185
0.10640316371573158
0.8925792098931574
0.7451505225980337
0.8312853026034477
0.4207489443738067
0.7583396873438012
0.7536258904074875
0.28389015298822196
0.026831731404359644
0.9489381283926821
0.9951827142103962
0.843735902858305
0.9622560307046018
0.018393449904201928
0.6578992452029859
0.059202236295972245
0.8928576286565524
0.7715984505096212
0.5726304918564477
0.14903253613789336
0.8482884019802119
0.4491290355895963
0.7406540409233494
0.30158769774743344
0.9353722093466437
0.03034807732563263
0.870697996848873
0.9345961222985631
0.1948707835569532
0.5080069322024103
0.3000582375140143
0.6542429510280285
0.019277624436966276
0.5077585912078669
0.40443457526413334
0.7893771191621787
0.31541350336450247
0.8930613576729269
0.02135609916884139
0.756070656647437
0.26191029363470375
0.2661309037321599
0.8132174535931181
0.03640415774166182
0.06250101297654041
0.28769725612419905
0.7249626106038061
0.5832126679706688
0.522150938316844
0.8808874252460872
0.6036525073953667
0.6779236669973567
0.093403800294525
0.6437868868215371
0.47637736709511225
0.9026496506802242
0.129949449302143
0.5633518591679484
0.5053163159331291
0.9071256951111711
0.08697348638949154
0.25617762444654046
0.6760561131613462
0.3289497264247722
0.161002872185681
0.5380303365340804
0.011955658690157182
0.7797916360716677
0.8518245067567518
0.02382557049371824
0.5623591526295586
0.6474755894273919
0.9367638127896643
0.25075465148880643
0.7857655502240131
0.6465023083605747
0.4498721049962093
0.8586607086707465
0.6026104835297745
0.05430841337569161
0.8186734025745432
0.8421085117278762
0.5925014528839665
0.8102247626608838
0.6784277735995379
0.23436698365739334
0.7984435518899247
0.5125496395110154
0.4094090301224191
0.9911515798944165
0.09678091035147385
0.07167194241965699
0.4197422598046223
0.9491380506782254
0.8829722761767657
0.09689650430112301
0.11555231936878083
0.833677576699787
0.34411578717374935
0.7290298700610601
0.15813721045916693
0.46735256882906395
0.3655103376420308
0.8008058818255969
0.3927071352621051
0.3337113659483133
0.8602107978111351
0.5154420260082546
0.0540943770835681
0.041965786965082956
0.5333193804989715
0.8953406881643885
0.7439685550786022
0.5209570130529876
0.9399685075521407
0.7503146916957095
0.347449565322427
0.9650540199740494
0.3744297284335244
0.11549187072088786
0.9086111799905522
0.7510285321472019
0.03230128528629787
0.006922811701289386
0.6455740153088483
0.9447861716349801
0.391664895256418
0.9898526278365936
0.8678165416389729
0.9241232571874647
0.8186873330039208
0.4683101245745528
0.8727041047682405
0.7302881548072615
0.7726274164295932
0.3990304119158858
0.723146716468808
0.9766577039810898
0.7658351650651926
0.8774373607106081
0.02087885145612941
0.03046706197516045
0.0077251705312076785
0.6272790557762828
0.17313279490596822
0.012298880364800702
0.17315607094422727
0.038398608614681876
0.8037040128199979
0.7119433948289453
0.46737575005951926
0.7216811199141394
0.22345345400884037
0.9481952951751955
0.42152434233085967
0.5584911743827027
0.592939303468743
0.11615196847260637
0.9442721129613374
0.9444422640959572
0.03377585634267684
0.938931770744146
0.10679745954816011
0.9645946656845532
0.577649094885527
0.9482900305114783
0.9092111342063007
0.8970131053868141
0.3713679114953593
0.6921920992079356
0.8861812293644478
0.6388794656202589
0.6358704214227759
0.8848766019449672
0.9111774111923465
0.20048244167450882
0.769497920923039
0.2428491341870213
0.7749501104704203
0.5875150616602328
0.24725357162634748
0.5855257791693862
0.08286909140260326
0.49133480928024503
0.1335488222423916
0.8306447324070088
0.16924389498400214
0.5576038184467109
0.42178926077837053
0.9950468295710445
0.48749391033906175
0.9887524160829855
0.3587049928015088
0.03736329065729679
0.03293070122776836
0.5461078022870824
0.8276771787955468
0.9707365197567773
0.22541186327549434
0.9578124119868041
0.3112793626476172
0.2668721501370015
0.7651022487036692
0.838965033819949
0.8600278728711819
0.46113934089772224
0.02197103208029909
0.6263909398274563
