0.9018651536425217
0.9808280548604119
0.7534510580877141
0.9347285431265039
0.9176723323426283
0.06016628735355656
0.14342475558986945
0.8522761381949597
0.9458828113624347
0.9109736403224566
0.01692988891362899
0.11510846771271982
0.9740400950647499
0.723643033449292
0.5497475219472541
0.8964391824382907
0.10013648727127358
0.9512905212705092
0.9103844180366496
0.9651020453916194
0.8702217685339995
0.12000703844739838
0.3216780430304931
0.7790855227699365
0.9147145518946231
0.44270580739938264
0.06495368240654492
0.9956161826247332
0.7321940873719068
0.9533288498412374
0.5317905228045838
0.9729973193763735
0.6910529605634542
0.6832117832274442
0.36818062404747365
0.9900253852228338
0.8979033913281123
0.9271758018065146
0.9974416138967541
0.9727069209435686
0.9170167891667103
0.03672777297751463
0.9249775845565407
0.5260707133511662
0.777769630661306
0.9208019223537227
0.942247628970486
0.8053929939311778
0.9107712837611016
0.8770061224029349
0.6219062455915716
0.2480325455494548
0.9867714059023682
0.7634899275456934
0.5677445094646627
0.6263391326964936
0.7748184417388315
0.15164834730544455
0.7960088164432146
0.9841419288348991
0.5192270803950914
0.7936059867992833
0.8422604862400902
0.7871377029782193
0.23753742747665701
0.6734142161187819
0.812599897259122
0.8862501677994861
0.7595877641483177
0.8968338266100424
0.9512448069319088
0.7356679655150664
0.8952638465664247
0.0926687253493926
0.4571953318499372
0.7998952484609763
0.9627122202630938
0.6866191573800228
0.8361143801332495
0.8864219190501332
0.8525345807032425
0.21491680496068252
0.38746504613403
0.9548446612067674
0.8422605287906586
0.7685730819213982
0.47630314048155187
0.5402792594923561
0.8045185189380801
0.9158499525229693
0.7592856876883847
0.9409505909442575
0.9227153990970351
0.09532860555680889
0.0430736186907864
0.632838817291199
0.6738390677127857
0.6447748512414264
0.5023299608709337
0.7670499987192755
0.8177671339399414
0.9026943380473004
0.6327653321498711
0.7386988671216022
0.04658272455311853
0.2324556578678456
0.19128428380922927
0.9400064092930618
0.0804590230703518
0.8636871627681304
0.793175103317481
0.09767294286183764
0.831467040759478
0.8577542264966889
0.9876799073531184
0.7486741186752759
0.8752379993305497
0.6838256245669802
0.7879243348559188
0.09154067219657794
0.22370258582109098
0.8593426437685273
0.6943670486214605
0.9411360562080462
0.941839250585393
0.9867679837450704
0.7780792021483729
0.8893838178916724
0.8858505830278705
0.33895533743032225
0.9388710843917332
0.7550221291502351
0.4766223864749992
0.08107496442572744
0.9734804943057322
0.787821738413904
0.9121027407483911
0.16793384610895384
0.9254577133549926
0.46093167628335807
0.8864505745483017
0.7042068514382727
0.7360829385857162
0.8356289884077932
0.9788984806577382
0.5693916696687633
0.7824399514380006
0.6825157884446722
0.6178055038625827
0.8466029793126568
0.9953426168349067
0.8166071525722163
0.9877166945577129
0.6389011109489992
0.5640786743119173
0.846626265728043
0.3376065694899396
0.431133625066121
0.9621978144151814
0.8604603022329307
0.10279542716387152
0.8845256564356594
0.7063433139624052
0.8276440478894389
0.8672577406989725
0.6901595090951691
0.9491851620130893
0.9945517921051743
0.9461809638705865
0.8648915117723974
0.9431449042050732
0.9254656507119627
0.7597157706197908
0.681719605759507
0.08711850689112309
0.3747076381986414
0.9302924191802235
0.12844694218488784
0.9766368232863574
0.05800109997860818
0.669025885829891
0.9732996772992186
0.7243535906642995
0.7740098882713355
0.7847037941627161
0.25010714660514677
0.05862478969995908
0.4943114733364372
0.8863001857257982
0.5828902349613538
0.2509748506050646
0.14348132963987456
0.9464007262244467
0.18406099061482595
0.6957590701898774
0.8753945020751153
0.047322551778122765
0.9409838680596543
0.8755793600709627
0.061856834848591086
0.06721193518003807
0.9657513540367471
0.8904200986299134
0.9424496063010109
0.06426659081346625
0.8585395125895443
0.5939965493831252
0.8373362881487628
0.9791577683885584
0.9349312904024671
0.958653910364929
0.6695336921652366
0.930228548059573
0.755891639039429
0.8522055767908236
0.6627154495580176
0.7993462534200059
0.8681269513463306
0.9552306729381005
0.9700419175883367
0.9149452412254968
0.9282658647610906
0.21693452146509723
0.8329280478686387
0.7292247202284282
0.9232267088339379
0.8473771770017016
0.702272539100763
0.7445835861013285
0.7209291270056095
0.8669118795313252
0.7301406974111955
0.7572163000852239
0.6175396635927436
0.9524185737176133
0.9575231390951047
0.6787117225618128
0.9846467145386264
0.8405224051780928
0.342436535891862
0.23962549769453567
0.9601651076671667
0.8479459354929717
0.1670188313237049
0.943811685797494
0.9885751887915193
0.7980820375796129
0.8780139647034948
0.9384954204758778
0.10431126585192904
0.9814218539866765
0.9925004969293347
0.10849600964130776
0.6212106377085013
0.12457300490236523
0.9124066546577524
0.5288890720238603
0.7528907641973339
0.6015617951096877
0.9322359717731548
0.43515641530378113
0.2921549029265975
0.9332731988020535
0.9498957168213904
0.13791883331987598
0.2109065946265338
0.9516599544397981
0.8617332999972358
0.7066416938575737
0.7590195083970941
0.8034793447709716
0.9214685348595257
0.08595438410179002
0.9622849463994521
0.19382558328053884
0.7486994346454316
0.9461643158606425
0.8046188044332905
0.08724252801187349
0.5993635702972027
0.6603123337608584
0.7988951377195262
0.8920630103039147
0.7505750365489688
0.12518347260640672
0.07643549676793705
0.5084767300049741
0.8877045738178024
0.5262002875116003
0.8913960041404141
0.10122762345446709
0.7581814352514317
0.957717861792269
0.20798207459739265
0.7664097910257444
0.9980136603425822
0.791089490341858
0.9708200891966664
0.9529816057913385
0.11336288506218989
0.8622057192750745
0.9855802775761484
0.9816723438780661
0.8201320950198816
0.8806029236167103
0.9876418918885181
0.06758760617868717
0.9148752000832681
0.9496241948005582
0.7992539688396526
0.8857837585378519
0.958936560910668
0.7287440335277564
0.3284125102665256
0.5587829888573219
0.14614785681539588
0.9183245031369736
0.8532800130923817
0.1476748577180359
0.8834785426336814
0.8793704720006994
0.9055730784893752
0.32145506032298315
0.0808176373739394
0.8597939386753601
0.9744372083600412
0.9412118860718224
0.79781568365406
0.8221528340632951
0.9641657297163424
0.8377748100958472
0.8516062680758311
0.75779887655566
0.9052128350380251
0.8201945649242522
0.9964218439939352
0.1132510063935884
0.16985666806463734
0.8303153855577872
0.7343232703974637
0.09302728309720074
0.9969100520059477
0.8739271233580468
0.9451330017875574
0.9447490373399205
0.9635390756260376
0.9568721843590328
0.9628821276470219
0.9842628729143674
0.7079264622062598
0.6397773090189023
0.8782432250232192
0.8166169031087027
0.12886454797558117
0.849578969617576
0.8694803818345793
0.5260059716722334
0.7211780792723448
0.9941677479675505
0.8704691777485094
0.7814370830380539
0.9463869722592204
0.8409301167379548
0.85248183823722
0.8951981751990215
0.8425069122256834
0.797074640981905
0.9287212959825086
0.6631321747405383
0.06785544898017096
0.45183661024400906
0.7940768821617383
0.7768355112288279
0.9290155591442475
0.6678041947121118
0.22314066535081062
0.9549434426034503
0.8324433608796029
0.7980109032494993
0.7372593386276917
0.7445576794135403
0.8399660964514599
0.9506335193202919
0.954102229562195
0.9959769083354494
0.7395453292205079
0.7322062578432698
0.9049568492846785
0.9302086679517287
0.958623012677837
0.14114435956548368
0.2810582095529864
0.056935770627492326
0.9183711851225614
0.9196727728088891
0.9675060735361484
0.9051886199240562
0.1443404804217568
0.9920803383470529
0.5054920280284605
0.9873954920371306
0.748314949751839
0.7740985513861484
0.9312059377950168
0.9288888639140883
0.11841963396455399
0.7260514916287222
0.9259769111395717
0.22203700863006626
0.7569425690857812
0.7154695787301251
0.9759248956744724
0.8935321478281659
0.9089567065699748
0.7917105403229943
0.05952218995484898
0.966798416560131
0.6797316742401454
0.8670147245289638
0.8714876669529945
0.8742763336105454
0.9507369189351325
0.8936819526428943
0.46605567248031465
0.4986589850996297
0.07446459288126446
0.0805566782861883
0.9392370883709094
0.7431955653763535
0.7419097420848915
0.9428820916710934
0.9355944036416043
0.8558469437301618
0.11945641420594041
0.39998888441721736
0.9309256618210695
0.9837479365752777
0.8693590606275574
0.8895949204275988
0.5585642731694178
0.1380246251591557
0.23565608057316684
0.9410167842077859
0.07671865140211434
0.8687506002595764
0.7756444358377385
0.16486234859561483
0.05092859480559986
0.7592157467763008
0.14355084808911073
0.7935736652019727
0.08411937779431153
0.9933184689544614
0.9966677592804849
0.9163863985383409
0.8792532570503062
0.14149041564240245
0.9665169150179069
0.6297182545311337
0.9632618409922384
0.6697362834305006
0.1066151942048242
0.9598208126142593
0.8611625803769678
0.08963593241047352
0.11663645635657928
0.10280114072217589
0.9114676857119794
0.19949417316553275
0.8472181278702315
0.7630222040836409
0.12946228279968477
0.9383863133830636
0.8619490637052105
0.9613533130363987
0.536725036008223
0.09415062501999694
0.9600512923701652
0.9363753473481666
0.98563042529868
0.8808386347123796
0.9504952984096187
0.9419070365243177
0.1236125798055577
0.08603100030869931
0.7918490824714186
0.08952245787886703
0.9846360687523247
0.81064819847712
0.734029080188531
0.9743960334566675
0.08934553920483354
0.8489296750670592
0.770983077774277
0.5948498125256744
0.9363860326081415
0.5219396457240245
0.714523628535652
0.05842456298073726
0.9496774287221009
0.9984134074020229
0.7787388072298163
0.13581724667547143
0.9317509403720026
0.9753959986366567
0.10312837480829967
0.5524569926845985
0.8462851039252366
0.8109994939352594
0.9566394651290893
0.9479221911856056
0.8835837923547367
0.9660742170510754
0.9558321191423976
0.7582393133586847
0.14276641949316027
0.8681597412815185
0.1893368455584109
0.7409198446325537
0.8023564019293463
0.1716738471248975
0.994671580859662
0.1432243209439324
0.8921141935025085
0.6316548084982885
0.7706529240533839
0.9564839084045804
0.7376682998739263
0.6482736112147516
0.6361955301745366
0.8659219222437291
0.14101198525919406
0.8403192651538129
0.6038140777511826
0.5023800627565767
0.9404332121333696
0.8517958930609735
0.7396270814695208
0.9604673420499756
0.8505400330107893
0.9717751812050947
0.6453984423380685
0.22206813426208102
0.10285601002909012
0.9142739706748697
0.9822944420855565
0.9768084760783817
0.7696991792392116
0.8852812997678601
0.12283751719101572
0.7473548642916741
0.6645431889481908
0.3971709755440769
0.8770942425561257
0.8548255176587763
0.24893621683591033
0.9527183982701717
0.958922579356472
0.9518917197527452
0.7602367396492759
0.648016784740032
0.8143767248175087
0.8247827644376229
0.08358382160502276
0.8417992640088781
0.7432050036309283
0.7948000612013073
0.9725981020334272
0.9263911912041353
0.8384775802349459
0.6706955704878594
0.9419410610500905
0.7952385553736259
0.9340174446210631
0.9872625876181411
0.9056257742921276
0.11466676760334055
0.9636083332662212
0.9804058970924956
0.6929103520602222
0.12750620152800796
0.26055521637557183
0.747715251324649
0.9879989686635917
0.7702208177257921
0.9203510304717053
0.656837769467505
0.9069718854531997
0.06085294397733715
0.11314328266008028
0.9739188625904103
0.6664685131243029
0.9930979524927418
0.8908951043762925
0.8401580343106211
0.7231206719590272
0.981834587842489
0.8305516110220941
0.9285590229392899
0.1355537595745748
0.5673663148480429
0.9499377375683098
0.9990231490214617
0.8306767271739708
0.7990124298017929
0.9324915919818457
0.7403586305735947
0.8084902999339219
0.9499724726532595
0.9093172937258011
0.9079471029766565
0.5867131958654531
0.7684869967181545
0.27081525133981044
0.06217098372211909
0.8881935369957841
0.9284786895705985
0.06700197791031613
0.9125380445975981
0.8615890202692753
0.8776710693918881
0.9371354496536881
0.221819085036906
0.09957645122836523
0.761973593456596
0.8936647315987003
0.09786487224669704
0.7383393655881857
0.6548535679368772
0.9769129890330996
0.8477605853263567
0.9045386300989172
0.8841322176380877
0.12648577875305567
0.6414196465829426
0.8772496603223309
0.512123975466181
0.8490568728507363
0.8482715781617376
0.762877891336192
0.8461516862871676
0.6650817759050655
0.9268873587800579
0.17277943344753158
0.7357041163066895
0.26713994706208377
0.5257922272748392
0.40867111371088205
0.9071479725662048
0.7385599147007706
0.6508726005278433
0.7270735870070708
0.18100318184276257
0.08281729045167774
0.9613773636721701
0.46773493357018375
0.04048476522575707
0.4098447798461926
0.8906659403394881
0.8903558311226074
0.8231109121061106
0.7404897686431541
0.9885513207605229
0.7551003565650873
0.09489416744410613
0.9485628936525958
0.7715577727685505
0.9537210038799355
0.22621393222349864
0.7803188234254429
0.9833607120950392
0.7741402001076578
0.6406333825069273
0.05603993184500526
0.10484511398789406
0.969081110951746
0.7730094042491491
0.692088797658819
0.9442442904804202
0.882315919460958
0.8341892044196318
0.7736920253832742
0.9384670322717338
0.11601238065738562
0.983663342263541
0.8906570421162556
0.7810991347572924
0.9778161951908235
0.9535492013935594
0.9028235196665828
0.050675244280244475
0.09251309919220108
0.6859439069803637
0.9174420099958378
0.921343534081192
0.8454901226503869
0.8929108410097613
0.839638896698956
0.9895625580561753
0.5728441071525305
0.8601862683301689
0.922250033271156
0.7566266035090283
0.11151813481949763
0.2818921338553645
0.9433738690521658
0.9816907831115889
0.22174865423585013
0.9489141454295225
0.2520783104271823
0.7551943621812305
0.9620235715224561
0.11228868913270468
0.430557655710242
0.9468554033297732
0.9463166276166037
0.42691670700211076
0.8984104144820274
0.9424370487703089
0.7262737150592214
0.826026536123701
0.6947983585722932
0.9362468240388278
0.09033439577920707
0.1323029478555791
0.779341675629593
0.8163994583131559
0.9340933036588496
0.06796483801276627
0.9934877242250155
0.15995408309118922
0.9336723027989922
0.9039450026643007
0.8444617976252295
0.8935802417309919
0.05199495417693233
0.7366903282500973
0.48498886167709654
0.9009990539219941
0.18636092873240098
0.7662417124272682
0.1230490630892465
0.10084860012386157
0.9849764490590567
0.9769608311836071
0.44374160228410653
0.5998719067442215
0.7834204761762692
0.8471371099828924
0.9596243516012082
0.8540239158459193
0.8008844950622601
0.6331068915030962
0.7904488444381589
0.9539213687447916
0.9736954147467403
0.09217085257808043
0.5948897148846229
0.49148843878943005
0.8011293250347344
0.9362598393457221
0.8672658032003948
0.8114628384872906
0.9625676858215426
0.7935069642138655
0.2879220257204269
0.8720113630779431
0.9768273989934697
0.9610149441665354
0.921355010833143
0.9992133964267786
0.8904001700578852
0.8028410561422383
0.8691360599913585
0.9774036243835452
0.7012946100908746
0.3223066477066968
0.9813448564388756
0.7961471581489157
0.9202198253342282
0.02783678249384109
0.6658655643408646
0.26091454241520395
0.28893147545886455
0.9606864159575534
0.8555492143585425
0.36404371637917043
0.43330930482514096
0.6299832712641176
0.09169194356835178
0.8020485338823966
0.10537112043025892
0.9192844425248193
0.12775201964972505
0.916263217791599
0.9634341220926537
0.83827671899891
0.7075939873651386
0.030061052872469612
0.886843640024274
0.9324365205981033
0.9404846801875735
0.2500210038037929
0.923052064377168
0.820150845011691
0.14884935490655174
0.8669608220645351
0.9259174390667075
0.872859245508876
0.1267392085930253
0.8168726854130274
0.7275178239771543
0.8431346627606893
0.9203781229673567
0.6936702419323597
0.339743299145412
0.7573685031459576
0.045045206083030156
0.8962330475097675
0.9028171151237334
0.9832681279906954
0.8279995685403696
0.9067436470365862
0.9429759232632237
0.6463906113936697
0.09934630909971226
0.9319443868101964
0.7620854651385588
0.8665686783613092
0.9385272873677721
0.05188859971751582
0.9756639009304613
0.988371516371811
0.8167149215179639
0.9769752248156607
0.9483005507346314
0.963825938058885
0.779079126812593
0.5476644370353915
0.036602597305783295
0.15243175741336712
0.8995758485854262
0.7275601797198457
0.18686064411041237
0.05043746693405908
0.07488650138347812
0.040237412366890574
0.9210688054490731
0.9739353170343328
0.2617901807566688
0.3699898813284086
0.9039980339425586
0.7814155986194999
0.8049102579075806
0.9078841101778636
0.2498503916625915
0.6737362840710832
0.9217256382850221
0.7599058436550915
0.7646959759377139
0.06405802180378249
0.8802032905167143
0.08620691860409821
0.6380484103125401
0.8952138294177369
0.829490037971443
0.9241668016322241
0.8632177279301572
0.0923077617695057
0.6788943086894729
0.8883927386014058
0.7589784822399704
0.7137509370064272
0.9190616983978714
0.8146322518994555
0.5968167021417359
0.07605845072111679
0.6424315352315282
0.6204470006100111
0.9605596158758416
0.8711702563299792
0.8339513081309216
0.9393294454552069
0.6233897090301261
0.7346903414482833
0.9499128401834223
0.5086324194804611
0.8374748773050928
0.4729892119147481
0.9417693631638275
0.7271579049866711
0.8593773359319301
0.2421203447721852
0.7417531082491806
0.883913849314471
0.966660730723254
0.09617635688264778
0.7023668286850775
0.7885471698907498
0.8889074413326905
0.8456812753353475
0.9045544360734874
0.10124986343155547
0.9394655617232299
0.9407132286073113
0.9530279039406189
0.08311791120361055
0.08307194174043944
0.16253686246737203
0.6048232454142545
0.9933950885282403
0.763519532475667
0.4272134319255425
0.6672558891663746
0.9584072380246184
0.8920572398362803
0.9006573731862355
0.7182647460582559
0.9309819823236518
0.9230401791691816
0.8744250020746979
0.4413079082689675
0.8339757576541139
0.1571355515123537
0.9062147222257558
0.07485023298610397
0.9630001656435828
0.6616597602231282
0.7720151853374878
0.041593137607787815
0.7989104980643762
0.9731503304782394
0.8692772184866471
0.9841799900232702
0.43137890883038477
0.8829493943495682
0.1156435897535065
0.5604099170778227
0.8498638638988205
0.7483960985627982
0.7735385840875839
0.09319551134020643
0.042506567870352625
0.9903540659681332
0.8620859008172151
0.2958827753311233
0.8828750397378355
0.9985746190857901
0.9145106182398541
0.11842514652810587
0.8069890792754166
0.9647502782031345
0.7128586380390867
0.9415629094187696
0.8301327937248744
0.7920086305601326
0.8289722110149482
0.8112849492597131
0.8612715920186008
0.13950431248863523
0.17127602460769414
0.923614301886736
0.9486588877820039
0.26300427156723627
0.97054212946699
0.7449833056381935
0.9081515087689964
0.8336785521542383
0.05985405538151176
0.9971159965085099
0.8217146723648918
0.04777945213556487
0.9444684614829812
0.9711014589600183
0.9683677187846653
0.8343403014128361
0.9642719980764529
0.9275326960893973
0.8358268748512778
0.44710762851458363
0.8000194524930366
0.8358547767363697
0.25221623140300853
0.8013432873997494
0.799824657642426
0.7496615600982741
0.9205169329698082
0.0854493005288253
0.8039484516501958
0.8778261379970307
0.760285645049366
0.8710166258768001
0.2080246625546242
0.47543401380533057
0.7975655345479757
0.05411141655122456
0.9161203565946507
0.8655352305676419
0.9813069318120651
0.7611508842896695
