0.8570887094646984
0.7642101160586996
0.9959334194768357
0.6295722241437032
0.9470556098847347
0.9977476714279176
0.8044713396229188
0.9409049764888532
0.7242548913755857
0.3727180877530255
0.9120678917276115
0.49516207410204155
0.9535313651652135
0.759773965044687
0.4103324124579556
0.4482345058702687
0.8662707960355691
0.37678427864284714
0.5018426565895264
0.8721492681325176
0.39054052506011117
0.9081249011256853
0.7442437550080561
0.8427723715938084
0.8604567336822101
0.7892937492718322
0.5532320105894317
0.8207873172389398
0.22399867602152476
0.3749029161166999
0.864505131797932
0.9687738379676951
0.8509443858358563
0.9414711401482867
0.9175383922382306
0.1570108053952159
0.6370031913699961
0.7381983669950162
0.9499470305623186
0.7831939693792439
0.968832238119722
0.502005094539036
0.8328651133912615
0.7502103452256528
0.21231687662797444
0.26450875022626846
0.7127195772670807
0.9301411548253381
0.4437418070427812
0.8341752270168594
0.17157392898569793
0.9059900997257393
0.7432092879545971
0.8087365220260584
0.829243895380064
0.615187512235207
0.6559115543394489
0.49584266797928767
0.6818094814453078
0.8466524504915511
0.584560999935402
0.8255344344535713
0.635169539988454
0.8576930720557547
0.942638573754428
0.725984519539512
0.9046793097821364
0.4200185463405305
0.6415985364923349
0.9326288672609124
0.7092127552874072
0.6984945929501953
0.8779969039118338
0.5830986283649379
0.8263821447758578
0.768752552703555
0.7365149341048641
0.40601861667099504
0.8159389867873891
0.20813736612172526
0.8177656709081635
0.5241130134129293
0.7998726333289942
0.4605320023371999
0.9164630216811024
0.903030940752217
0.9696348373342838
0.8713022256431536
0.8473262869036144
0.8859435444821364
0.732183715369211
0.7937977022394942
0.5012680146154804
0.5154058177006207
0.3084353426584967
0.9060890934982306
0.6980784568674994
0.8353359267683445
0.6920794892503601
0.9699318670067851
0.5646334936372881
0.9874309778754701
0.650353697715441
0.9326693818390576
0.6524952436073144
0.8783923392761845
0.3538169992606698
0.4507755732896786
0.8070880351557221
0.9805248099884434
0.7475478841534109
0.9332324222686952
0.7258394615062881
0.7230385034737111
0.748561725685465
0.34874692542292285
0.44411671134948894
0.8178792197454968
0.5505161392996201
0.4948015741069831
0.551314634023693
0.7360521305946739
0.7456802507060851
0.768842479252184
0.8858610785514948
0.8934457248759837
0.5648432761270641
0.33948681837505545
0.25088733171100736
0.9857883648627377
0.6935012146404103
0.7426520544545115
0.6140469611119269
0.8055158308891004
0.7786749866403283
0.9509474367174807
0.660966158447166
0.7756108000972143
0.5364615112484531
0.5897323433037465
0.974184418307003
0.8403660736320878
0.8972958250194409
0.9165035032714193
0.9228243769858393
0.7067564258926906
0.39543868869282806
0.7238891521227948
0.7980756323262117
0.49496128394229433
0.6798781515320453
0.7616984445650614
0.7116114284842814
0.7896900932993285
0.2033798723453184
0.9254525003593601
0.6967833924554419
0.7263143980430271
0.9142141670816426
0.7395409195407971
0.6206607715983907
0.3410261248047113
0.7100339548701713
0.9807468076933233
0.9791938884811132
0.5236028019451513
0.6230651274256757
0.9287048689627484
0.8505344961465142
0.8965609083554045
0.4542552467100299
0.442940228351922
0.29980200377021327
0.9445755658634185
0.8766442476050564
0.4043366464680412
0.4858294689731806
0.7373292019100424
0.8457464285134397
0.9301411354020845
0.8099293466410578
0.8990813126149771
0.7886366660111341
0.6988407669220893
0.7156069789166031
0.5140124891711739
0.8191555900925752
0.30325980842972955
0.47690785574251016
0.9126134628320561
0.23564744532878223
0.43846776750812727
0.5069011622134492
0.8371807454747213
0.6585187503446768
0.132567267765075
0.793283671658547
0.8354589092782031
0.8580307040121097
0.7869570520807452
0.7730559661684215
0.5388818270779427
0.9747294965669502
0.8558776448250335
0.6647316164059516
0.7910033624739529
0.5865068184084896
0.5586768915836308
0.7241706986076353
0.7168748837800197
0.48305326452113007
0.7445053309557129
0.6724704731465448
0.9337823234431337
0.9634352227160061
0.4721983277690505
0.7717804172406583
0.884095358021749
0.774440738955966
0.6218841588261259
0.8427404722413198
0.9342309024791854
0.5692620201118839
0.7030634624217067
0.2927992297217057
0.9659775441025154
0.8619757304109906
0.5055147375959916
0.8136775461734097
0.6503706905571782
0.24622446258213337
0.947955915559785
0.6068552614450402
0.5413192359633713
0.810191887241805
0.7482614732629292
0.9239099446520681
0.5830284002844675
0.8709059269457996
0.8933133111100284
0.5526161996747019
0.9736611964615736
0.8607992295925457
0.3320948626734696
0.821165709244615
0.6902742399968546
0.6451227306524588
0.8072669448353677
0.9654994369122798
0.44530211783805396
0.4551580835191825
0.8074469675346045
0.8616990687336168
0.5362182519344904
0.8358410821281349
0.8623476024123475
0.5564525744997574
0.827151066503791
0.7362681965003277
0.7721474345932904
0.8550030796573588
0.8029468026556006
0.3552061841159949
0.3589186981722511
0.9996347314220817
0.871226074256457
0.7503667576799145
0.7787455541401391
0.7631130348447318
0.8204536792786401
0.9392877164419464
0.7647479299825096
0.5075475027662592
0.9488282927172458
0.8374579373983044
0.5567374185569758
0.9205650366552052
0.7697765783029867
0.8169940356643662
0.8948704720030056
0.661890382704346
0.9025653901378516
0.6737025926380207
0.9364654997118315
0.7761512436085526
0.40186779066078526
0.35176204563165314
0.5488174445083495
0.6434322108621318
0.8910925617219831
0.7573238520477426
0.46441714249815663
0.8457766694890354
0.8458910159589921
0.7779993744210796
0.5223491229771784
0.8530864201886006
0.5077679486501919
0.8311959861285672
0.6894350828701423
0.8486893773060239
0.9582453806776546
0.6318839404452934
0.9192921558671002
0.6221653531749287
0.8150986956219841
0.5508073102142808
0.8152859908197221
0.9625861435431213
0.2959250161864919
0.7699496209293093
0.7547244019341668
0.7710698438310997
0.9094112715794435
0.5191652949350765
0.9470344854300896
0.4824185271532477
0.6934345828424819
0.7987268736078226
0.6701557047446228
0.6891954296002513
0.3459727100608351
0.7723562454013344
0.6333438256218129
0.5617140875148162
0.4411246473390251
0.9175410006422265
0.8791187857582545
0.4375507590889309
0.43627245878150855
0.5401654983314232
0.8191654688975749
0.8788023376366698
0.47889810475599814
0.4311735622759859
0.7985289893356189
0.782464071008997
0.6558003967983047
0.95770435501606
0.7556774609530534
0.8785517388868226
0.4148964239952247
0.7544555205095951
0.5895098022939793
0.9306197031425103
0.609938926163062
0.8866877947933288
0.8454727870393963
0.9471204510969456
0.5431106259060945
0.7939714196682021
0.8136178822306401
0.7008098042023401
0.7231856133656738
0.8440798583202448
0.3855051533430859
0.2439463191579534
0.9512251966925565
0.8501399085636403
0.6459215044105455
0.7293649107555487
0.8448222700518238
0.6044834641978595
0.6957539448888163
0.9589021326937462
0.8060664510042608
0.8096774068835256
0.3133502202129014
0.46393162942158617
0.7023829549155857
0.8535473259529178
0.9959335772158419
0.5757625036930454
0.9988157752134172
0.7944765541357588
0.564644138150964
0.5089557569246995
0.7670770878505848
0.9235749632879009
0.6197725552215607
0.8273449186588187
0.9938783869809413
0.9857042754627018
0.8868218923815738
0.9788102773261
0.8568221608337182
0.6151370593896046
0.22729026590514495
0.3744721040978824
0.8004003686899717
0.855920494659669
0.6009331486672196
0.8424054589669905
0.26463851538075495
0.8317132976805848
0.569738601676135
0.5401436466693359
0.2483501181924899
0.8008101478694242
0.7668402666025862
0.7370793381395366
0.9849019829850707
0.5517482813034064
0.16712435429432915
0.8904308279658755
0.9123480959274867
0.9932778509008223
0.8350831540110211
0.80861609827464
0.6243581605721017
0.6954664800223249
0.6601802802704345
0.5676354039587758
0.6444794042726852
0.7166488099876391
0.9572234631994292
0.924422016093466
0.7897802349719512
0.8278041005990905
0.5971634666371628
0.580514021558179
0.5463415177428224
0.7144298820764519
0.4270271673310594
0.7235076685921333
0.5680520544893308
0.570015864847742
0.7024396839342555
0.9831201494517909
0.9085026694460814
0.24531421794383595
0.63165527461532
0.9332000347322459
0.403238729674359
0.474376739227092
0.9671258800012248
0.781868801825935
0.9675455281884676
0.8010130737238268
0.8370666491158687
0.7027538318155638
0.9446918577072634
0.9392758830947099
0.9100515985656679
0.9135795941626927
0.5881625354565053
0.6445790001389963
0.9348260035107929
0.9445931973696364
0.2275942757608614
0.8882907322732291
0.6617726030937467
0.7914475677881463
0.8965073662555465
0.7222859443503
0.2741266231445482
0.463074148149652
0.9618442007845691
0.6634082248847117
0.9050735027133829
0.9910181915109274
0.8377574731137856
0.9752443181626276
0.5154385538082149
0.6898780634541866
0.5704670798426094
0.9035008742588199
0.987579663473612
0.9445445207881187
0.9642095549698908
0.8663783263414527
0.5926150028543629
0.7687576885964017
0.3208595176159457
0.33030486463372416
0.7529252048762998
0.7766930030626995
0.5080573872802141
0.48940465173710934
0.7535899889745303
0.5220921257834954
0.3134587354517154
0.9910004703151526
0.5485056841081671
0.6151417211094068
0.7802327047889166
0.9771525590650272
0.9973295463052774
0.9626133237706265
0.7740211762762439
0.8726940383654951
0.9843244238560719
0.7510687715403468
0.4117728722331889
0.5702302125594584
0.802383118410847
0.5116761537513022
0.9462902194668305
0.45765014182950847
0.939210765999133
0.8175972912282757
0.8189153502460988
0.874204845649571
0.9906970540326263
0.865250080293321
0.994386830198724
0.5086633761427557
0.6949311390137327
0.8665003116083345
0.4660867503499211
0.605698911708532
0.39919905595185545
0.6015145269615302
0.794178966491313
0.6231734705321199
0.8843225044936931
0.8894143086943477
0.6858263604841122
0.755985898300417
0.7058836247722237
0.6931760683311611
0.6177193246234396
0.6230517511073437
0.9825679767659696
0.4271586695609462
0.9207385133590908
0.8380460115744616
0.37509200022649053
0.5160005630203254
0.8817416247815026
0.2870133893123405
0.7345990568220061
0.3225591184393869
0.5784735764845486
0.6146277856046601
0.7764221402030695
0.41669760435164416
0.8976034607242109
0.6438053854495902
0.43841350585953853
0.4255378912366929
0.8277992416880062
0.7640911705213265
0.789228720386483
0.7986892417714295
0.4076431194790081
0.7407319031478797
0.8758713217143688
0.6802475392049088
0.8441965176411084
0.8834269817787948
0.1074402846465169
0.5366283975012398
0.8622845091462393
0.6138667724675476
0.7762084720382042
0.7766735602857648
0.9715473604605857
0.908797867335464
0.6754018760586996
0.5226271154629999
0.9489725583133837
0.7249814067617513
0.1960091754443059
0.9971356683194004
0.9315019237492286
0.9119037046135043
0.6928383709524344
0.4828932621451454
0.524322253608472
0.7494182124168849
0.7500751782856572
0.7507904974041691
0.9292385123211832
0.5618810133959642
0.8386265176321165
0.8534836048148642
0.768803370957847
0.6075243087524
0.6237246016987318
0.6170337161766692
0.9853465666864815
0.9618425957797718
0.4921274198678066
0.952144465999287
0.7728281095778823
0.8134232269229043
0.436011783822561
0.9085760736240992
0.7650114136311585
0.7460955369538549
0.8970608599039089
0.9397097196550375
0.6057511100534123
0.24480216119939566
0.6017546127293455
0.7545209072308379
0.5574392967907967
0.910547685752576
0.6194722161733135
0.8361411045086138
0.34352785133463143
0.6397866926369289
0.47069834569919455
0.6468689992826822
0.6034451310432354
0.34457215386719375
0.5705344459280998
0.7012552680052553
0.36957453981973587
0.5694573405146333
0.6637289394602006
0.7497341187451174
0.33374117302987727
0.7809439410313692
0.8112068103676443
0.8684550112260729
0.7223897186573502
0.7631279248388632
0.9780250552251992
0.51998594776294
0.7421930245426089
0.7329109359744709
0.23903160911618068
0.860793863420644
0.8585559857970247
0.9476764142767904
0.30766341610513004
0.7613999525220173
0.5498615579439722
0.9973796972398379
0.88618193515253
0.45868523619428836
0.846625062275243
0.7324509096229146
0.7508836498133244
0.6234846809226544
0.7371922287464469
0.6701256708381458
0.8774947499822525
0.6186602274700556
0.7018653223335097
0.428697807875566
0.8215975357974922
0.8233748935147667
0.45844407833830486
0.9129477284327794
0.8670204763934335
0.871730706399445
0.20648745100547983
0.9514406409141922
0.5747092354254434
0.9936446803471688
0.6021891528943994
0.8068815623170517
0.8900517927314299
0.8599404977637688
0.7065847048850902
0.8524789553391992
0.893341378030449
0.8560224633094978
0.7251373711458163
0.8555546800258091
0.6443408565942266
0.636610474845815
0.9374743359507209
0.831850062897683
0.3519494662285025
0.7491093220280476
0.6512437988281303
0.842886831395123
0.2927881590597917
0.5726095490615515
0.47866762272089436
0.3295571552264782
0.5269557712551766
0.6979022893344313
0.629883518625588
0.6463075224023936
0.7601666044266606
0.7103551690118585
0.3837226831527757
0.41795376744207574
0.6029810522539283
0.6110702801870928
0.5311997465543732
0.8642413822400126
0.8098628022384341
0.7424072414191605
0.7487644288734383
0.7395404801002323
0.619287974978249
0.7838439503870713
0.8969477708065673
0.7938455736778847
0.7573702438394965
0.8252804660573254
0.7777551980891229
0.6087489735182252
0.7757838393431287
0.5648558288213079
0.803388285033144
0.2821546256672093
0.9014234543752078
0.8458532671418493
0.896465868589976
0.7191312458423844
0.6601801221610166
0.9075447125313076
0.9327901618183525
0.5721866616803537
0.8683469826309425
0.7324882399054543
0.45755889204934086
0.5909376427355959
0.8602134906204949
0.7297361330114565
0.8863554434724539
0.6779839286667315
0.8845312780148809
0.6770978439322282
0.6888645723809345
0.7536756881221951
0.8760139423599395
0.7353302451124779
0.33707470362610287
0.9893065164106991
0.5735341057083834
0.8950496377102063
0.9634215723431878
0.8602338429316707
0.9769573152491273
0.44576753928640167
0.7489331104945285
0.971587937469219
0.9143116877999922
0.8925591068655248
0.7679198581362646
0.4546953304417053
0.8980085534663804
0.7590803157931602
0.6648978716952325
0.7712595009261988
0.847930434876303
0.8821959644527821
0.7284591325193274
0.9123305115103689
0.7936394115871346
0.9179112891795613
0.8919512303150301
0.6020235886219527
0.45104871020954695
0.8875327630198486
0.6651107029756914
0.7522008380514922
0.8793488145900922
0.8653752750855905
0.8579743617211123
0.7278394874905024
0.6339424622867047
0.9769213177820597
0.43105580054902404
0.8954118202934838
0.5016009429757483
0.5820899921430762
0.6353521383470757
0.7638423149927445
0.5827262871414919
0.5653237187437354
0.4428164289368589
0.747596713929733
0.7733388367677665
0.9446345746484788
0.376271324567777
0.3775754404157631
0.9072420776109854
0.9350120286407893
0.8260195299804153
0.9306650578456244
0.9310678624473945
0.6352667540747865
0.6825883006443909
0.5307368659625451
0.7581488966678827
0.6289818659058235
0.8954366823283978
0.21862487872202954
0.4071412283554122
0.8116234460130138
0.8174391174016262
0.9785865273574502
0.7328346407786721
0.8033736091193712
0.5532001167347924
0.6456584810527961
0.9180178518209969
0.9529883953247757
0.7403248655149028
0.6862639254665657
0.1894126083289079
0.9753675290839334
0.8304796006041175
0.7729967366141566
0.9268107597724999
0.5882905872845157
0.5181765600950494
0.6430176057892159
0.49993522585579286
0.8142049838947096
0.8346196753409237
0.7920298630699494
0.9994190679169265
0.19868628135157199
0.835807413819774
0.8278048147647015
0.9337759209185599
0.6968066162587851
0.5870140097995887
0.3409967368673581
0.9298493931580525
0.5761649400965589
0.934259651608438
0.8467693027849821
0.7340688415753415
0.6723664969849894
0.8711077252911119
0.545185229068011
0.8427653411196712
0.7484435797620922
0.47502314130202933
0.7438952819337279
0.474584528731318
0.6066839548808878
0.8836721231391766
0.47869259398546515
0.8340065909021668
0.8270556779942363
0.732460319386538
0.5632248099221063
0.9656706190630999
0.5865309709096658
0.6365200399529827
0.2949149454082879
0.39602570790349434
0.3797673538964692
0.7375832906464841
0.53333455548105
0.9491526069253562
0.9931915893578898
0.9283779439535582
0.8185287980748501
0.32088423946669853
0.7435595193418385
0.885552666262642
0.6289679601903556
0.8467630417711727
0.967310122152944
0.8380162513563358
0.8298522523564095
0.20043515950059643
0.19596063585148632
0.28008266535789234
0.9745576598388569
0.9399653305054398
0.6839505690165565
0.8134435686703365
0.9108537909475688
0.8128561327503703
0.7469919168368762
0.2605170695545941
0.7759638074618311
0.7961884746703476
0.7830720238738695
0.9760041051700807
0.8127962915018281
0.5297431306523189
0.8465579238146774
0.9328867289782552
0.7027032417681809
0.6237187971577799
0.9629652791825045
0.6483418051030072
0.5982281150317735
0.892920249480371
0.7815344308944412
0.4409204589844462
0.8500028543464383
0.7445091211666146
0.7048733846330221
0.7788145702409692
0.9117357033225442
0.9611384822536315
0.8749857239612051
0.8504973341145832
0.7007028314466701
0.7437493258154012
0.9916333390918176
0.7601189501517411
0.645511633071572
0.6524811781089878
0.4741700966183526
0.474322307959987
0.7032375429476385
0.462034232804627
0.9166524557000751
0.7391973996558545
0.9432065933871172
0.35704911260329
0.4161068024828585
0.6517209197116938
0.5441937142509109
0.8599287511359244
0.6549980865375516
0.9472242808352278
0.8889698822933654
0.6690377575730281
0.9795371131025219
0.9801841275958307
0.5377127044416792
0.6668741512442586
0.7851595297915739
0.8163246751051754
0.4248249288745116
0.571659088924793
0.39817876001939345
0.4754242192674554
0.9483374619487828
0.8950764884708391
0.2902167203253111
0.6282903572330805
0.8738379406559666
0.9465071678524588
0.6678834750351486
0.908955091029919
0.8239908132916178
0.5959620930897227
0.6520716410444023
0.4062079293344477
0.5907200628930875
0.4412137939738045
0.8230798772524428
0.6636375095451794
0.9147673216378891
0.6174624552303296
0.5465780444045256
0.6172842586740075
0.6215176279348157
0.7726113115896044
0.8741216359813312
0.524265620590673
0.9299401428872756
0.7987915481554735
0.8317323173494744
0.8404221848162683
0.7630606812103662
0.7592648999547158
0.9327470886054057
0.8092581354249527
0.8746659102301173
0.49944831182079824
0.8595589385703839
0.766338840196941
0.736759547244304
0.6620196054997787
0.9205452470445294
0.9309995853778092
0.7854671131061928
0.9048189972428827
0.8106199702163712
0.8180616359303866
0.6282997650237843
0.375153043981931
0.8426442215888753
0.48251300686789894
0.7386710818557956
0.6669703532882152
0.40776229446522166
0.29416440942309474
0.6006663661198723
0.2893541422355841
0.7329863341548281
0.7393256143455478
0.2713145933903599
0.9973480917408963
0.49141457182778076
0.47928625626686266
0.5609803195486196
0.9995063073166961
0.5645216048630315
0.9974585316425248
0.7474399685811796
0.851357748893528
0.9326609404642232
0.5610267713590853
0.7766707890054022
0.8201871813162164
0.9382188699959891
0.9846979229255721
0.8269920553640456
0.8455916301699136
