0.062422894465602986
0.5687491970471847
0.019972592857859323
0.4044324557751253
0.9410263323367432
0.07373008146472293
0.10140961808444446
0.8545051787302969
0.06184661611090544
0.8369849466418984
0.1949141052145661
0.1858712358774941
0.5614981082381205
0.9807421931934954
0.8812085099258748
0.035106118434941866
0.8615406155424766
0.8529489082712758
0.737999918639764
0.23003444188914512
0.8109589796912142
0.4682130933945548
0.4113652093604531
0.1134325033551807
0.12341998672145793
0.12884627721543568
0.629683385592373
0.6490938506301428
0.9022559397226055
0.20198965561892368
0.08410960966233766
0.9980972099881438
0.5133060362162345
0.9857982249728336
0.7823267728965505
0.13091929848757466
0.021630547877992186
0.9797706185151109
0.27737596908543793
0.7957391008581763
0.5304017003010653
0.45108927974575524
0.3033438295405713
0.9614811912358112
0.4631627267159487
0.703917479741608
0.7893737593083234
0.16788647790266248
0.5269708120704094
0.0726895850155767
0.8543268198118676
0.9294066507988246
0.6715456746321125
0.6080870301196639
0.4581243558487399
0.7852262660717357
0.06642114476364747
0.9002190698479033
0.6288818150630079
0.11134258141154856
0.1617756610255875
0.04652837576190399
0.1648587697261943
0.8180667729835143
0.14089762247602494
0.8465332489016915
0.9551908253930346
0.06070352488194816
0.0766843070335412
0.8525570806322255
0.3104519691395198
0.4541000068245037
0.3519454720871695
0.7391440974590611
0.9665779993497579
0.10525323569264652
0.7726136845141485
0.07572363503429153
0.8936555815551768
0.28193490700610496
0.8591451573985018
0.8079062107169825
0.760134463922459
0.7006854913062034
0.22543953152181273
0.020336625447701782
0.07891745402760181
0.21100370419115627
0.8106874017066341
0.8219922330178702
0.6050634013635837
0.40318399797444254
0.12488447869445429
0.9122480128604009
0.45730517643323676
0.9129856474327167
0.9663074932028233
0.7389509191855735
0.8247111912621312
0.824774055079708
0.7559267321851519
0.7850519550664794
0.780565312471297
0.5078627152374695
0.29700142335756563
0.2869218833059778
0.10970708915601972
0.15025537790855242
0.07856314201880417
0.7434737038138641
0.3762094441932717
0.8196499676038679
0.5737835864745872
0.45663760858931746
0.9787043891186041
0.9008587671635433
0.051367311752145484
0.05193359565601095
0.6968670752529096
0.7495017557586756
0.6481074306542045
0.5457854898457302
0.6704955769629655
0.12362592973585829
0.8313172448048052
0.5854296107874666
0.1553608059199795
0.7638304215689791
0.2278272938563872
0.6754000140751353
0.06560186331196291
0.47916558588509184
0.8387687756036502
0.20243188107326265
0.7649859921450817
0.6383368098121869
0.07289762168299968
0.6843880464437437
0.7474405993401809
0.20819263425702356
0.9565668741981421
0.8159097463460523
0.470635338312828
0.04080413830381526
0.9135922987479281
0.8309202893276006
0.10746381718736644
0.09739153736364198
0.9337045276311959
0.1043163386184044
0.048637501916596076
0.6165302281467349
0.6056719168158831
0.5140177887255507
0.9993022292115471
0.20363505586772465
0.9773871692369471
0.0577442683637718
0.16490364678409514
0.6181834978819616
0.3278480242271104
0.7697924333293567
0.09087237361733548
0.18318810422446963
0.18167660793276338
0.9769583325068412
0.5692883820305985
0.35205017829677193
0.8344295969770668
0.7975925269216726
0.9548249831152367
0.24215127583763907
0.4154371542111325
0.33137427338977776
0.14219087520691087
0.9867951970018889
0.981222864465564
0.5421425403831339
0.8920428208838749
0.2178357315179282
0.8666999477871167
0.8851081185976155
0.09710018127167525
0.07250321557033551
0.04451191539692344
0.7415932706536779
0.6703965288852236
0.12392633063650432
0.8942778331309751
0.11275834576039258
0.48872453561566614
0.10429675289570829
0.06571061239314493
0.9826125343408164
0.4775862950661558
0.38149099769322337
0.05702530406982523
0.9686209185368004
0.3128514210395964
0.04458605281700269
0.06240423500639526
0.924667794535837
0.38804420036776793
0.9403638897797458
0.10459871156376122
0.9448054655960685
0.07534861582756835
0.9320954871269671
0.7235198262127511
0.7335810478772531
0.6301815724163725
0.8183215743296637
0.8214654928133127
0.37687360442769824
0.9752204825956731
0.9488919508085265
0.09519090081022728
0.14396211458344554
0.9114069762858159
0.6704823975738778
0.8111453303310767
0.8170830526176867
0.6483688213508046
0.45754447832571354
0.09474585281822295
0.20973642273284834
0.8834675539129728
0.38390212154308223
0.8398338514017933
0.8308287470251325
0.5556634027738631
0.793614891364546
0.7994423885007989
0.18648689341565805
0.12078076039263444
0.6363857652580549
0.07682878933685608
0.42932916980530034
0.4265633179044749
0.22107623760604675
0.9812265930302924
0.29123961395958875
0.19411871398482938
0.5341967686685001
0.7461746925638816
0.8420416912492917
0.03353809852460979
0.17232905391335657
0.9224441490184817
0.9786123156077161
0.1297611236831571
0.6238568520731759
0.21868791328897713
0.160930969765482
0.8278913691724509
0.5406897787993514
0.08698670590400684
0.37864882240766373
0.6948142840326749
0.1437238779928594
0.9478904550064231
0.8000570683499094
0.07489737499099526
0.10179636696925279
0.957773860246564
0.3692647775893585
0.08373471560097082
0.0399853786632889
0.0886599318120401
0.2876418034131979
0.5138747118465035
0.8333544499263674
0.7935827870306086
0.10644968269052896
0.6503331960175882
0.08026411864842517
0.9913410870411725
0.08919192556080588
0.6320257748141019
0.08330540860811048
0.63543915754904
0.15066922244436357
0.47425761068926386
0.3516789653461546
0.8333072819007497
0.054934379630959485
0.8343453667115213
0.8737990755745043
0.6120699372183345
0.25912733781958974
0.7151734444741141
0.4658574109009086
0.6810140771515814
0.11428355673474495
0.10571934215949559
0.7377334152520965
0.9761340122866022
0.9742459826787131
0.6100071213417385
0.8456273155110585
0.9469179491100289
0.9817335925246056
0.07391261414582537
0.7241354280954326
0.10642131642642956
0.8997122529404402
0.5937925169515093
0.5498613215670185
0.6683946710316441
0.8902421580641173
0.8034066663263066
0.7579083213515081
0.283312310698157
0.8633084180740629
0.8835420959576805
0.15634529927417215
0.10216566800474393
0.20865147942653176
0.9594698382337229
0.06668142508492572
0.21951786554948588
0.45994496046934374
0.040779389234911256
0.13253742279744227
0.9169498844277562
0.9186884655559762
0.8304664814891904
0.14714948324784696
0.3386675068754511
0.5975919192103651
0.6407767105784411
0.055797927543004444
0.2523328543899759
0.6177474066314498
0.057912077745829516
0.71628722025286
0.7420406221954463
0.814191111111598
0.8569834400632549
0.811817232230998
0.12762877005997048
0.7802622083212623
0.6304717221712073
0.6212259744314736
0.8754192180151739
0.036501960347471246
0.8381214054907176
0.3737358320027568
0.6258926646083173
0.6511948444838096
0.19319630221604026
0.4429848690000336
0.6528474626092124
0.7570924111852891
0.38280311392849453
0.3357179514595091
0.06535994951516713
0.9073327555105986
0.9816298109517088
0.7485656307421942
0.7826619856289063
0.25207769827960747
0.583323991552434
0.47448344084333344
0.9147541640438566
0.08026835169169463
0.9750279299606845
0.35620903838073287
0.807247818029107
0.4301802460935503
0.28718296619391076
0.09914556412507214
0.9997461348571537
0.7670990776303495
0.3743867894794628
0.014434021749145348
0.9838039255688398
0.8033610013610413
0.8909461417986957
0.7808748402727967
0.17806781503394187
0.9527095763584597
0.07729363628129197
0.9888279257396437
0.9906578862284355
0.8598538322133615
0.07173166799330818
0.2960474737794756
0.9558674736088223
0.7884035333230646
0.21828879105356108
0.08404636241944376
0.44274641339436893
0.5808519990075545
0.08796082418705563
0.8267035975277885
0.7120023021662241
0.20791036174745267
0.5150635174932084
0.3826663973468733
0.15365967275358258
0.7634565400689629
0.7411306447588344
0.4443786023631098
0.5793097280046746
0.6925051629745882
0.5478138587179251
0.04263082060076985
0.7883111217613581
0.7598513512874728
0.5175551328743617
0.054856438978515144
0.9644779209094339
0.05236170243743168
0.7312588052058263
0.46264976973254884
0.10158032095321864
0.369058598170604
0.5994029435587577
0.9288712299973445
0.8071350305031154
0.5475365324157891
0.9310121978845112
0.17508911181877312
0.1440574166324886
0.07387381051838796
0.23231513635034207
0.19159613029096095
0.47624224553878625
0.04815070136004364
0.7066330032072613
0.8793065602092422
0.742770160619077
0.9464852293169401
0.7668659012131616
0.6156044717180198
0.05469527814246587
0.12054881108704647
0.495709114680293
0.6486474109695111
0.43015588922040116
0.04845815117822601
0.7467939113777358
0.9076052739889752
0.6699344378198121
0.11850189489645621
0.43998401931292325
0.9096679179980884
0.5554414443546228
0.10627762127585816
0.7852958164671859
0.11847426684652484
0.6431658693864752
0.4703672279423652
0.697085696032707
0.46661791674040687
0.9095696335471729
0.8825515874987615
0.9452800285107624
0.49393424139204567
0.04103475941144945
0.12568153997759088
0.08602187061940669
0.6225160559148446
0.2651967387883562
0.44630951253178924
0.9811036515405334
0.6504368551663687
0.46491673473027134
0.6337409725603339
0.6334441110290798
0.7562897006554109
0.8170309725035232
0.2868458623085584
0.6503482655309396
0.12789190067763168
0.7914193297608274
0.0976606482270531
0.981375768240353
0.8150118562242831
0.11916054826583147
0.045514686828126316
0.6441596021953822
0.9602867639912037
0.7625235226238216
0.7839305993793193
0.3480643325349475
0.8389341988595245
0.29938186706897374
0.894533543898568
0.08630282905802254
0.07829479500017958
0.951240947064756
0.9455868219205062
0.9152819833403559
0.5339512988842952
0.09118858227339821
0.9592892996534335
0.20419302442947262
0.8263538019272237
0.1515690077453377
0.9210737408619725
0.06458424275029899
0.11122736034626413
0.9538534677858246
0.8915724703525607
0.13761991281424166
0.03859994966247693
0.6630641448185266
0.1757678622047247
0.9586163094523341
0.04961381055740796
0.8936280984718198
0.5900451872149226
0.9389936950141186
0.8861074489691034
0.8483012988197377
0.6932770159177952
0.22955532112585258
0.9895656324519633
0.01897265300400778
0.02962227555748618
0.8814777329694592
0.8261116691777985
0.510136125845257
0.8851006679460196
0.16032395112340508
0.5974966836473834
0.5979250873449296
0.9085739900692913
0.14445828158066767
0.0656424878267107
0.9917608622433696
0.943675630149501
0.30553806463957595
0.2113140831025085
0.23544323347549373
0.5068111466990368
0.7326164303948608
0.24093892270345013
0.2299994205163287
0.6687268351363286
0.06599562982692504
0.6224607992285457
0.9079819098139674
0.13756813430224413
0.8060543458711582
0.8834089764378767
0.7890491753525533
0.2942921083731592
0.8852889009637979
0.6400366171865929
0.4123287167409045
0.1586974462809386
0.0817664614229205
0.8357502064354546
0.13881717474799235
0.36369799246855483
0.7900435128581798
0.5091636014798884
0.02235938246763247
0.09232222904447132
0.1330054683209043
0.98602865908733
0.4134860748903343
0.7845403015348658
0.9220602939570313
0.6798878344664155
0.6170831956129479
0.3490452983618139
0.6626836825844893
0.9768563877476049
0.48963044912228815
0.43442324291087836
0.8388493453533452
0.7897701550148455
0.6511298074548009
0.08794325198938106
0.18342805830701558
0.8278578651999743
0.9981151991490647
0.6762791031948459
0.2751866266023858
0.03270967640101368
0.20300370110004068
0.8834687581706442
0.27471663040373956
0.0780549645142535
0.9823521254999281
0.7845645887522328
0.08970210441695763
0.1588906653074621
0.5417668209567545
0.8009853462254397
0.056864276639665104
0.07617813090576446
0.7188333896643193
0.7520457192423414
0.11626211169011988
0.9949343552617926
0.48292888263447376
0.8482792992852815
0.15101341925868836
0.04440573431877674
0.8988442116051015
0.17829729429892532
0.2892223191651111
0.11829420627182967
0.5394291580801535
0.9201878390013173
0.15285285934248344
0.8974418792990495
0.9733829263630097
0.539542355272008
0.27931673130143364
0.3053065717430777
0.029778699309156872
0.6809646269854588
0.9013323564803148
0.9740950435846016
0.9786912196611841
0.9290947564240735
0.5041037667602661
0.906749740082023
0.08915384542690762
0.743150550887042
0.5322241000460519
0.23331585827938123
0.0498882073411793
0.9565031919499751
0.22137975923168174
0.36614630803488146
0.5049992397851675
0.6341634438629935
0.007100989306186585
0.9646276105860954
0.5652819001889062
0.791823170080818
0.4661922795900547
0.9086227029809879
0.22438529294540033
0.30370478755067326
0.07487743277509358
0.5371029267844356
0.23513963955130598
0.8599382253289031
0.5558623586652724
0.8452744328061633
0.7443504585907432
0.5245235034456011
0.04148154252885818
0.11723010899479812
0.7438238305503315
0.08812640190539545
0.8703027985053543
0.5387709533663246
0.6765816651656988
0.03198267954359809
0.443859600405471
0.46288487818477037
0.8223195900524656
0.1455762919365502
0.08273291131487591
0.12678399304801022
0.14158997869794293
0.5047978544774192
0.9366060381127507
0.8739435348923704
0.8157733419201296
0.4066489068477574
0.03897542586583599
0.07541074609766152
0.8715155695824017
0.5425190392006297
0.9979766705179456
0.1779972713052002
0.8123565285922092
0.8180012761500843
0.6950975171437798
0.9651259299921262
0.9789926698483646
0.8745139753976996
0.6239941581126711
0.3903190906118379
0.6245912816357234
0.9665359620324089
0.14880403337844783
0.8905868617310906
0.6115637649902121
0.21644085344806172
0.48901214282979555
0.06545546835101246
0.8057345317686855
0.367151546874934
0.8224984884743227
0.7786544122426882
0.321284469865175
0.6948845372653791
0.6774170981811907
0.07379947867898422
0.069831430735326
0.9982417168528384
0.8432302815120494
0.6428232606521146
0.10704146822223665
0.14152137698016815
0.8410360504171834
0.298811982812787
0.5449205047227709
0.17972622669463306
0.16074159232125393
0.84882154071927
0.9868226183011657
0.19320634610280385
0.03440583075355191
0.450970442999859
0.9860562671453158
0.9057254043575553
0.8868961386409889
0.4854443590590096
0.6298795687579724
0.6428399151001836
0.11529230389952576
0.9184411357092623
0.8839615305429469
0.5872093571059995
0.06744569025264129
0.9681687818558872
0.8776118817666474
0.12781050164494118
0.23876619289975443
0.8104310824827987
0.4545692900488749
0.0921819002738366
0.8649709003311185
0.20071543971584865
0.05094819463968915
0.9413192753762398
0.8895253895567801
0.5909902999977898
0.6862383904468837
0.27891807248185896
0.9038497264407951
0.06918935804331544
0.8566248219351835
0.46929598210176415
0.4518985362476407
0.9198538170802861
0.954316060247884
0.4062096203009505
0.6489797738781921
0.1974004977141066
0.39511321329575066
0.3731552995295758
0.7219198718299082
0.7477369957891995
0.22741472663805706
0.9984181673763977
0.9250388094128886
0.38609257971979644
0.7507157960515367
0.8885470830186482
0.6566492090147118
0.6010277228655485
0.6918687853408224
0.9474797779215439
0.14539197714302504
0.5161082087192534
0.26223937670427083
0.08948541262992664
0.82587721559482
0.7898145575776735
0.7977952172884876
0.6122469097969878
0.25574420315205926
0.9776367358871197
0.04247535009024869
0.5076489144713305
0.5482748970047726
0.28979584035086065
0.9114159499045078
0.5469091980151608
0.07803033183837198
0.5628980254490683
0.9809233354177473
0.8864260509703079
0.29414558809588665
0.951794472225321
0.31670486659687425
0.6597190228625256
0.5807598716688508
0.42739981747876876
0.734314696798064
0.5919616702458455
0.8479704497725752
0.6469884198908675
0.0666927225976211
0.655256075368953
0.9650361469698163
0.0938473441632496
0.8161033860186857
0.1567446985174947
0.30156998067560226
0.5110564637483824
0.6397409023036608
0.044663157912760015
0.8308186913479791
0.5769152761631223
0.6600582970231735
0.2897504036817682
0.09747898511801664
0.9733723404263003
0.9135651773270683
0.15157707392352945
0.8223676221583793
0.9288219884065076
0.6371915324842943
0.4125588995569122
0.7677102002964541
0.6181132288454562
0.31743846999055436
0.2164434034182392
0.1514549904444498
0.7707443269870878
0.0699014908349655
0.7171194955590133
0.6624035935750419
0.27577251607668385
0.7372326967564149
0.09321100156769127
0.6025718306748287
0.29167506797230436
0.07356858783987906
0.9764371283964146
0.30780396596534576
0.43861591077594697
0.5097852207597422
0.10311324921918029
0.7924130414104081
0.9570991950126777
0.0970328970083881
0.195742472095818
0.34701761237581663
0.2742238830795305
0.8310497617356601
0.23218983713868546
0.5362660836636959
0.7148851922146965
0.805185410293959
0.0879992024291553
0.9390376365098925
0.3355840463321862
0.03617436046158611
0.9104012774039616
0.07172012838495899
0.576364860514291
0.824816648175754
0.44190632295005816
0.02237199319962802
0.6351214330744546
0.025754275908161192
0.8457227680330275
0.34181734611352155
0.5676018861545572
0.8650531077076264
0.9251299837899714
0.8368581666239023
0.0823131868640486
0.11691397151345717
0.6084487239213692
0.9111108307054997
0.1141202138118638
0.32337668424246
0.056232846065251516
0.9269593183397093
0.5745325272545002
0.13349492084786016
0.8729510896429994
0.11960167048443446
0.09276640304155875
0.6203609864109336
0.09997701855747082
0.0749543074646375
0.3037493446660376
0.050876015567008555
0.05891768140967536
0.058687074284280404
0.09241782306451052
0.8538384334228865
0.0599906022143756
0.9722263413935657
0.034745274104518484
0.5138323548082017
0.945071947039735
0.7428541471114283
0.09833723979600273
0.9203001107273963
0.6747943784258474
0.05798039100495096
0.8469933975035394
0.8345767006189762
0.7039157942648709
0.038657798055437884
0.05758747160049377
0.1147356090212002
0.10764159757724136
0.9548852554778025
0.981978975706223
0.4214347263443473
0.23100921981355665
0.09023578522322938
0.8007618402833305
0.9395283256921523
0.6438492981422885
0.06150719145069948
0.0687635701688245
0.42387249714699465
0.28651040121258425
0.9813375110050366
0.6986696144716742
0.7710224267634544
0.9782962301712488
0.21245719128267282
0.05339849582140787
0.774627249178472
0.7569635868641311
0.5142399224094412
0.13465511619460283
0.5645596894451247
0.18516007274851046
0.8057395763205879
0.8717120406900306
0.5294476653131093
0.2655254209585983
0.0630204256951774
0.9714496040972518
0.5060661471310733
0.973499100555046
0.07984428716034503
0.8524501370828237
0.2450092873134741
0.07575090431715213
0.15176077463863763
0.9313315040872421
0.5285963669536211
0.6638446668592739
0.6033394905643531
0.6646226731217204
0.20087803492701267
0.8865817504729927
0.8218900076728418
0.14507327033520007
0.7423834599809098
0.9169722197594558
0.3539357485534538
0.6832290749128603
0.10542446641254655
0.042631121023645066
0.11466325037935318
0.08370748670368783
0.7779112137507116
0.8310016345262419
0.7265428910447209
0.6211474161312688
0.6753631477094326
0.7848999938665293
0.7761292185076809
0.8242595590062562
0.036796596069452944
0.7772561691092703
0.8177145561447532
0.6733525619784326
0.5610665456558759
0.8381011856821596
0.12055759380648359
0.7407917182263588
0.7707342767774201
0.34404701414322536
0.040761202343321284
0.126723090156094
0.20169415294195275
0.8801663173324332
0.4261886816073992
0.8325189081654844
0.3589901710314617
0.7090576780650358
0.08137733491495183
0.5005504718012354
0.05057486299205262
0.7672167473703472
0.3936546954295862
0.49936692905791913
0.9695581780103454
0.03470399104456126
0.07276652870769965
0.09279285709910165
0.0525168849563378
0.10903986410771588
0.212789949816138
0.9967443541386518
