0.9704247506077766
0.9963737282780962
0.9826888522504234
0.9304588760304646
0.9028238152290509
0.9809964220573252
0.8721166847707567
0.06318280257434172
0.9199652481129152
0.5572347937198223
0.9353992843430399
0.9644214465645902
0.1370682542380334
0.5751589627108756
0.7787233319828806
0.943515572038476
0.41704039230068923
0.7803032078612966
0.2766218491896871
0.8150815863469745
0.9347281917033945
0.7796992963673044
0.922400982630354
0.4465071242663744
0.8709658546190271
0.8223821693345603
0.8601686768290724
0.7813158514615808
0.9452122984879804
0.13863698978435657
0.9803206341468451
0.9583370740436132
0.973154041238667
0.8909646119562482
0.0896616500334413
0.8158210026539245
0.8998576823055219
0.8543108162847369
0.7518757273175437
0.7431906570040216
0.9170316788747223
0.9195743982694862
0.9637304893526834
0.9666928842246973
0.7272765123505833
0.6414211601596345
0.8037925835919864
0.7240930564907628
0.8430257236462791
0.9778601334967896
0.9811519461197012
0.893969821380241
0.9104821099327359
0.7601745857751768
0.2721414016317891
0.6399603911504517
0.8490762717634237
0.7283177226572584
0.9651325165596324
0.8855752466033036
0.968566090090117
0.8246040555392785
0.8141323808039644
0.05156433471988353
0.11249073466369906
0.8198982406242439
0.9437135312715552
0.8717675000268497
0.737578417754261
0.3823669314766836
0.7400815299105635
0.8495579128661477
0.873978486802597
0.9425343711372463
0.9799428904770218
0.8186449240222426
0.806538845268681
0.8933509197622955
0.8644596360859784
0.8107143520154679
0.6420335289573742
0.9984883631537635
0.923666341774549
0.9546940742266248
0.8548135300273718
0.11489369953728043
0.7030862364886834
0.9397409574649145
0.9310522716841256
0.688712138507478
0.11573937857220296
0.17958673872495481
0.1350232774234396
0.7981181369946856
0.9985783865033632
0.8707793505460381
0.058554397740527946
0.8767980814548282
0.7610746761922924
0.17172302755118635
0.9916066792984666
0.5233998783336481
0.0862177582716028
0.5939193172933972
0.5536819702808601
0.947857342893258
0.1728799934745343
0.07434984991779417
0.15850421035209145
0.9996046727456196
0.4894817414510573
0.8699693707856586
0.9900290301393223
0.8733968848342473
0.9554718063156356
0.10056251668590394
0.09348467395148187
0.729331687540334
0.7526762964479152
0.7927563212874473
0.08767741406882225
0.7484561385426958
0.8223558446033772
0.12410928065739597
0.8099380675552257
0.30366895386040127
0.8837119143231315
0.20065237182099924
0.8768218469174442
0.9752432124922867
0.9536222710746386
0.6952386209774308
0.8902586231943503
0.0528836978022788
0.033644323772757084
0.7080754782546809
0.9355006964339092
0.479595381612501
0.09800866119081562
0.9010054924236077
0.772700443083431
0.8909536342646358
0.9985360171257219
0.9319572027824035
0.7711678268495592
0.8129532820799682
0.3934484719162533
0.7671703973278823
0.8343045703652482
0.8270089324601271
0.8492037810192568
0.8352719865213135
0.6626756673540113
0.5602092949307449
0.9915878983194857
0.7256238882174806
0.1638476409585647
0.1057314326128916
0.9179198012407659
0.9941144518002769
0.9576976564406496
0.7655835321713246
0.19932987206781766
0.9874112039702618
0.9184430676503661
0.8981893172694522
0.825448951732882
0.9357362202064001
0.1316213076734119
0.939566557156722
0.22431017053504249
0.7079627846783134
0.8407606265251409
0.9615180121970992
0.05647433103872465
0.9529260724096681
0.5163672106870967
0.8707083964527906
0.927093933870418
0.35293244264657897
0.807319996713782
0.4620044398432782
0.43868411552293274
0.8452823393783426
0.8137722497054494
0.6441389487008895
0.7947375819296947
0.7785320198347052
0.947106896697059
0.4911237483065357
0.13992637253736118
0.9358296168541178
0.023660699911275604
0.1528886310398259
0.14575594235230455
0.7936193359988575
0.92552488669027
0.9160468235615518
0.7741387265309135
0.9753015087969232
0.5977617488391532
0.9985557205281334
0.8247992121414766
0.9792196607512518
0.7816279016902241
0.900373846630981
0.06442461345919621
0.8029570063073629
0.5082992005523701
0.8767031056255248
0.43297081188321024
0.07842156456528958
0.9504485191887964
0.8617275646000584
0.9161086369016023
0.1397265912226718
0.9970040280660033
0.8840038335960798
0.9916008025131176
0.9686947510816084
0.8371262251266368
0.588617920608574
0.3193641095134523
0.7041478495980944
0.8047913414673811
0.9423740611148606
0.791959500102217
0.3392851037455069
0.12155564379697087
0.9031724946258668
0.5541688961575455
0.9610348728491936
0.895436899661729
0.13819715378513847
0.9886130107760811
0.17723291060734128
0.9945889607815674
0.8400624664715852
0.7726630770769447
0.9266352172131707
0.9324843439483805
0.7836953914663813
0.09295970450126446
0.8034029987168727
0.9105804217263938
0.8132169018653885
0.9674406404348215
0.9854241337751077
0.9676347305608235
0.7737328550289841
0.6451857071203004
0.9529721687008365
0.7551002969900615
0.26507412484056897
0.9088766360413957
0.8174237348897624
0.982029603481273
0.6245427231163252
0.9513213823929174
0.9043734170464504
0.8722671502979091
0.8981865514452834
0.902353457169777
0.8643799754721908
0.05805523372488737
0.5254508638388613
0.8720042431683238
0.9826568243303937
0.46897876074273176
0.8119892983465864
0.7954877961360689
0.8703751413131142
0.9828526514399778
0.9943698236662288
0.8290764484203481
0.8664511611298267
0.8535766939071299
0.9430511076002294
0.8294014308065171
0.7696066004806947
0.9910486848022642
0.7330206107564168
0.887685325038339
0.8971995551639429
0.4000649930004947
0.37052559857576894
0.08576111041742285
0.945324616788521
0.9576099547944579
0.9864392106978261
0.2163534473630532
0.9657292123792329
0.49484001397654276
0.83238008142296
0.9812286257767737
0.94083481690388
0.8669064706411613
0.2926146765652808
0.9336886545456758
0.8203846372400987
0.1018075222598073
0.7812328772697565
0.7804464700268232
0.042008102634161465
0.8213203901014878
0.8237497915641293
0.8595040644331872
0.051108225880326
0.8191299404487765
0.9874476865870961
0.8106242715229468
0.8411421444008154
0.4170215103938316
0.0894270745663879
0.7427140650006846
0.736450426623677
0.9098751323751825
0.985863444182013
0.9582654980746916
0.3814669309144545
0.5548383902134997
0.8884275453907817
0.8598811715998516
0.09365185926873291
0.8073403265569072
0.7055614910462453
0.45803529665284703
0.7800186874308204
0.7442665653934163
0.9239805245750451
0.11283282885408434
0.760841801692979
0.0376166974063141
0.1461178558939857
0.9068599573653178
0.6822184144125927
0.9551491504372774
0.9691105029251561
0.9098161813886267
0.8120935430744771
0.021869550294464767
0.14378944540162847
0.9457125590028213
0.6373162660935285
0.7389459756249406
0.993854241280581
0.2641802643955245
0.6149169535487509
0.929784033498487
0.8491797002603456
0.9355066070712139
0.8514135546322383
0.9960389986032494
0.7370484979724147
0.9191662721645888
0.12163930350119675
0.9838378231837199
0.8883161878526296
0.8217422455754131
0.8059234391192956
0.8062471923914416
0.9031073101577848
0.1214365058207086
0.7199505529286498
0.33505608291117733
0.7801790726740477
0.41982360104629746
0.8493914302674008
0.8648160947883006
0.8010451775659433
0.6918519473367448
0.8848472373506159
0.8615490746150756
0.3127381524354197
0.9444984434482658
0.9675576544922646
0.9875364386813394
0.8447846587884107
0.9770246959935649
0.9156317276786483
0.9132708107669822
0.8192348963688569
0.27314966472243674
0.27010933629256073
0.997789961572974
0.9529805615960822
0.9885048593679195
0.9652067767985559
0.5035258307334725
0.9611749682675865
0.8940630782519711
0.2759091514519998
0.6429241997019386
0.8667376335204868
0.18358268179032838
0.963090792733907
0.06643879463179148
0.11174212341212494
0.48882339963895854
0.28321333218692096
0.9499937301083687
0.5447773795153571
0.9781336682013455
0.09807385155507309
0.6174615561405292
0.2898952562522647
0.7780946438309169
0.14961240572691797
0.8470941218714962
0.3332299371542288
0.16654985977301567
0.8826060258471082
0.06082471576059141
0.823936255470463
0.8325563573994157
0.8261955775391505
0.9759965253963678
0.9905713204750888
0.5277618751534625
0.9981605729566058
0.8357240511100309
0.0704537150435995
0.5163491958936708
0.18869187899192308
0.097788412373179
0.9133009828487764
0.40063060029474057
0.9250591034231261
0.9614350427191193
0.984316071513891
0.9183399232584132
0.9597915647031534
0.8766573580749024
0.6797929521411542
0.30081293331027675
0.9829946712519035
0.6732543624223608
0.6847408523640827
0.65921649629719
0.6202282516434218
0.7744991830859613
0.8902992719976366
0.8972070624076731
0.9378736224467188
0.8835426671472555
0.38527008694074405
0.904926050123411
0.8794265411349527
0.21741772524611142
0.7304032550397648
0.08085419562574199
0.9721883915819014
0.8742175840521402
0.8643131242671577
0.8933163938034878
0.8168274633492337
0.779077084766642
0.8834762356372738
0.9291300755396315
0.9354333217782356
0.796069335250982
0.6243787373817897
0.9775613572769379
0.3572217524696911
0.9493074916370945
0.8948655384501062
0.5894172887508172
0.8100566313287036
0.9367993759391178
0.9339658100849355
0.8890896555098615
0.12434591194211231
0.9977130128448997
0.8534333177836768
0.6437278454126343
0.8298006697689555
0.2850855549056982
0.9737893133017386
0.9901978684420459
0.9108074502916219
0.9356477691990231
0.07612537790001345
0.1915126070121716
0.82871043056042
0.300818897806054
0.25677345316965866
0.9458909328702069
0.9646857960478016
0.9642652896901341
0.7523692675172481
0.9463097066033278
0.9954599159081639
0.7847530884637364
0.8562130737349505
0.9637880797175515
0.9838208775131789
0.9467622461935965
0.8170306595437512
0.693024052590268
0.9683008142728282
0.8020168676097311
0.13553275253903563
0.829397929177009
0.9688898419216463
0.8082588350866501
0.8076645923383903
0.9760060547238185
0.9073717044682554
0.12594981311538883
0.2278810724170221
0.439403113982511
0.9712937163430617
0.7708585685063605
0.7333239366171281
0.9139427566462188
0.8330444400679436
0.9886662923472262
0.9653938749406697
0.9844610773564952
0.9905914455140542
0.1209359721803352
0.9578171629447341
0.7306290107390288
0.8470741737355777
0.9146492205306198
0.6351457577002533
0.8933351105601762
0.9046714912768239
0.6031868006063237
0.9472550949913827
0.931222278563897
0.8998655721888958
0.9691873801670825
0.09641358015950365
0.7428151790360522
0.899278492849452
0.7190290205028027
0.6856290102471262
0.6648111097328873
0.6600375351447274
0.131801101260347
0.9987130468357542
0.8838069530078184
0.061456341059890125
0.4811130068773716
0.6129889876069798
0.9273672389720515
0.9451726578125899
0.894896459760586
0.11771281183445917
0.1067108326944024
0.42060413192439317
0.032994585997658074
0.1828504886927921
0.78859627589633
0.7187520058124043
0.7224940825199775
0.8987194187540821
0.9853762877227739
0.9520206714567625
0.9535859501154307
0.8855292854213358
0.06269844531500474
0.9002150726984244
0.5716671842935366
0.7562853475105275
0.9681086995022289
0.7523492466874545
0.44596061643233387
0.993818030646032
0.9256271276672322
0.9613852127813513
0.9825095098835825
0.7323943719424331
0.9854607885609024
0.17181183663463057
0.9578233775354565
0.71568143708852
0.8709037030895278
0.9726272363670925
0.18331448469988804
0.11847325592730144
0.9658851705017055
0.801797373684722
0.03434128395563305
0.05891525026449962
0.3196548420883709
0.3795913289158702
0.10008835854750836
0.1531242047707962
0.9604972237230835
0.8156192604283858
0.8948823752647304
0.915577526455916
0.3683819422768773
0.9714597863909724
0.03550661577791401
0.9409984723162742
0.7915621209707995
0.8562954477869729
0.09374952684889387
0.7094694233117499
0.956536835938103
0.8292918973329266
0.7824428829098545
0.5877275470396331
0.6657817193902972
0.922909680494369
0.13240554906324148
0.8789300278842566
0.9735367008540385
0.9780335973443689
0.7276488827458267
0.8553905089339129
0.8966573866854841
0.7603732334282565
0.34419822531486455
0.9791323841311197
0.9828286743605339
0.9971142488632004
0.8745200542511107
0.8801739521864902
0.8501085684471772
0.0957421777149697
0.9064512554886868
0.8124983220464623
0.965200578449976
0.3566392486537314
0.10596270390098553
0.9347528024590035
0.98229272651182
0.3154308238029166
0.0803699954748093
0.8442086227171586
0.14520857278016802
0.6825055285739448
0.9294613259943673
0.13169861718544495
0.9803735473900884
0.9762598649736478
0.5892596108408851
0.19011202834681915
0.4850390691749943
0.8021232880686248
0.8616121817054743
0.7018571043233793
0.9824396363782598
0.9870213752208487
0.9946121531216083
0.870298221676593
0.6121792181287556
0.462454726475539
0.9191842921675364
0.906003778570422
0.6307088423514378
0.9932358073240892
0.3898617684550918
0.5634059264947024
0.7194121854232993
0.5424226112405511
0.663740409862424
0.9144867955235672
0.8946601128579806
0.8763641068727562
0.9006370233160306
0.8802235264135101
0.907647666001044
0.9409198635474674
0.7883972627226297
0.9785379388866999
0.35173353084984027
0.9900425241472353
0.9281984379121244
0.12433100083810168
0.9686033535502856
0.7251313852651091
0.8086506670505005
0.9669780666502792
0.9654606994635717
0.8462154897485403
0.9847099956810406
0.07267849016272628
0.9396515175415009
0.2919378074556138
0.9007645905266626
0.9671236415622957
0.9485727330510498
0.8601012942071002
0.8456686160473309
0.8247707989701251
0.8968625436169562
0.7584470727468533
0.9635330925541928
0.15713086962134984
0.7874398579227722
0.908267877788526
0.9203401944546403
0.12084346557027466
0.9698182126517638
0.956000017033105
0.7804790271202531
0.11318708100449229
0.9032080815266181
0.673305994449096
0.9501955527575414
0.9948271086214826
0.3180605742772854
0.12766789498529882
0.8551286940288546
0.9127955146937046
0.8400318405478502
0.14447105130116433
0.8731002679627111
0.7165609796453838
0.9996359305673435
0.9593732655996458
0.901886761417338
0.9285361293673349
0.8467427852824896
0.8659702144816821
0.9753017561698223
0.8678381958791982
0.7493084233486653
0.782844946792447
0.9208690062741637
0.6163434270424897
0.6538673090909523
0.8493765223492088
0.9692712245718891
0.7701834052884513
0.8359749843095223
0.5936990924021335
0.9304537450288646
0.9444350841759233
0.8298758029628679
0.4401602149758922
0.1624140139505436
0.9708457380510338
0.9272980636463815
0.18545464173834264
0.9781463136407089
0.11260685544159199
0.07733004780885497
0.8773673129670989
0.9229820764824083
0.8729480364144131
0.6973765778348024
0.9805226153776729
0.9146021728619768
0.6228242764040528
0.825872703642008
0.9549399168181774
0.8948272993533142
0.9511046246283916
0.7265612427214732
0.2203697287887031
0.803454785860406
0.8342202950342807
0.7572077585032415
0.8607651280540629
0.7845032388969811
0.13080432214827337
0.7448090989971476
0.13270908466251233
0.9702764683101002
0.7514305100880386
0.9122731419671661
0.6414000560609605
0.6743531913227379
0.8508132618884943
0.3515624418855133
0.6818343766198424
0.9668034035851024
0.9986826675491784
0.9468003842996857
0.8469344970204247
0.8703171003554402
0.4904733460155892
0.14297637241503844
0.874476207163553
0.10770827782154627
0.9409433389541302
0.515711147360421
0.9138917289417294
0.950286735836635
0.042701967876616134
0.35586296630659986
0.9337247222932175
0.08721197121108415
0.13554081296122786
0.14456533979981595
0.9830477897062571
0.9942030687895065
0.13060747858370614
0.8840044772872069
0.08810282808903466
0.8570205376002209
0.98597796004506
0.8678001156991235
0.9196566256221381
0.18882881705084492
0.8414641460940575
0.10968273459616071
0.9750880294080564
0.11723489424501453
0.9145539277282955
0.8346220891979395
0.9919181369926802
0.9949812309553968
0.9674531088491612
0.8358748735960886
0.9118370849210288
0.9503483280943885
0.1855621016864413
0.9786142142341097
0.23112753203728223
0.039851083969840814
0.8140032207008663
0.910563917105879
0.8863812260959302
0.8019587096738279
0.8569357180040761
0.8030909877390553
0.6708052137802537
0.842342659003579
0.8814871189914923
0.9610286778822925
0.06285174811950749
0.9784412774365829
0.9566915968816565
0.09710495750163503
0.4452214773896471
0.7254802283970753
0.8771852555486793
0.22587308614212626
0.9235189542991241
0.21760770894202006
0.5415077170792868
0.5841426036079373
0.06477687589356868
0.8772045764242371
0.6770889367521339
0.8103780757973649
0.6929880381316632
0.99302964194988
0.813179920860535
0.09685128438238161
0.8346169010572315
0.995416112695122
0.641182657125055
0.460816112423634
0.8089998305605577
0.9712988937985021
0.9904184259397155
0.6860826355523844
0.5228550816345364
0.893209183775572
0.9868272317043434
0.12462640199019985
0.887211461524112
0.9682642880166271
0.805517522879859
0.8559040007998631
0.8899748307675638
0.882157573917673
0.6343801030558396
0.8487165528551331
0.3767410116759803
0.9812420593744089
0.854289989001514
0.7908212304001443
0.937018940228676
0.79521487771763
0.885761792976079
0.08928410537217034
0.9823993641519009
0.8687968740691792
0.5431436975147813
0.06107203166940291
0.8535082473985169
0.8235471086059502
0.9478490434680292
0.092094331378029
0.8664827181867198
0.6604793938568969
0.9024704292324324
0.9877653956618004
0.6642231458052379
0.7962570041633432
0.08878108809290527
0.8380989817257104
0.9058168546179085
0.8177076643184514
0.11852850542521194
0.331739278405522
0.6593143721917294
0.782905419403928
0.979141788407284
0.6217157151272643
0.5691018639600869
0.242277782841576
0.05212169971117901
0.9307055670190223
0.11784543602987187
0.8547497102207346
0.8775658987792437
0.5993174171189213
0.8963161588655935
0.9596862446982577
0.9480438728560008
0.0948219134036429
0.8571152350128503
0.5886626885022641
0.8124171830346101
0.758457270697487
0.9375505133818895
0.6739031235846609
0.8282748135705387
0.7596719172193565
0.204582278730635
0.9215414284345746
0.7455342028681794
0.9335543502981225
0.916812909936921
0.11732015360688061
0.9942799723998695
0.8797315541940947
0.35033600892029015
0.11351427261096264
0.9092086449744942
0.8296954788460791
0.8559242812821457
0.8352916080384987
0.5531781370961447
0.10283116025361377
0.28004596011004146
0.9171174760968863
0.039325641082582366
0.9761317345402025
0.07710452070298376
0.7186036628348728
0.9801483575476637
0.6645242433778571
0.9748885930794338
0.22638460361134377
0.8680197566945251
0.13650160747250123
0.7872210350231499
0.7378983120006151
0.877683416049388
0.6520670606002855
0.759555395550569
0.9711681823118136
0.7765780089522158
0.8892515240036847
0.9545870041403974
0.9093096403893933
0.7684137467785415
0.1956131426456657
0.16536014547876776
0.9873189858383227
0.7866305546694883
0.21000320461446234
0.1788107331903268
0.7273913167748539
0.9264862909614642
0.9776767184909935
0.9509221191477152
0.8844083522558086
0.9197144334249938
0.42341071951507214
0.9085043135197878
0.07994818831586309
0.03428741029057174
0.292948447882985
0.4908897550716816
0.833529675267992
0.7353201651272692
0.7716199588284967
0.8018968168226602
0.08457471732568933
0.8442000039592853
0.2957727166288019
0.11049018197697262
0.9308863725092786
0.8771617397107209
0.34203219205669116
0.9471959945725532
0.8848650900594277
0.7792281975695499
0.7804700896727662
0.9895670439648601
0.9930429771814001
0.9730129869755761
0.8796278911911077
0.9895286422482354
0.9538831700511221
0.8592110666416859
0.08005303369577924
0.9063235277364401
