0.5468653552140104
0.6354413487986318
0.8912109986151251
0.7383869045566867
0.25316308021175965
0.7096853757613816
0.8415918226973993
0.060128192756587054
0.7440584477636635
0.16235905011493182
0.1886984244753674
0.9239023260064645
0.8620375401405909
0.6823184862519518
0.8897152698973251
0.06073572246503129
0.4483117106856347
0.11369114189671843
0.14370445096492507
0.14877568824772702
0.05479403656767892
0.1084519954702263
0.9329484925400562
0.029565862778494767
0.45374614006000086
0.9812785413378208
0.9100521406265548
0.1371688740543316
0.12314169352702481
0.9838438964741634
0.8219606051562325
0.2952908826206
0.9681690021343783
0.934987095223285
0.9690345526559164
0.9699305845590207
0.04134755065322946
0.8695832321213779
0.9222750949441271
0.8224367402514703
0.9274184913037857
0.8182481353802417
0.9109409704831293
0.19445227285261818
0.7686606161007549
0.6078700433212512
0.7897647791560924
0.8722009033027983
0.9570405070341207
0.05232673148553979
0.15500356821561573
0.1564331581509466
0.8522309242745676
0.7092670124135605
0.8444141769994398
0.6725275451831411
0.18761932993944525
0.7386391838260107
0.895392979104527
0.7983277848555461
0.9576530477684104
0.9444112388484223
0.7447850715825348
0.8941099802048905
0.717417227374656
0.1297997601431086
0.1481295626499009
0.9584192868586309
0.8341653634963685
0.9513053938721054
0.12994936763977943
0.9274359047560354
0.046419598591086714
0.7368619378856222
0.6298916904692888
0.19993182267464982
0.9733179066322112
0.8480698693481299
0.658770483838298
0.5209047991821198
0.9275398964108656
0.8870382708777044
0.5585505884435059
0.13525727434142737
0.4483257739509531
0.14950571881120178
0.7387799889714036
0.9246729413387622
0.9053451624687519
0.8157337971005887
0.673420325180655
0.6145681592705893
0.8689295816585402
0.8689181792517492
0.8044583633692223
0.9702803098127306
0.20136631359597174
0.90140048945234
0.9410774440983438
0.7299881242434685
0.9782014368366212
0.8816005855293866
0.7602502954966425
0.9779912454861188
0.07098787257773365
0.2709965238294959
0.9736213939155712
0.6372885579468531
0.9642885814255449
0.7726093603738444
0.975962211193167
0.8534584427827085
0.013021208644271264
0.7858666978252185
0.5737912214015319
0.9260710329803792
0.9636322681782465
0.8636934643400567
0.054551333585455865
0.47241264820204565
0.9922503599931078
0.07073585042783674
0.9445003249582798
0.1447646411799048
0.30282664184828756
0.37536010328797237
0.07076722040546536
0.8482323669101401
0.7614636334657785
0.254639858225134
0.5980409494750116
0.6453219823519019
0.8798786381480781
0.44581043210036536
0.2097089640654834
0.9473268538685509
0.7496195722375069
0.9749377862696206
0.7496288184058217
0.9603678584567577
0.1930280200157617
0.9440032919946435
0.18108654992399661
0.5758281416112717
0.8913883027792169
0.06356519499001484
0.15871299961818205
0.868406856824251
0.09571426146419043
0.8337432971890226
0.8273125474808976
0.4941031848122074
0.8973290185658557
0.0994595087624316
0.7452116283414972
0.9913724332701428
0.9037626425850295
0.9598978715877851
0.977641175483178
0.04542546847391919
0.9209073415157554
0.8367199175074039
0.983816288682075
0.7546597013152903
0.8378436554810114
0.5084392232615762
0.9590668500454149
0.12493070833488996
0.2916652984767105
0.6870826488836868
0.8028916108272799
0.901473470045364
0.6416388557296795
0.5222228450460108
0.8488536618700335
0.8702785216787123
0.7332597015924183
0.20153185167881918
0.986017692951906
0.7252389069624792
0.7671199996288708
0.7079406855912209
0.9055303858712858
0.9993747470594185
0.6807288290222988
0.7868052425201604
0.8528415260313783
0.816116695187645
0.7553888446162864
0.9045561239472765
0.814050710132484
0.9959054451774066
0.21927099129033067
0.8703675175469062
0.19816452114724936
0.9898990511476078
0.045748534039477866
0.8304434725208629
0.09162062964419816
0.07062887172458573
0.947028371433875
0.930349422593636
0.9482234318106859
0.8838644639022861
0.9817792029725898
0.980801729864555
0.9663528364093221
0.7336367472314769
0.4442541830979151
0.9043838028633265
0.9988456007661739
0.9775725167914657
0.7943813015134937
0.08180402864367047
0.7981112697185366
0.8817377059699971
0.07471840550773313
0.8080503044770915
0.8298122926412923
0.7518594294094907
0.9904105366100362
0.8002775403092596
0.07989941481605697
0.9109003408927483
0.9431610819053944
0.9012447690915036
0.8457340337498316
0.8736463335035202
0.0761424202623007
0.6626447731014956
0.2126842494146166
0.851932325474891
0.8910728772727942
0.8789906848845073
0.3301794422148656
0.6954924577663897
0.7770578812062461
0.5129070674453509
0.09655185720320061
0.8395910996056923
0.8116168134399027
0.9454713380967903
0.8004040063411249
0.9892435122269394
0.24412795710857982
0.7858998548128322
0.1464463420909457
0.7968437573472551
0.5428515561434171
0.38689387161393707
0.7991401863807488
0.9333220533677307
0.7979749259449038
0.07781328756266563
0.9015591773549649
0.8851153139339194
0.9028047684767102
0.8602352950295469
0.3230531914925704
0.599962686330567
0.16986118407766204
0.6544554431154426
0.2963225581460298
0.8413864761423391
0.9392402239964461
0.306639308149372
0.9784647317061532
0.905417023807007
0.06299537651477331
0.8532605708917889
0.20419295803067722
0.6217097648433559
0.9829169306816177
0.06086280017204201
0.9546604710559077
0.8120932977373753
0.09443443868343411
0.9878346421828159
0.8583022133704687
0.8202785890349884
0.815399601187266
0.0854885754064831
0.8203251862899099
0.8343320292170947
0.9730216536782912
0.15441408590510208
0.8298384031875669
0.9500093264334626
0.1788359131428025
0.9880722539581999
0.9862171673396984
0.8415370076622353
0.2009705254819391
0.9167160415566828
0.9279644993703846
0.57818429408654
0.88928224420542
0.1634841880770011
0.8117861484359745
0.9339156339404551
0.92351102937525
0.963605188763804
0.8251532753403608
0.8685633857379067
0.3450273758446285
0.8572784855266882
0.13695710416923534
0.8489066337395297
0.9404364993870736
0.050860066665984124
0.7463613231892132
0.23936838520041998
0.06480437578303726
0.06790809753799389
0.8519980909880523
0.9299551057890729
0.9750188044459196
0.989668454729662
0.9470617073307195
0.0941884818850095
0.0795499579394432
0.06129352285355542
0.9040951126158902
0.8980759330785437
0.7916419860502402
0.7281266686758887
0.1455783814908079
0.9092259018954204
0.7612826159444168
0.6908511684236991
0.9570422947147831
0.7922138130187143
0.9571116620643513
0.9524414068422368
0.8231340041152406
0.14256849376853073
0.8433029384611681
0.9031966117692483
0.9279022043584126
0.9238988526169358
0.08236477369338913
0.1200124940342863
0.948832459974715
0.29805180190277825
0.9709305910563886
0.8762115621331366
0.7884384912978843
0.19178704264230648
0.9980398207987806
0.26314096606239173
0.9172446573681037
0.5031297798622101
0.8060092353979709
0.17646617392328212
0.9893350777365384
0.8405570025620592
0.7220294931507499
0.7397323767818142
0.6195999340377844
0.7928837229998302
0.7676917576831684
0.8810417651984843
0.8661396976401936
0.7792346399342188
0.7758490691807687
0.6013714559576588
0.8209520406588433
0.996235156450817
0.751038603190193
0.913856581838809
0.9761362902548175
0.07785429032773887
0.5570976283973499
0.747338778806425
0.8937132052629086
0.6989064358390122
0.66963744644652
0.686963863398863
0.31926525678206474
0.5379889076368813
0.7074434828577727
0.9766618717658027
0.7228385085158934
0.13010804616308874
0.9300203411666867
0.28062359668344383
0.824813795128259
0.12051501539596303
0.7144248572829179
0.7294727932204883
0.9871437846976491
0.9385358922226298
0.7701691366954098
0.1214756573679024
0.8539038355045603
0.7159944401952176
0.630360784928081
0.11660021255900493
0.9448066919702821
0.7169041643535324
0.7403914942486711
0.8793983633129245
0.9090156848803452
0.08503799639376369
0.8711610852019944
0.09867964866430103
0.9834156915286185
0.7925901452290309
0.9249980775280584
0.7466571025584698
0.2990686497218801
0.9535337967287181
0.9212703376933482
0.13872481033818096
0.9698749574776511
0.06677622701731921
0.7585062530477868
0.9622156168456873
0.9962656097007143
0.784481813083477
0.12061983928866077
0.7934464096018712
0.9437530157101708
0.40893828771623036
0.9464246988177503
0.8791447314556616
0.36390973584793285
0.7739822386132702
0.8359534667372972
0.8626767807761668
0.1509486637954119
0.9861634236394563
0.834942126650948
0.7234724109157933
0.942219430252055
0.11407997417422672
0.1097184000621504
0.46640913425757236
0.23068318841269786
0.9344785707085128
0.946375176979845
0.9556575737162943
0.15692019170440458
0.9975405222898972
0.7326936562262412
0.8463904967228566
0.9106716682277336
0.9202537709338747
0.785076080782972
0.9981430382190863
0.9701231114192026
0.8649204435141166
0.8915777181681799
0.7974961230858615
0.8744060874278632
0.8432937944343994
0.7509225037144571
0.06301802849962854
0.867289705422994
0.09390344614819743
0.7654851452439668
0.8816652246050724
0.9412199774616377
0.1327085128566704
0.9555334716055239
0.09386772870701036
0.752456261361644
0.998371894172186
0.7289215522734586
0.9964020967506859
0.9474177366305283
0.9830706208618663
0.1351722271316782
0.8907075706855672
0.10156313683409576
0.9268571939986977
0.7870984116189672
0.5990914451930351
0.9584753453329984
0.8333105617178355
0.12857657157094687
0.9739863965749316
0.9207399131789531
0.9395821732170324
0.9568677006409692
0.34720113920649387
0.41064639388375007
0.8527659454157865
0.7569325754626233
0.8738667322233502
0.8058789593038407
0.9556901426630949
0.9536304142722214
0.22989406995907863
0.8601208106790202
0.9446698302873573
0.9369299559093965
0.9756696784616831
0.9976805762609727
0.9844015566546653
0.9374397041510337
0.7945285935553357
0.4934349647070024
0.0928273373347328
0.08675052331770061
0.6369578048513955
0.9897284201384158
0.7426665993342964
0.07478021808911772
0.8505060515541732
0.28626188564747135
0.917659078832328
0.07429415120439947
0.7142083515541934
0.43361660207852143
0.740472404830653
0.8800784639915922
0.9113167771714784
0.8993142025440769
0.9463140045202929
0.9881408141006071
0.7642580222247424
0.962741823342809
0.8780740332480642
0.7906340938783802
0.350636078274295
0.7554382578912866
0.34272865420996945
0.7488955531910847
0.06430169061229078
0.9496309051956453
0.7809413661970458
0.07471494360910098
0.9436373139797833
0.8899788994867677
0.7700878910382504
0.8924701521608811
0.981261184177028
0.881745491748237
0.8742026309202531
0.8676280626441619
0.9095969981246428
0.8398677944782286
0.9907203109281316
0.9635802970760627
0.9966212317887218
0.026874681646711248
0.942028744088115
0.8792569464754536
0.1724370629566712
0.08952555036576701
0.13199947103187734
0.9371205884952798
0.9549172358539013
0.7373398220321788
0.1745716722129882
0.9483605290895714
0.1046628480574967
0.1424722056032408
0.101794651007932
0.8607131112735045
0.8722745219001283
0.7231535514016589
0.9247790826783406
0.991897015640747
0.6975285546492249
0.9993994836492717
0.9823720444815617
0.7588941107860638
0.8065778651121961
0.7249633608627605
0.7735660252709547
0.9246018322783394
0.5928264314370453
0.8566343255336824
0.7746540313513085
0.10925665529806813
0.8876346743442187
0.924490801734654
0.8677861815727049
0.8835592130697454
0.8002635654734825
0.08160277758866408
0.24651565662728847
0.7034593198781314
0.0429098319695556
0.7712240017535446
0.8171973008031261
0.8820800652902479
0.718532410770433
0.9005382395177852
0.049985663856098386
0.7196282986181444
0.7259159456835129
0.8996706356390067
0.09677831317797125
0.9798715584368861
0.5993648400740694
0.6443630602821706
0.046257361788371074
0.8259976055025178
0.9170681206589213
0.5541443750421975
0.09802426698520861
0.9003346621377212
0.12152757345730891
0.7452802228519728
0.8440522703193007
0.7749750359041259
0.8544882623412453
0.9338297153240667
0.7996137138655797
0.8941250651426936
0.6115072485694208
0.7844607843837363
0.8007700702132703
0.9936325394301854
0.7548988956725211
0.9550673679199627
0.921991894586806
0.9852134451082109
0.3912667813852406
0.8200620417609044
0.5470956546637977
0.9431986718599821
0.9396140153845245
0.9394780513491549
0.9349934326333118
0.7402442313687285
0.9970658607778305
0.07820430183697655
0.9865674059855472
0.9493823310337557
0.7375005608469907
0.7982061207730913
0.9631576015534571
0.8913428929922179
0.9042082586411153
0.9057472188343573
0.055650484460078156
0.09699091783192021
0.9892699111117094
0.5856224435663699
0.749457347090321
0.8312297388745198
0.9584893850839893
0.8911651099458014
0.8215917477056343
0.9274305149520115
0.6696472926965491
0.9615599326727249
0.9429505642175432
0.9103821711337601
0.741795298121473
0.07282933163835481
0.7279388201367335
0.8451107383200827
0.9264645855786602
0.15517994391108036
0.2507269052567407
0.644530258176869
0.8638231009942896
0.9117077292401297
0.7069594126737819
0.978282340621255
0.16904999220976827
0.979193587772412
0.317784654178383
0.5868494202936226
0.9406963274471523
0.09948981426819435
0.7206897102186622
0.9344660838279403
0.8699016133530225
0.8462222326703781
0.932650748869831
0.8083716693729774
0.1449044305229218
0.9520485929151408
0.9789487783888781
0.5718547373571667
0.9216482299051733
0.8673238170665901
0.9693912095263739
0.946894318202296
0.7183798533218024
0.9792872497988268
0.8830761306987877
0.768497426005649
0.9539808222686019
0.6899738896316716
0.9844291983338754
0.6202522439425393
0.8908997461584907
0.8215525077295012
0.03963792387229067
0.9174123643539394
0.4156071130964988
0.6947721651116455
0.9579973889364211
0.9612707129502344
0.9121143860779257
0.82592488026724
0.7522144675608606
0.09699298814184494
0.9362134511670209
0.9268272684046273
0.9733902759919462
0.9405338928205087
0.9431446013332612
0.9830811841852665
0.5632126058008782
0.7236490738242339
0.5540594922103479
0.8990271283030321
0.9282495565712658
0.1652777547737326
0.963593539036899
0.9967508867266792
0.7924491532528839
0.9423144195523017
0.9927920749725976
0.9253680892146665
0.9622703775915669
0.9472245425610482
0.9147044961986055
0.8268347175524347
0.8653374650103005
0.15857463569340985
0.8759687900806499
0.9497491612672001
0.9873366508745418
0.8881192881805513
0.1964703553567865
0.8320848779989146
0.8524398821161219
0.9593523468888547
0.8339590191783
0.7790976951789548
0.7111617780640125
0.9921968211808766
0.6767462781087862
0.8019305270729735
0.8908587116398372
0.9380153497756347
0.9050299986950394
0.9252443613872616
0.8972120949022397
0.9931071767235873
0.9989990579858792
0.07212739814893665
0.9703722949785121
0.08647904479637294
0.7400603132196895
0.9897871412056987
0.8141962762100852
0.8415817613079153
0.9134279444600997
0.8318622901869169
0.20689466895939335
0.9344417459642324
0.7363398820429643
0.9758058635709743
0.07390958026332557
0.6679456236645336
0.8919684359721556
0.974605688510328
0.8309263620182226
0.10021612356759917
0.9922155715830498
0.7493838428473396
0.7761069495925367
0.8984615086762991
0.962135649372293
0.8197860178228822
0.12393414421948454
0.8002902064352775
0.9367689615009114
0.3596286222350522
0.9130574239650462
0.37166076459444086
0.8688946400917259
0.657305013909063
0.041245569793008925
0.9618396987123228
0.8588733667230599
0.9997632885567096
0.16054510194800398
0.9687376844989455
0.7069995061083174
0.7978901156042947
0.9088530462191706
0.8000617136865125
0.09444430661040856
0.8982001604525686
0.1439116987339569
0.8054357890502777
0.1529156443171534
0.9876722303042285
0.7658063963207401
0.24376273844623542
0.5505433207783231
0.9794988159783484
0.20714660108969418
0.7802512715406202
0.9108683364866945
0.09388618269168894
0.877101758577187
0.21790727296417292
0.8775719300398179
0.9235673883898019
0.9648014466324657
0.9991186804111687
0.9788654630168265
0.23879082203499222
0.9000332206229427
0.8994751559090599
0.6786585249693169
0.7860888373722468
0.7413047836082611
0.7646050253870302
0.5475245834469797
0.10355837226409963
0.9959915301732136
0.4206520273863957
0.8507758800205141
0.5888392146859354
0.0963112526158163
0.9683261203449183
0.7440545103274467
0.7200908500312
0.8078750722002059
0.16835454502073371
0.05631295177882202
0.7930251618772178
0.7101662984041708
0.6286606313959289
0.9042306040641386
0.09892327820785438
0.9886489238388749
0.6149591042046371
0.2739043658388221
0.31030251107321033
0.8341072060646675
0.9448674873898218
0.9758416752856444
0.9279439309866583
0.1120831348572181
0.9762411838284432
0.26462167897133365
0.6942281103818164
0.7915319303656765
0.8332361513950395
0.8392564526207488
0.869848213761309
0.8721754265684947
0.997366826758217
0.8987695604750054
0.12368884258331753
0.9243304738230838
0.949400256168008
0.12146104307620846
0.920980095126088
0.874470030617068
0.7758617761208723
0.9598369322486433
0.7670189878800252
0.9586587367268035
0.9269180366550975
0.7789558677153985
0.9472411684130579
0.9899496535782659
0.9414470249563336
0.06619668291935116
0.741028545053581
0.7234641780621343
0.9757891754044248
0.952515755953254
0.8389821396064295
0.8398188314052637
0.5454332285486685
0.8371754272236682
0.9468197889545217
0.7072014785729077
0.7547179776244715
0.791870853248276
0.8617041773839424
0.5335170497127504
0.8311066990409813
0.8148707122266263
0.7426492786141117
0.9691049547077522
0.9351310746116905
0.9468872832277639
0.930563657402873
0.551721097997954
0.8929064594024756
0.9542424538366152
0.9786661642286344
0.7510861489262857
0.8203678941844368
0.14398621607719508
0.938021718426168
0.8360654042015984
0.9343280046938098
0.8372203959366228
0.6813027774538006
0.9681614959252571
0.9918372571117777
0.125382543473233
0.7891182447757665
0.9916516458825483
0.7596846077503239
0.7021371611378636
0.9722109028384066
0.9516783684595806
0.9824517994389463
0.834198436381836
0.10860675123286315
0.7679172162092239
0.04636477396950199
0.9497664096605637
0.31403497714982465
0.9657941925468922
0.9863130216830012
0.8487967275393082
0.959269416633961
0.9273173092330029
0.8833950766131655
0.0959778847713991
0.9526445775828793
0.3221766525619806
0.6902484154493325
0.0771647458291719
0.924361678665404
0.979730494836321
0.8705774609850787
0.8600063536489629
0.6412379998073651
0.8331234028122899
0.7627910786582879
0.8707933190228662
0.8115898212108267
0.8223256268710899
0.053984051140961664
0.9056898278592053
0.7454013194747737
0.989092125481456
0.2571639943040812
0.05617401983952873
0.8902756369044635
0.9240688891721767
0.9974812782115645
0.8474136180710413
0.18139709332373344
0.9085974014819316
0.9171146310495444
0.9371577427065771
0.9860804492580088
0.8756325423906841
0.5564695958580751
0.8546253872579878
0.7381322513661148
0.8484664254193499
0.04458722730713058
0.6897435834746432
0.6138551181223095
0.9605553171680339
0.057846142037040985
0.7512225537379382
0.8787454463941728
0.9306382729954527
0.8612987975761475
0.746166591919861
0.953752868477574
0.9635611486396711
0.7788901125313372
0.31337706604830673
0.3076462488584384
0.04956170507987395
0.9794473600940673
0.9888648335120203
0.722658619150639
0.855165575896827
0.8956454090206702
0.9850291535650362
0.6857473749110682
0.30994339224088
0.8072105501887106
0.06907205392083682
0.8440735798375509
0.6810806110339145
0.13641308349632847
0.9940448295835295
0.7886782395928302
0.7339713089318127
0.09525955232609215
0.09138422145740824
0.8752282993792373
0.9527726882181082
