0.956948441113163
0.9633336536173047
0.6189119406921223
0.7960640401844661
0.6019868513875426
0.7834240147281766
0.5864966827794797
0.9826947377009403
0.4677008244540602
0.6454170706573371
0.2180049344751661
0.6876015174927862
0.6784088352112627
0.7196636507574445
0.5955606961393926
0.5599316289212841
0.8772273372807167
0.25108778331206805
0.40439631477363797
0.7733114871156663
0.8553019351154063
0.008401487901369896
0.005563184442469334
0.9310912481303171
0.7655378632193679
0.7770730869111213
0.2838674767046119
0.8263943196835811
0.7350792807359603
0.08822747844398107
0.7065456417139385
0.017111047959006625
0.020599142983438807
0.023560180118472586
0.614776226780142
0.5128826505913113
0.23784249840264493
0.29805683496768376
0.8639972403643621
0.5409279456990957
0.47296698176912577
0.04519331666041331
0.9013246193563137
0.012153669668253715
0.2912287095986629
0.9884709848034126
0.9797421190839887
0.9074204710608521
0.8847286123724957
0.6611174870127796
0.9685905055613617
0.07933826029276929
0.12035830814895138
0.7448358858380663
0.8640165955272299
0.040096348636921006
0.34020943674537846
0.47785988132470664
0.9485504461644947
0.9177938962856654
0.19254942668849256
0.7832728958587847
0.6961437724666761
0.8215687435121595
0.2850758041480579
0.9344870495992385
0.5922462061028102
0.040956892853446294
0.904322180719781
0.10744419047099887
0.13963224635481958
0.6040768726035707
0.6878980868720019
0.6685216355435507
0.8998180001519105
0.8130340919773729
0.37396172912902403
0.5642261815906031
0.7313653399188633
0.9372935058529803
0.8478290050800221
0.8320193521450798
0.03950434484687645
0.5752441114223856
0.7277748875100816
0.18390667212066789
0.5859656245684557
0.14521472605122596
0.8493568068732393
0.043215398811688774
0.7498291119318738
0.49984218297762595
0.5041704889638999
0.2233904832528577
0.7418290809969039
0.612460753803865
0.8496655095605381
0.2327018704207469
0.022614859307027054
0.25984760382358846
0.9766486574546822
0.805277186068016
0.9787159980032427
0.7808401352461893
0.5951384726328637
0.04785166335758051
0.9003317795285218
0.08582438269470938
0.00991669518202598
0.6329086025855851
0.9431609570543162
0.013827239286192068
0.9351853683469903
0.6993103429480716
0.20090988336722276
0.9721530379331718
0.764283209049665
0.47828342552565184
0.6280467523051384
0.12788218928491335
0.41104635133150574
0.7900227540056204
0.08615742202330272
0.6856502203078725
0.28054334907608414
0.9511734691349361
0.9296981968574325
0.2601913669905587
0.6758638206395416
0.7169265287546283
0.5434957087994657
0.962548569427061
0.4424342528073663
0.6660647138889354
0.47022871415485823
0.5313599906456918
0.3945412971236487
0.8447439749423465
0.044217804412596054
0.8900083554550268
0.42498212942045777
0.14453953172436856
0.23514846453580793
0.5326813835315571
0.05285696555739654
0.8476946408704207
0.14529940798526125
0.4222334049745555
0.49119720953951146
0.8580453009032902
0.9520174897509721
0.8554871875933343
0.8397896550935408
0.29361909516360857
0.5451662927728957
0.6974142505513334
0.6878069272799332
0.8057318848497907
0.015296049856658459
0.3997273746793953
0.7267243867292432
0.7437055917311597
0.5847113489211471
0.5715621861067898
0.03434965087320531
0.8190716921916317
0.6510391472803505
0.24092342765809713
0.7103427362376569
0.48921149907390954
0.5053577981467149
0.8430294835060697
0.9149918729043882
0.9491561338301162
0.09137616024333654
0.16892960934918222
0.671869360159373
0.7179606230209579
0.6041912684945749
0.3846432795045369
0.012182287170830133
0.9343035081079236
0.7983457190863736
0.16277995666651757
0.8824044210749715
0.1040343837761164
0.5722188315219672
0.84336153114202
0.814131192311394
0.4208777890000635
0.5428154902979389
0.995436815771446
0.5376342601362172
0.05513135068208437
0.5828108728608632
0.9655422840213371
0.6842766764403475
0.790666480319339
0.02096963849776505
0.7883638047270854
0.10937334199107296
0.09027868630631074
0.8758852191756692
0.8491778100311418
0.5614928101853226
0.8679105611748169
0.01874981679115085
0.9855916984876787
0.6746633798453605
0.38939592246371457
0.8791468574682264
0.9469139022713062
0.13125751724700557
0.011681989069790547
0.5746518485145937
0.6442578113533637
0.592625170430188
0.5965903951789231
0.11107690639326531
0.7393195690749387
0.2866835340230788
0.9014490484231502
0.9050264319646697
0.1654559157738941
0.6762605258597347
0.27088612299066667
0.7456859872731059
0.711586898109676
0.4941999509138124
0.5331880464824889
0.9002498380741751
0.8083287914879042
0.5238418696007199
0.8685200625134151
0.8934289037341983
0.583832936077856
0.7385242721780214
0.20598511219411653
0.014253956353581275
0.8649751917309858
0.9718741398131124
0.2578260920022243
0.7308696890794598
0.8814820649557168
0.586748449615179
0.6194020041561504
0.6476474802392296
0.8874787433894503
0.4366777613710755
0.6767429186145917
0.18658162832843378
0.16435557421871916
0.589106536776145
0.05944175665775356
0.31702662196595194
0.5297585502437976
0.29846672125113105
0.9840584480244157
0.9109450135018375
0.11441181061982401
0.8715240866601988
0.9890316236986918
0.08343050243266967
0.4467411561511845
0.6660043638401857
0.7873375007819763
0.6552439640625587
0.8322445695427403
0.9612495251946196
0.7203988651971445
0.18864451582177752
0.7577955446919309
0.581902719340242
0.597471595904278
0.09025473952377407
0.02929909654427465
0.4131387151071298
0.20678723416525788
0.8820618598038505
0.7525169206602228
0.8077159660639157
0.8543764507121666
0.7106495892964821
0.16092922987002223
0.6997821459218381
0.5628390481461956
0.8265307262418828
0.03331610304937363
0.9837053722967027
0.10304358649966339
0.5863604078626997
0.6726987378990544
0.16505923108442858
0.32828847001912564
0.4983656644135869
0.21739147453146734
0.9223955990766564
0.8806502127165581
0.3076204756434125
0.018512792168924378
0.9599589122824287
0.683809013572642
0.7810574845138742
0.7232767770570463
0.8624733366125477
0.581887791158749
0.06269313622870434
0.4050712090572182
0.06344873094642055
0.9862003889016087
0.5775600000535457
0.6877395687416183
0.9940581053802386
0.7617500959499555
0.8312626242970467
0.05138325069752948
0.6221345714986963
0.9823408182187925
0.03816808809030278
0.019284025196197208
0.9496554711071566
0.4241096318023583
0.6912909289933992
0.08332811706496712
0.10511491212956207
0.030645617558012716
0.5744618213846763
0.011938874647315321
0.8393084536809527
0.8175182710132602
0.9134350658405472
0.23302659387723917
0.34271031335350133
0.13293013514752872
0.9118430239510951
0.048841039239822845
0.6707457512670782
0.31779730254246275
0.10045553498420517
0.6865033753666887
0.9441529140302956
0.09636672082172217
0.6832859997653238
0.7204764059073185
0.10044964545302193
0.10836214585683557
0.5106868672141569
0.035280011990271115
0.6262466721941402
0.5164008608579366
0.8360657669439939
0.7535454846049685
0.18640530149450024
0.8237733705273834
0.9742338041646983
0.9269769601534428
0.40547926854517347
0.42820105485432536
0.9530073110541246
0.7901783049667084
0.047606025203895466
0.6764743884596067
0.07673023730717929
0.0039021464740566295
0.42868498601458
0.8094720626472625
0.7053727940603788
0.8492621861390548
0.8658719301278435
0.24665098487299994
0.21257952746079029
0.3400180719548127
0.4040321506208878
0.7643609352674736
0.059917680336667015
0.9738488988870849
0.17707623596804542
0.5582673574343295
0.0453119372345274
0.042405252551122666
0.07271482801852745
0.4689408134241644
0.3763035495529654
0.25457202173979665
0.9808484890205929
0.7201136106070134
0.7813324428355126
0.48359800400282094
0.7847893691569029
0.9269429062227039
0.9443274257617507
0.4057567273274911
0.13208488262180484
0.9329703483128926
0.7991695852993871
0.7853619419994693
0.5764143591538898
0.8121012064736319
0.09428527606610179
0.5331170837828673
0.7092847851912953
0.06813268877979135
0.08880935178952663
0.7454931250972187
0.3407987901752282
0.8622540393337468
0.6012078874645446
0.5542805676018506
0.9457436436218276
0.29242645786294585
0.2626540817069438
0.0472671125888435
0.8488811217319614
0.956937643474424
0.6168724693084513
0.9955184029976092
0.23660193885523328
0.862574539057865
0.9267676181970836
0.9831237173923392
0.6315499294904177
0.2536748420007752
0.4328761940845676
0.8024531607553008
0.3031021766572733
0.9206186820841391
0.08956895229540267
0.35557634682330197
0.9521044538067021
0.6795928062002312
0.4956430504109923
0.5656497635300897
0.3935807757428214
0.6537684461588054
0.8322470390588237
0.9157402962721839
0.6451125307952222
0.059411717211792295
0.48467152305022215
0.5302702530125298
0.4242948272675515
0.012079274079119552
0.6079912566193421
0.3675557432861226
0.5057557897926935
0.18865461228909752
0.9306826484200604
0.3028220952360508
0.5463536712721377
0.9287728844858174
0.3109812328703476
0.7139079944824821
0.2940145257799597
0.771060492075281
0.03764030563018765
0.6729323397208127
0.7322944965209858
0.8130681905100474
0.6214403762936173
0.9440719447434165
0.9121488833612804
0.8279713148796877
0.862778368081112
0.42037866190519496
0.41375129371390884
0.7264011025685098
0.8043228824838493
0.9328871587738734
0.9876788731521107
0.5640432247067355
0.9381477800020568
0.43775946040101665
0.7898870790769272
0.06359457871641672
0.746876957772961
0.6653141878589564
0.4372528277124173
0.6126414874179922
0.27543463852333927
0.6699587304748997
0.7233190247911806
0.5535515315938168
0.8426253161650323
0.040750261963735615
0.6700877912425078
0.021352148777850716
0.5810323961548766
0.946655436214338
0.7240964786357164
0.7472317931856782
0.03972193452173857
0.6984925617093831
0.08366826111887928
0.6580712442075758
0.049147385232127506
0.9213078404419615
0.7419168533457849
0.4854582725690669
0.7843006065611831
0.4467223060343985
0.5649555425158406
0.9201239674294852
0.023635017350370012
0.5127919068145408
0.06705382419257698
0.8732815072896505
0.9207954066815902
0.8607510752988
0.3566244131941797
0.06725145424373391
0.21928400380675833
0.3790703636728156
0.9523901332910221
0.829261856854383
0.013345782191170512
0.14448521478537438
0.0230735997196165
0.271606362931826
0.9142709909756954
0.274807483623759
0.8675171341118135
0.05682378731505978
0.5780435516258103
0.05645666655455395
0.9510214865788944
0.7836301688037827
0.2393940451228696
0.2776747037811815
0.9384282802635181
0.14679609549386802
0.32467015375223374
0.7956943226055371
0.965290985598301
0.4452414418295325
0.8326217955041118
0.042851305549512254
0.7528589276931158
0.7239783747929412
0.5880177171258021
0.882710332947114
0.7634989128664263
0.0779789472790087
0.45663372034286265
0.6632108743135083
0.9308878013866595
0.7502095569751488
0.9367258479314399
0.4108716808225411
0.6568872598729065
0.8704017019459824
0.742581497428971
0.1780738333842649
0.9140550805568928
0.8506940333101451
0.48658458659555115
0.13709183289070181
0.7797198078449371
0.9674956159925
0.060949464822093326
0.7235843241496569
0.9801123934856908
0.8270848464455468
0.04317854748584937
0.17803388772593062
0.6752121678072349
0.4978272518213928
0.700229633190367
0.6611526549811579
0.9784014851667125
0.9403746576665857
0.3410559553096283
0.10697000692595393
0.4820005448881572
0.9080813937439416
0.9236392891940288
0.48891647211399464
0.5686286691588306
0.9556998561514967
0.15677176970080064
0.16777865402171827
0.6019538579039122
0.6478036045418514
0.6752675973740722
0.5298781539137452
0.037714611202197046
0.6743833617428354
0.6859117460755276
0.5012439025537878
0.02613489592331287
0.8414741299816202
0.04629572102639075
0.8204909334004983
0.990573118939772
0.0271597149338348
0.9479222112363632
0.7842652394282559
0.9747414141354949
0.458004596897434
0.6676738491913448
0.7052660438217186
0.08629277692291212
0.9066153750292191
0.7491974974194833
0.18712259476343757
0.7131922125038412
0.07625805840771255
0.10962532171622061
0.2195875961788001
0.8431797965141214
0.8017613306549797
0.9178007753411643
0.018728520162462618
0.6983492726447721
0.013406741150097212
0.267565542858408
0.8007600379692585
0.9599021655181087
0.08136312150379683
0.8279311293554423
0.7590892682393384
0.7635547352626575
0.7921943901773196
0.8892119240149592
0.7897856117928937
0.6066305377704921
0.7062250012296243
0.4530742454906774
0.8379038096939375
0.0699639149500134
0.9764733023794525
0.7816875892691525
0.4785338655481782
0.7949455465507609
0.03189210312059533
0.6966385903856978
0.047935501371716295
0.43418026284923994
0.3386128479737727
0.5883895005368401
0.5797101873997152
0.010233007223890547
0.5437816536966972
0.9317236924424404
0.20308449242346752
0.4424986065646923
0.6085914446461982
0.4586284210254783
0.6563658614603254
0.7609907968621776
0.7144197088247768
0.15844805502449233
0.6824108573985392
0.9820383967462154
0.8886115736007016
0.6231459134709156
0.7798674330471356
0.1322235183284346
0.9506835886891174
0.14950236336676087
0.6733584541338216
0.3154795309078635
0.8570637653817937
0.13227803910157643
0.9571950448492414
0.8671390492071749
0.4831037325117269
0.9073957345101549
0.6241030139974189
0.8066603463503034
0.6268347098483256
0.40374977461572825
0.08830354526565203
0.6395096610347027
0.9105368658471119
0.40435405657336654
0.7501749460637207
0.7475665430053677
0.8762794256477695
0.3762190291457088
0.16120997787805763
0.5847698971896248
0.9440658393866113
0.7662302494754771
0.010139678563411646
0.5542769215860627
0.7049108040974499
0.46525455811035377
0.4861402968229509
0.23784916372382534
0.272967864037306
0.4067165792906825
0.9692113451562961
0.5697010276941844
0.7075853000384166
0.025286121469306467
0.7935090919630101
0.6413333912612714
0.8627959861865893
0.0666301340495241
0.8895048100342517
0.011834790190643462
0.8254754150146544
0.9457684487356501
0.8160869503195166
0.7386222782949573
0.12251130188812423
0.6673985156318228
0.7322341812047324
0.04098994648751761
0.19510443842122602
0.8387629371249838
0.9951338575608746
0.6735415250618277
0.10178391320781631
0.3508215890810036
0.30887630674507527
0.6652719661050664
0.1180268635565749
0.8979146056610419
0.7058934801423761
0.03287277908050688
0.704913498035451
0.601002323881705
0.07803999236350549
0.99856006022032
0.04741032829796729
0.9392318208662467
0.12843877133635273
0.5185531610887376
0.08222658597012783
0.7519416181674459
0.3786636041588586
0.7312496044493065
0.09209019683140646
0.874438456044041
0.1642010814772501
0.6335481308750778
0.8434005140255945
0.05473738732500049
0.3331202004301415
0.8914478281796034
0.8391800420161835
0.03354372424608385
0.7375872569648873
0.010999415011457186
0.9556502707543982
0.6317318148744988
0.6718290701890672
0.16614843608569982
0.669395382816752
0.9199785729823674
0.7147427807181373
0.3182064461805768
0.9147603723574416
0.4939774330826966
0.4806856133907864
0.025397314836746638
0.8361616246865264
0.9714583868378833
0.5540305465947918
0.5290618798938794
0.7267207980640221
0.06643240754497824
0.011295294137687003
0.5737923798633024
0.05905304223867919
0.6448824020054571
0.9841524758309508
0.7767736538594772
0.3772912134453527
0.0867982600355642
0.8018121496113009
0.3276552312426556
0.5011672661377982
0.7739150911415285
0.847898460265722
0.4066723587335389
0.09464815858089001
0.013409901580948496
0.6088994699566672
0.501391202079837
0.5938657500911109
0.8795265012759144
0.7050579834302046
0.4391439940165007
0.02529600238691393
0.06837187685440474
0.6219506943831854
0.836334398261059
0.9175731594603848
0.6714288510529653
0.04610926365644148
0.7407033514271224
0.6648333684045115
0.049437655625479304
0.5410366064501217
0.8093049559173796
0.24013329525272778
0.8505828880774533
0.3119393229338475
0.6379222553140497
0.01444005469519186
0.6946660646866885
0.6951425192054596
0.6836623882111275
0.7132113331973641
0.688271520747493
0.7216122628333198
0.5725148869006855
0.8306706796226586
0.23546713987966816
0.45899001224393576
0.35720759492138443
0.8283837179449953
0.017909397355507655
0.0319059960048611
0.8514325401252109
0.8746853732206621
0.851998639336061
0.07145191665158346
0.6355507727210858
0.45770967450764044
0.8394277626823199
0.024218470480167835
0.14550427079244332
0.3458104305054995
0.5828027946542023
0.7291663375304078
0.03245271036703465
0.045890740268409294
0.9506679847947469
0.11173778353692448
0.11340271479778449
0.6088117149472781
0.7987892402540093
0.8140280059111672
0.7175638396265577
0.9403830003794817
0.7685253401678425
0.022394182274556338
0.9561727066569223
0.37134563071667986
0.98494316962619
0.6070142445023083
0.8527887307624934
0.0443893254264288
0.3986113491218402
0.9441756077128685
0.18832699245077766
0.5185025786662679
0.8919103060189073
0.9241915378432635
0.13816345187052786
0.09077435583577723
0.44536498264336954
0.49950449727485313
0.7041872778249243
0.23111582837768807
0.470169200916279
0.9416204157484602
0.05058681723513913
0.06560647100710047
0.747421284519932
0.9428278354759081
0.7241533881052999
0.8931326124727286
0.9562352544678576
0.9184365158350108
0.5368830407730307
0.8923267772147312
0.6329130788164239
0.83285384973525
0.10871733834904823
0.8427595280324071
0.6814432419656102
0.9757923909791012
0.1452510204704887
0.01639620847993446
0.026258573525330668
0.06928755798396126
0.018155583664768056
0.6238705222989956
0.7662630608805686
0.7002789012429511
0.8256952943206081
0.941183237676134
0.023850640721285902
0.24148143422573204
0.8411599445616327
0.5493692926975147
0.060785045960747894
0.8719648417738721
0.2674987731672708
0.6946429106693601
0.10763103463869753
0.6981290595930518
0.039695541506260285
0.04411012497402059
0.7316111660775181
0.9255920808400535
0.6633919652507096
0.38260144216529235
0.14547043554620118
0.8764249350062445
0.5624847635395978
0.6945940245882622
0.7644784871694263
0.9932967572470752
0.03154849036410609
0.7458000833745819
0.7102568995644014
0.022363489868024528
0.6511300535153471
0.02183970614447065
0.060092729480553914
0.37306898602799643
0.185029692204093
0.8415351224457843
0.4279573379148049
0.890393829960293
0.926849402966535
0.20664432066039967
0.6838371631621865
0.9956025125364238
0.7862771931697156
0.04024005705354883
0.6119936582242771
0.7256373070975058
0.8586668906504968
0.7743427155894063
0.8981592714648428
0.1401654558420123
0.17254283813922053
0.5178361467651521
0.5822360778941189
0.8867796321564001
0.6119582867203764
0.8565047138096791
0.055110124947808356
0.7413213471440145
0.009874496024235555
0.655656528495004
0.876291744510461
0.4396046885398026
0.6148691062116171
0.7551961099072477
0.6165995470844241
0.04544913482874053
0.5239434802772325
0.04074251956181039
0.317897091766445
0.5448928776249164
0.6819612941157989
0.7684243024241741
0.5284701058716439
0.4130039019294098
0.06892540331499329
0.8083152262399296
0.5728905381511286
0.9793195481985091
0.0658630338223817
0.07328262874843396
0.8524616178723279
0.6397303137767253
0.7545210994480529
0.32217358712098493
0.00693129407632922
0.7455742958632454
0.3479815026316272
0.9936076130757876
0.9401999772382963
0.21408166525174097
0.890136749955869
0.209296593419422
0.8350463686759019
0.7375221490053765
0.8700882742256278
0.024583892820027042
0.6537684562877921
0.8119792789713858
0.7682296909176967
0.9804118896504268
0.21652119304911283
0.05681695010292989
0.6347158641001162
0.1159594226952281
0.9081862868823385
0.7754936976125786
0.8197788511903035
0.8594732958801495
0.45701338801625435
0.655199390833688
0.1028922474522053
0.02173895982670439
0.03844966067851252
0.02459688450491171
0.7794255205521201
0.6986728737814624
0.10048876157976902
0.8838327201023932
