0.2924469381278606
0.8061544023312153
0.9187351466917859
0.7791785073000324
0.21765402412762289
0.474424536228781
0.2654767411424861
0.9626830681350524
0.1360148875513405
0.41716700105998483
0.08916929289651943
0.7817750735671167
0.8565940269198509
0.934192313044585
0.9775686184792031
0.7773966114250412
0.7587170297387836
0.9333290878967977
0.9647476901747482
0.8174954100274521
0.9018523516616448
0.7925913757074645
0.9131046958949771
0.5982297382083512
0.6230210934453224
0.9649198488633611
0.8651721784436657
0.9984984881372719
0.7714066941434292
0.9300138097587418
0.9016635629713969
0.9913603403233525
0.8174144521252098
0.8487651941995882
0.6219593257841236
0.7047967721009418
0.872865288072926
0.5115768217244516
0.7839565965067138
0.9490801352747619
0.9522499671899372
0.815086259287652
0.9302154944013745
0.22946930189283266
0.08120473016014772
0.08580817513483152
0.977252346383412
0.9487304485556308
0.907499568203519
0.790667735659664
0.029258126547875726
0.18403201330773516
0.11368000923394103
0.6155792654973884
0.1470163867654451
0.7757022134274751
0.2483379697178852
0.743548330942797
0.8606559325517953
0.4677096367023003
0.07379137929918324
0.08109905675896267
0.10023718821746039
0.7629869693851321
0.5014493408232208
0.8708758689639695
0.7369736939846562
0.9384834058595588
0.1486244489794739
0.03202883815787698
0.925832776681547
0.9420205308922821
0.389834994617974
0.9019838610153792
0.8065960451314175
0.17681255401899848
0.9857797649949588
0.5492503666430948
0.9419644581510601
0.9578797688921088
0.844228710996419
0.8443896069641336
0.24697170807690527
0.27853300538161313
0.8711340894203488
0.757044744603175
0.8228286069017914
0.921810263078385
0.763437421994255
0.9439590861446712
0.9810880377883378
0.1615588628798756
0.817920330855044
0.9494476359205621
0.7363011240972714
0.345362151828298
0.5972500869908259
0.8410439299709096
0.9798746619557988
0.842784419637876
0.9587885888641837
0.37510842563104213
0.9838423786453623
0.8936327027110123
0.7705902516805012
0.9808116795969717
0.963413592561114
0.9320554163978623
0.13012506518113584
0.9796720701917184
0.9971459931884048
0.865248573556489
0.802529107471925
0.9819024327522883
0.8109359593022243
0.9613717730981985
0.6540338514962976
0.8202381062895994
0.8777159490972926
0.9354604608356989
0.9275091499844753
0.7965798374841944
0.1566966134301383
0.9184256557531116
0.6049228404410061
0.9252406855497637
0.7510078098682602
0.7952499750681195
0.9797651648504557
0.939407657350467
0.13476700480136
0.9329356802504525
0.12483491025513514
0.11246104780221497
0.9960829477589896
0.9913821892050713
0.32703791468386445
0.6996349880848725
0.9268827331480886
0.1199628908890932
0.910327493570843
0.9237393937102956
0.7246599258230864
0.9607076706568973
0.17269887955038127
0.9851828692036919
0.8830350080171699
0.6117807687335942
0.8641639728155642
0.756849199166113
0.2901045680535535
0.7055532589646069
0.1411788064452626
0.9800018945492219
0.8000834395487391
0.953468242179408
0.866479758746309
0.12772849841949602
0.738876983200789
0.11388653649971897
0.8876463564270362
0.7822630765100413
0.9993776862757848
0.2634088783191471
0.9356828827792696
0.7966954959665332
0.9856579348300598
0.3520979489943305
0.6096829382327973
0.8598690964523759
0.9652926830141613
0.787641356146441
0.10804562125794728
0.5521099000999232
0.6012356947932261
0.08246479911793911
0.22514879412112884
0.9440163857400732
0.9986632206554165
0.9996007072669331
0.9414542338762273
0.987043499607379
0.9329546574625165
0.7031060030201775
0.6596725431315374
0.1431398524583815
0.789354724879876
0.894474093286256
0.9811270954679682
0.9673992609495234
0.9266991601766068
0.9024132057684365
0.21317006885308143
0.924409821562145
0.9812439801150344
0.8322338245962868
0.8006912228105764
0.9951046309556171
0.973852652114219
0.5697213395464051
0.8670343117304246
0.8813864838447483
0.9828050925077609
0.973463859269434
0.1686117459328685
0.7867152756806519
0.7145968901652767
0.9083646207960429
0.9293147574035991
0.5434314269430188
0.806452436936128
0.08725451429438441
0.9521877865181068
0.8460975626407482
0.17918375498451278
0.7636769240220496
0.9077766081827693
0.9177213917888083
0.23130564670671117
0.07732704049603858
0.9853001450715348
0.7320065824064157
0.9955208000228304
0.8174142345256871
0.9234031910452469
0.8488137439196812
0.981223647080613
0.5431683869080423
0.9457755100030896
0.9788101271315366
0.08287870897929028
0.9605885155176862
0.038359856690950725
0.9290019354156728
0.9723192552923495
0.6044686949531501
0.8713006536902451
0.9491049650490899
0.6670801521596766
0.8849079909832649
0.8705615310562385
0.9631429726621501
0.896251907251302
0.8648059544272246
0.993252158495928
0.972107050847242
0.7749231445935598
0.8246476727959979
0.7609780892070557
0.12224868695208353
0.7287231306093348
0.7667388675852823
0.8315161519627383
0.24513229229185976
0.8103040967299735
0.3046223451611721
0.8990853339602185
0.9669316296459063
0.4401149724016046
0.9905858346180241
0.9445965440149074
0.18929306086438386
0.9093012144820898
0.8899029213163995
0.08378083554213087
0.999875986577801
0.594598902187299
0.11107968921659685
0.9031115946034267
0.9854059013009184
0.6661501643512101
0.8257623736714003
0.8555248159161977
0.8596837707451032
0.9034681699387194
0.028040667619929346
0.68620522220759
0.04345105467514693
0.9772167474882614
0.891479928413375
0.7260152689221083
0.8845658901163508
0.7841804561874101
0.17981069261885113
0.9650608315722262
0.9007521870892696
0.14875282702109105
0.963172778675088
0.9921753937279341
0.9103791386850069
0.8802446200946341
0.941576576639316
0.9016019838815177
0.8221233439149952
0.7044264976867387
0.6365058932805322
0.8713371067613151
0.9927922207068202
0.8330907905456363
0.8499889126356138
0.9360343588328208
0.9625221200920964
0.757410662249973
0.1800723672207569
0.8739694488996741
0.9557009275734523
0.9001305542931958
0.9468691901498009
0.995305009940108
0.828393778887989
0.5587782339978116
0.04839800710666836
0.9937415201231823
0.027830473982020258
0.8008965605088987
0.11399668336655132
0.9918979440445344
0.6388586046197915
0.7365006074806975
0.7041073792282065
0.7951780746460959
0.8866302624788018
0.6415492472971325
0.9126814258115545
0.8305504466601681
0.7951523146332599
0.8428387932977626
0.6490230781168354
0.9620389727619671
0.8236205015574589
0.8648903750833938
0.2454796545271573
0.21008011953861222
0.990459942059946
0.37157483088006515
0.2858085385091182
0.07956950195875959
0.9981750543968702
0.6722707039602747
0.14959970361233352
0.28576909894296326
0.974023990041005
0.9181282088904592
0.6920149168236422
0.9999950976566575
0.9418886304812366
0.9192527247395759
0.8278940089293829
0.29725289097939334
0.5837356123198588
0.3097686828899396
0.7748827031265431
0.9702590160503062
0.47594593852035094
0.8681184166485185
0.9436879045853226
0.8554369351786861
0.8397413163409382
0.048242114012937036
0.7786162919915033
0.7478158025705338
0.8969109805570259
0.9808793563757594
0.6729754891419966
0.9998173150365519
0.7267538554162711
0.8115703832649208
0.63178849523579
0.1508672003939872
0.7675917446383782
0.7876695158770934
0.9848894833635344
0.93512160852071
0.5963389457380128
0.963681538402817
0.14071765839895772
0.7387845752342852
0.9469191888213602
0.5300427061859768
0.857317934823952
0.8282132821275864
0.8078746833071615
0.04010557834808294
0.1297061584432659
0.7737477537720563
0.056561835451887754
0.2429347559386362
0.6645721940933484
0.9977958495907193
0.9512601192997618
0.13422133705981784
0.9662885783322407
0.3502099247681052
0.9630789127507033
0.709042248584731
0.9584867435641076
0.9273976640416061
0.9764651176760686
0.9981267113724339
0.8471563219314566
0.844607329794054
0.11335708490071078
0.8644075861979647
0.58037118031005
0.946109322403752
0.8447642879598753
0.9462353772791325
0.9816590216230089
0.9401511770923627
0.07281418326451336
0.9124247743093257
0.7419987475802233
0.9985460277241461
0.2743835577057413
0.5333751101441266
0.7000968248206991
0.8202523456618274
0.7542091509452902
0.9692099783561662
0.9038076466419005
0.8372728306725545
0.577791812672321
0.9686560114439542
0.921514000339978
0.37900118577630026
0.9353847263261359
0.8963869812797616
0.8251370217827068
0.3166392786218415
0.7449944656864018
0.9757949569367543
0.7602720718316494
0.9823408881970653
0.9552342763431663
0.9106827156389035
0.832333053575669
0.39507429029476093
0.9372633097269654
0.13230641265745915
0.9687396145811193
0.6456890513866664
0.14238700765575624
0.9501054070548856
0.10098948273822664
0.20638268622482253
0.25184345117793
0.04700073276957226
0.7154052096138828
0.7593180801460352
0.05488824035962203
0.9620768282053511
0.8283156721929044
0.9046004865858499
0.7575109513199036
0.8603967343025956
0.8877142237841704
0.7597659592963839
0.05921101156990424
0.8890307898903618
0.9926661145641114
0.8237947080428656
0.11653590429286542
0.21669912985031403
0.8327765960464848
0.8476225940418596
0.9065665631510327
0.8079606927690204
0.953143135395091
0.799209944996889
0.8168694655350208
0.6529386098353004
0.9250651524753981
0.8659665890823918
0.9919845150807365
0.9522008324018182
0.8080094752942033
0.9276233975173661
0.9672028802830974
0.2196884892177947
0.924635853450723
0.06027855013490031
0.06219798572232149
0.8267354440757271
0.8491260985763323
0.7150463555065123
0.11826636331528848
0.9076660620792623
0.12056485422603497
0.9632287746312233
0.5092760473562422
0.8297939700786366
0.7545672930932027
0.9057774248481252
0.3075355149196836
0.9434110036564733
0.7730945909174949
0.9498885759803711
0.6496253176714724
0.9601189191281776
0.06818624914476037
0.9799347071706088
0.9234152571937018
0.8359477127113375
0.07605811534025533
0.7987234119269633
0.7887415490421006
0.6349302277418504
0.7227390929280044
0.0554803521949787
0.24849839366105075
0.9488952086865698
0.914496702034587
0.18455895697740243
0.2370308418558533
0.04828805931601986
0.903029773521006
0.9354300150068964
0.5996715772223524
0.7173144083424363
0.6199769250850939
0.6536021226975253
0.7800242303045702
0.9649478974911652
0.18091096251930033
0.6378254507516741
0.9634069165530641
0.9373269207775856
0.9966867807983084
0.6457051879797674
0.842993408847788
0.9924431185885569
0.8288976541224042
0.5014126396488523
0.8308732858607197
0.9120958115467972
0.9127920154618946
0.7585190934747104
0.5101712556541087
0.7145666889064597
0.8176027641716284
0.5957532306479437
0.8605677266066684
0.843920540834266
0.9711826793254871
0.6597576757801547
0.16902442958809505
0.0925183945379423
0.915347823276511
0.8629968039268243
0.6780791741148399
0.633772533263646
0.9925739414287814
0.9572047056737303
0.0702041956724955
0.8702811234294785
0.11776829880473669
0.8614370656371352
0.14051240603724768
0.7286150520401055
0.3317376777393074
0.9885881397162617
0.028091894904022665
0.9063436500952535
0.19880603936413938
0.09230820465451453
0.8949505646959919
0.7872503108281422
0.8303375885712172
0.303117411292113
0.6798690029950895
0.6753013761480096
0.9016277948678537
0.0690695890482742
0.9076959040548493
0.22998344019067296
0.2420176693020923
0.8745258443342881
0.9819181746385034
0.9436697269731278
0.5133568521281464
0.4506732241860866
0.22061882258367316
0.9793406073933886
0.9851563357826345
0.981695028843163
0.8434012941982977
0.9975892268816041
0.8445826670894734
0.9082029768738666
0.5867364087489533
0.7884179245036758
0.10130315413935727
0.7686001573777149
0.9962588518618976
0.19689750131783545
0.7498262274156342
0.057362065643055474
0.9307311307427995
0.5563484843359319
0.9292469906033423
0.08617632203214887
0.8556140784605717
0.938770410673083
0.07333237019610804
0.8765852412907668
0.054698227681339966
0.8728760568289684
0.1564832560388047
0.7822530931801637
0.9610837720449792
0.7315270137576921
0.9356815146368793
0.19579018644156923
0.9413598747209121
0.7537677145954502
0.18157312894848432
0.832828469571237
0.921915864747119
0.8702934860995988
0.5098008716869067
0.8865914280957742
0.7328508495422029
0.6810321747678472
0.2977690877932224
0.6873098810309439
0.1786655244148118
0.8572092958503854
0.9379763269972936
0.7201991675045871
0.7166511332628283
0.08505252088053755
0.9491668116250778
0.23548073422471488
0.9282749383513351
0.6106110156019641
0.12762478447606407
0.8393631840646503
0.1306418335759704
0.994915681313671
0.12684796097915632
0.8395988971929476
0.07187139706654633
0.947121828526708
0.9708146792238821
0.8876537689055133
0.7062815839677163
0.7981832524637698
0.85141320447193
0.8320817994846317
0.7253314572856464
0.9014697809634126
0.7041774596368472
0.9080791328031674
0.8333753510427832
0.9857333543767688
0.6830686992572027
0.9788947046716273
0.8875278882951628
0.9506319924349933
0.8612319366965472
0.7925588618463286
0.30920559305788076
0.9057673469829118
0.9149273007845458
0.8978072418231493
0.692024686196796
0.8370392161727925
0.8493563765532783
0.9375265091485087
0.815568181776765
0.9782823402524528
0.44034189669701285
0.9972819040924764
0.6445134463946909
0.8026277852992733
0.03864687605393702
0.27153880387792
0.8449237626574017
0.8254636295591387
0.94557516943417
0.7983554724961728
0.9049514459792649
0.7138826852350654
0.04194090620675556
0.9238069436063563
0.5377230373486992
0.9009312913506524
0.9086672220274665
0.9605444596804431
0.16544766335890826
0.9070779654550751
0.9863327405530588
0.45126026290566434
0.9481352441555043
0.7043822641658808
0.9609309511485188
0.10427575194039038
0.9313972991017712
0.9980745553389467
0.0639412418313845
0.2152761996380385
0.7845080711661605
0.9764309841526352
0.4201807809134994
0.9555874772351036
0.32581304208138984
0.8891762986552996
0.10624475666443331
0.9615226043421661
0.5416137165737656
0.8746029588245239
0.7410263528002304
0.7387938766099296
0.9849866422516887
0.9833661361847519
0.9127789802751269
0.977506861959738
0.6442092515532356
0.056521245573136786
0.9489686803156134
0.9426193506701437
0.8257392139656042
0.9936091914615501
0.3254356346845749
0.9399677221464446
0.8654617925206374
0.72627425321572
0.6719383121527709
0.07510918951443078
0.7621405470095317
0.8117979316046137
0.9990904360080293
0.9642498380410522
0.9925811124125714
0.9531195219874117
0.9163676619418708
0.9809504997096994
0.9651944948775915
0.9177571238304993
0.9983498313684921
0.9903278676937247
0.9141548663000243
0.08292335239065103
0.035498609862031086
0.8120248794022651
0.8932598738863734
0.9525240601490891
0.9147487109633073
0.9764654687273122
0.9892434282786682
0.5881126780514698
0.83630699193799
0.7847774833591911
0.9565941536979738
0.7784425023327866
0.8568470139041323
0.8004291890787198
0.14885066903582678
0.7041827259553692
0.9908780049376376
0.8988128636846029
0.24449268176639047
0.9401682565283466
0.48270186326495657
0.4228397218343087
0.8860281723385106
0.9848805765344285
0.9745610802204545
0.8950188867524517
0.6361349931992221
0.21132589932261905
0.8441151650751417
0.07545914706333827
0.7905032484191985
0.8072921377689102
0.0682232183376412
0.04850894255719262
0.9193255764775958
0.8370564084740513
0.7295812127614216
0.6183867462819557
0.06428348735703608
0.8042466060320818
0.7249010372097504
0.8247333437787292
0.9055509727318692
0.9232799390703283
0.8242241347324272
0.9355753436675679
0.9088772412756843
0.9623071194319915
0.03442678053569941
0.9895656887420501
0.969653345532232
0.9031210413968327
0.8032311581262324
0.980497731324891
0.7919581879829698
0.9646707214400524
0.30634970368223524
0.9679195323675569
0.922144821942306
0.05584404061109742
0.9660537295640823
0.9460607710368745
0.8703648397900507
0.6944254140887685
0.8807186353527927
0.8075344385189605
0.774577373447914
0.8853558745506678
0.7327839918678778
0.1385532751977061
0.029996065679759116
0.14921269211119176
0.7908350436057555
0.737060619447484
0.9888018315464152
0.9516502609046457
0.9238057137598411
0.8385429962516129
0.8635067631195645
0.6867526148923329
0.996270005040653
0.895961222315792
0.6392795152111211
0.7962282556717983
0.9157096805572265
0.9642113963089607
0.6848668180607731
0.6123171053183323
0.2381516581532885
0.881121155196813
0.8482726357156314
0.8304087018526116
0.1177317090184012
0.6746934687758693
0.0809790544531627
0.9651440720352362
0.6291096117967737
0.8671177632197606
0.10136558433927079
0.11037843105496134
0.8720229755124942
0.34625287752933814
0.11311162674208491
0.8878405223759652
0.9439804449514186
0.8516383129679801
0.9964830276195176
0.21035437839797066
0.7929190750107407
0.9024714898749788
0.9299772693359528
0.45103642838577745
0.8368932036805483
0.9031820192816427
0.8432497603665177
0.9751300350986085
0.9530619235332164
0.9757933491329057
0.9989167003505077
0.6898808059948431
0.14363687335342978
0.11120711244465531
0.9361735552419383
0.07715915609426459
0.8699829381056088
0.9040016962414263
0.769047842644593
0.8676038545977482
0.5036591466485383
0.83427713439245
0.8428666026484095
0.9674530644284024
0.8238194236463388
0.8804952710109072
0.7999155241667146
0.9540639603219425
0.7389142029741166
0.8083015955733285
0.9604214691274953
0.10967545270985422
0.2154254223185792
0.9108707358116837
0.7758443870299546
0.9567241490004668
0.943307248837348
0.700012795692438
0.8869258517230763
0.7810800605273798
0.980942323829503
0.9267901011237776
0.9769364612461603
0.9961772845557615
0.8751266860537237
0.9522924078918269
0.9178975375389088
0.05147603456042929
0.6420240338805594
0.9817780080127385
0.7671782016999679
0.9525361059986748
0.852165397851031
0.13133256480479663
0.7791539116372499
0.737750612932599
0.1912267351348813
0.908530806135887
0.9537740564100349
0.6860157406621182
0.8992458886569663
0.9314940401842359
0.9849873803439986
0.1252374476496203
0.0898128745897119
0.9113064171409927
0.6682378929130038
0.7399898693251755
0.7920016649139726
0.732887585973226
0.574530767566432
0.2300570233582873
0.1213162706567334
0.9993501953855541
0.11344659687415214
0.8435719740558838
0.6974680547045751
0.9940434316303721
0.940518383399495
0.9935973266067384
0.9198244753640714
0.17081001326431616
0.10727266755427907
0.9424942583769162
0.8478902652703373
0.5830080827154481
0.06375222171620558
0.1064738228081849
0.16027513924998893
0.8115923731525746
0.21775241649890567
0.9076647038580359
0.8978615753985565
0.9811482573499182
0.9857996229968559
0.9912203865562335
0.9902155835112845
0.9971543937714956
0.8287465070389368
0.2575892706468308
0.8837558552113289
0.9570955683417393
0.9020251798687186
0.7704060988533367
0.6730806707479768
0.8037506676511206
0.32386362667439955
0.9674540270102878
0.9982311459888378
0.37128007417437614
0.5505822648074641
0.9493776816120015
0.9865832591671224
0.8521584925561867
0.8589669236311318
0.8945718978075685
0.9630796128892104
0.6859678150479168
0.48532343940822253
0.3521710944169403
0.8617067149315798
0.9409019737172255
0.9534810212494329
0.9895367441740603
0.9494838532838579
0.6791209527180948
0.9874601763049543
0.5703182946370011
0.7423594147422445
0.8722469495513442
0.38355497897611635
0.6283230803435844
0.9177806058208345
0.8599399963841736
0.9906404009113825
0.6796242086773585
0.0946822547779426
0.8532601758029412
0.7688249630217739
0.9821118202208428
0.7594189294338893
0.1479039094803073
0.8524764515567124
0.7135201422955474
0.9988749183772907
0.9402392390947236
0.9687598455931157
0.7338178732467454
0.9850670863500448
