0.8877118657452193
0.9584634037998092
0.06224356050769901
0.25778468137969157
0.2554139512107053
0.16318853749552997
0.891513278500759
0.09044423599879584
0.5751380866774497
0.5184937408998981
0.7691483331828806
0.7664420631062004
0.9350929485884679
0.47049009987088203
0.9031612880702733
0.7748415263376387
0.19682000802094254
0.7696827265272759
0.35384583651336055
0.6680044132526045
0.5366355067139424
0.5247217709095948
0.7693163429867906
0.7357537589085682
0.5677648636508563
0.7095242877780975
0.7296586311472333
0.5174243305289351
0.7093451191680193
0.8622196249444876
0.680826292315805
0.03073264527110161
0.7693927655894874
0.07143953116281343
0.7459501532123667
0.32557373231818826
0.2643299021266148
0.8306081515448552
0.050986761061071154
0.7994337187110665
0.16532484362899594
0.9693449975767943
0.7177944590226429
0.8190514787327863
0.1044553469426629
0.3244138182298615
0.7025855393170638
0.49252306714959393
0.6287390328041027
0.4653221453153894
0.13966589274999416
0.8465619154828332
0.04656344701719027
0.08402425664429138
0.17121913331468752
0.8806771938063069
0.7095531103779218
0.7934317311074722
0.05694050911093711
0.732130484759653
0.9713467057120639
0.7473830880674125
0.29637059156547474
0.8504366313724989
0.8727741285275625
0.3825501171378989
0.16417094486994932
0.07634786283495924
0.7281902172460646
0.32754515129126877
0.23502471459745525
0.8456713311761983
0.6036748958716279
0.9974288742282236
0.3206650727811491
0.8389059408784385
0.26606221448027845
0.8408690804701386
0.5999260152594279
0.6252887464388966
0.38543124106669174
0.9264334690064098
0.8266206453303953
0.8387924475527843
0.27060628851998436
0.4165843138466164
0.6224881434905427
0.38266457343670734
0.9524775131999048
0.1915044967516356
0.1645682697696449
0.9397509310206704
0.04624301922203457
0.7270094951583437
0.925818804571601
0.9424105993134018
0.7323022244940871
0.24047394965791663
0.06860781725702986
0.09411372285420705
0.8341561976610267
0.044388402037796426
0.05945139238218511
0.08547392228852475
0.39024703174613656
0.05579038393931464
0.5837921578408446
0.8388767752142914
0.759525625899997
0.7016394139953767
0.893184720437525
0.8988291425292259
0.5297372236345369
0.5339810970481288
0.027452244210618443
0.7702563823446811
0.1008669620792011
0.5972285894601486
0.26783171929403315
0.19402950310736317
0.05873214061267528
0.11137447286701299
0.870813027173907
0.6525840916092746
0.04702931542440646
0.5380669049303438
0.7297426078448934
0.8371401354888981
0.26689001396088574
0.33132477210197814
0.33486169729977444
0.8225056351557036
0.02934101052419056
0.5048091263171074
0.62791091430362
0.10828201456329196
0.6850028438849761
0.887430576595103
0.8252287971044687
0.635938508498824
0.8200721853871646
0.8479905933168745
0.7106747132817925
0.8756578969337345
0.05864995756481484
0.7212405463811777
0.2709350094883651
0.09139957451519404
0.3171777901131915
0.7245788800150933
0.30125207778649715
0.8514320803676945
0.8618571523067075
0.08451438122019163
0.5974892894747964
0.6235956866478998
0.7913987094099445
0.7255799715264251
0.3523598878557118
0.21543981896357306
0.2642004326313613
0.09142032580225887
0.9438279529838587
0.6055660176137079
0.7588792827473945
0.19357842707027495
0.7133630187837974
0.4873473085679261
0.5678697030728799
0.7191992435321763
0.6631635714920547
0.7344431031426646
0.4540998958061715
0.7914721707851754
0.7907218879285537
0.5547605126987892
0.30796921762110535
0.13315559249473288
0.2615695738486115
0.9974053407378496
0.04203721291503518
0.25798189455507564
0.4452080491668678
0.8450022736158391
0.3150546856729265
0.8859108952897559
0.4285741004893129
0.9607573741639583
0.11841024918701812
0.972258668775479
0.8268798525369792
0.7784156176107042
0.2952171741819852
0.04952259608615937
0.9318086902503281
0.6880510407431717
0.744360108411636
0.3233159090457597
0.6225930763204043
0.9977169976601632
0.6558703025230352
0.9391697162143109
0.7763610329968447
0.823632019251674
0.7139178102526667
0.7967309277533923
0.033056787361155644
0.9445684457796271
0.6944603373579532
0.7022197040039309
0.5907401882609566
0.904739599799522
0.6782387756911674
0.7313677896746924
0.10464589694378669
0.86459362740549
0.6416021885443036
0.6813357900628361
0.8477140767062291
0.7090468277759647
0.09010849284911174
0.64727671414835
0.6492372144356456
0.06781922704049906
0.24626987491742358
0.8253128429249224
0.8184070756495125
0.9186290242319648
0.8135771297039779
0.7467731055127202
0.011574780991985018
0.7287166087440755
0.3291742177125821
0.042771446621036324
0.6772105800563426
0.7085885317052951
0.7434827106597154
0.9087238699019392
0.07654737015290936
0.4006579259966748
0.8400854455973694
0.44772176507510264
0.3486669141487525
0.7368865954236681
0.058043656354824294
0.9677092572594675
0.05700277325178881
0.6431852339008637
0.10542705330647761
0.7075091074716333
0.6780774215801784
0.6033689234679982
0.11690603408882194
0.11908452273807761
0.802964101931124
0.18824834049257905
0.0885581726288714
0.9919480447272924
0.6210797982205347
0.15773858132015808
0.9624554609244023
0.25633254724159354
0.08309174355130296
0.8221315898250946
0.6611723256644968
0.28691818627443744
0.33793590739278057
0.9758095609409606
0.789185294734744
0.9025709822284096
0.7413699403138033
0.6268697526676039
0.3382319292023144
0.9880751303677525
0.7373455759838361
0.9338038712238576
0.9232694645456561
0.6518683349644618
0.8025502144774129
0.8255554383829917
0.902980264990858
0.8483348278749955
0.6282502397789056
0.05076600692830524
0.8289894253665214
0.6758643485513383
0.043135540981391045
0.754645792655259
0.6477720800725599
0.53540923868166
0.6723141315327741
0.3570428877444002
0.16130541238259805
0.9181004119693674
0.5727975034566256
0.8918446414840551
0.8776497508399226
0.8367606250463706
0.8704104171566333
0.08242077830987571
0.6208086748617294
0.8224810887461709
0.625550164743123
0.8848725913982998
0.15072747399510852
0.3031513103525091
0.16175737233294013
0.23476359691554327
0.6376024894486884
0.42084088883874776
0.8595177471559066
0.5693378102427504
0.8691002817251158
0.15980952249499836
0.773533447002354
0.7946506805762075
0.020426301021550755
0.7000871790638465
0.7201898326228333
0.8353407938572542
0.8696451543366908
0.07064489447337552
0.8875417807861685
0.5022477632438576
0.8579823366105634
0.45763659064360823
0.3803397565982952
0.8055069424971042
0.20678760598825707
0.9864788561193802
0.05061842628557764
0.14031295184181714
0.3207598815156431
0.9150193253523444
0.561424612177747
0.6559217290441897
0.029215913641656273
0.9639938081197124
0.17878070672317792
0.04921390134623481
0.5120880566872262
0.07547792624779101
0.8394161649732734
0.3202299228212524
0.7776460579578854
0.9127071959371114
0.512834999394848
0.8251773821121742
0.7070014519184823
0.7825669978372336
0.20536350147081567
0.2408998325584381
0.1526211297572484
0.3487517078453366
0.5836164054156244
0.6839814351820508
0.7711696566046494
0.07886085217022301
0.07377736462635917
0.3659008286493907
0.4276197568617688
0.2693737216479441
0.41335295109456016
0.16396315810912343
0.4709573854533784
0.2694805864825604
0.2406016314026762
0.7590659292140874
0.9549631605035312
0.09193783561595946
0.7203849859665071
0.9400852170513854
0.3675826582822571
0.8474548122896892
0.7225936665594114
0.8068213331884997
0.4878819616075347
0.9660313114755787
0.788356101864775
0.6341488125430592
0.08640835329100578
0.9064964186412993
0.22251290573309668
0.8313363884815724
0.9208782329185371
0.5859263608555683
0.7359971414779325
0.7642275743548232
0.10092727562839532
0.800052795219717
0.9242060588946835
0.32565053522326104
0.8900319371392937
0.6638366043466901
0.846504560165355
0.3670674614084853
0.15996883351784583
0.9520371670348805
0.6619429837321649
0.46839813156842713
0.45467984514166754
0.7386885088134922
0.7151371074046302
0.8757856133722342
0.4448051977300407
0.12205824152298653
0.7559254287116931
0.8260371970862515
0.24207190411645174
0.5432297416917825
0.8162730565438391
0.8256123036854623
0.5138188114432017
0.46708957719606725
0.4456472065772762
0.3790854265936271
0.9289861703468394
0.8298790166576855
0.8942350245100359
0.8738911869999737
0.7117432327457124
0.15926394418373
0.8753239815864089
0.788691113592502
0.7967426763827945
0.6932724072519292
0.07135806823751768
0.09678156619375233
0.2500931387452371
0.17088436719453848
0.07288098148976128
0.06510954956007955
0.7883838906281838
0.8064363707159691
0.6924238166445473
0.8564874211003124
0.4406165932075268
0.07612283410790217
0.19085107299595444
0.14159100786955506
0.08526919771010996
0.7692384547754423
0.5110901814866757
0.7651070501875028
0.8549510337107091
0.27352131441970834
0.03657746523758813
0.6939153674073582
0.707017207448438
0.09430425265763706
0.298293689847099
0.9218790878483748
0.8392346720355031
0.23775388149577636
0.7556399338392099
0.8302785967575299
0.21107815004402516
0.9408763886131224
0.8513254248747109
0.05329498191952456
0.119525442961971
0.7237425192233715
0.9452388281427164
0.2122608330462536
0.6962649156673463
0.20078666115600488
0.3383030960823755
0.15318640485534574
0.8490811887818399
0.8649234983319611
0.11487712649055049
0.9653600779560094
0.4242670802131992
0.9396618762946349
0.555964770106958
0.9499309557190532
0.830147488167845
0.7620341168205828
0.8615176158920996
0.0948753857050371
0.11417529548792671
0.06422619444229072
0.3798664893800008
0.8582758552842982
0.6224796384040847
0.3759926219147649
0.9877310540569608
0.44036012290522697
0.9831018695306584
0.9553645451481395
0.8053475449911869
0.12562388867417904
0.8100218039191753
0.5210153903931005
0.8232182098706844
0.03118821983728575
0.5938536082642217
0.6728807993346886
0.12588404241240797
0.6400789412221749
0.9024136100251736
0.7005692873543894
0.23201852705996312
0.3793043332580781
0.6535522992388434
0.8020911713430057
0.9457046739553207
0.06559410050159453
0.6148495365705149
0.8708623183144001
0.9010822612072789
0.630044698299105
0.10489754549928462
0.10184939168567884
0.6850652156992899
0.6996291080416269
0.07530457290495719
0.9640316467609876
0.08098895244238913
0.1273851512611125
0.46708875516906234
0.7478073682682382
0.5672285464819282
0.1134654413993604
0.9282416320428425
0.7445467208210105
0.93412051733632
0.8818444752117012
0.19330022192476043
0.09669056642346187
0.8272007897467526
0.17590377409815605
0.8386463407691642
0.4147388266004718
0.04593850682121708
0.6640761148060514
0.8264579689875527
0.9332125079054074
0.5608352723459216
0.9250349549090201
0.634530605637022
0.9975794482866887
0.07604517188629403
0.7986482095787248
0.19069090759032242
0.6113693283323625
0.05533011789457305
0.5125721327946862
0.6685383995349173
0.7279256817617333
0.12362353551938254
0.6459393507400368
0.5389854764892972
0.7828972505039733
0.7227219487236106
0.7128079286225084
0.9233822047044273
0.4995939437019263
0.07606691863064788
0.909383126499498
0.4718887259307335
0.10851909062276502
0.7233740793178348
0.3282437353488905
0.06686909294563524
0.4061744030052059
0.8062766285026557
0.17451805581909122
0.04202237886933689
0.5306068455267878
0.8732882069980266
0.15232106249072477
0.6420354630201056
0.5614939248101867
0.037710791022027755
0.9272427254451387
0.818574433990502
0.06391724930854664
0.44864290136206325
0.6622811597097225
0.9511715777733116
0.8954340359745878
0.8550680453440853
0.9637007294435367
0.0549152566752089
0.8932046101635885
0.06367576724393387
0.44672590704980786
0.848789139413803
0.20053600448656692
0.09790341682488025
0.450636528792702
0.7113804759334807
0.8230743813582744
0.6335325157687381
0.5643819345037009
0.06485008197082451
0.9379759341749185
0.8002331290898672
0.9738070606889196
0.7382069628224219
0.17868206393630004
0.931891877124274
0.07219252447292968
0.390200188773493
0.9203690427171036
0.17214064707190482
0.6184621835241546
0.04160484426232814
0.6039887425877329
0.15276827888740038
0.7308959383847502
0.26379715703781403
0.12862470448748603
0.2729306275912834
0.644397170636893
0.044288344971096794
0.662345139829386
0.5021076441874837
0.9337679716396396
0.9727569706337771
0.15238020507879374
0.8288360829011767
0.8377171975987017
0.8161648806529198
0.6257130851207235
0.9219758886494138
0.4179468236821438
0.04202712417270412
0.8563383242438044
0.8974770892444766
0.74450071386045
0.6500312977692958
0.4802429623645877
0.07787362922238474
0.0651729828559099
0.13711071976302078
0.11547666155718492
0.528640877315879
0.038806657263848666
0.6191839612934945
0.45006146093652827
0.8321023939188907
0.04525927182935499
0.04124145216252113
0.5437059900176081
0.8326439527889384
0.6438609309727411
0.8441904843223849
0.5756913413207692
0.9744264055927929
0.503272463581066
0.5345387242185433
0.8341273840882167
0.24007534053826954
0.320867403849481
0.17811890928757923
0.24836490357120067
0.7566392056702074
0.7216964531733939
0.6563368552874811
0.8211347370314596
0.13518906077368326
0.6846274578891234
0.10291324412472616
0.7024799019458068
0.3887515809718764
0.1501985619607309
0.7446084845026655
0.43075864906859745
0.18897045677366867
0.8511871201062506
0.6867951437972412
0.03949880343576793
0.034308027502021776
0.37973977513722734
0.479517339190255
0.7751778339646519
0.883412070600283
0.7362959542170421
0.9639992739816414
0.04982901363858853
0.1546525786821647
0.4298700316476523
0.2055011012304294
0.7932379244415713
0.9316057286220678
0.125333216299037
0.8174263389494385
0.6692539492476335
0.9324734489925858
0.3763394073019776
0.04622659814468726
0.8447618968573141
0.9132770802897111
0.9175434618026899
0.9662070655859614
0.0330859249557561
0.5055862196708485
0.873563988241094
0.8234079041503495
0.9218559660135748
0.09106748784674407
0.6596326282725443
0.14674895770074486
0.05234940433694107
0.3290147498257331
0.5332556580294927
0.33889923491394125
0.0587789120451712
0.09848531163659317
0.18685919403835619
0.8157303609150645
0.4952772845800404
0.7770865524410441
0.037380650167732836
0.7907655093123945
0.8357963788476761
0.18259388295736415
0.5841425773746876
0.43057008888706616
0.680958666724168
0.1391599395968954
0.947631282808735
0.5667985852238875
0.20926748535163814
0.5356831683797908
0.60878002303301
0.1627110933682806
0.5881728542582464
0.46150790026630223
0.06886591969572242
0.7783153480501631
0.5447994733424408
0.3087164087445861
0.7135601129973529
0.6943973299910264
0.14798717459014993
0.7435416756803894
0.9899154419175777
0.19862377655269048
0.9943565533754154
0.9462617992123376
0.04800030871121222
0.15923646985495565
0.8296116649165237
0.6083429767628035
0.3233324289925158
0.9418041159669897
0.8590028860374614
0.9440485783607672
0.6118535872321478
0.7420132669124742
0.07870323973763577
0.2566197444454159
0.08626251144748753
0.9481496958764823
0.8470807034539212
0.5094095668237884
0.9487067355190031
0.17509927359175148
0.5046854645051043
0.22498127223522546
0.2147893371783252
0.047293642985748285
0.07769739730973577
0.5848599130384228
0.6905322646945101
0.6721344022993262
0.43951052985939965
0.8204726072750992
0.23964178931119007
0.4146538457930603
0.4612947027337676
0.10659404451028301
0.7894477644627352
0.7501266817583915
0.9893364742321937
0.9310981956737882
0.8892351544178452
0.3673613134906595
0.9606804969211211
0.45567310726844
0.642542150502413
0.7354432214549546
0.8905273419472918
0.2598391673985281
0.8945404536587822
0.633888972992017
0.7835248581786942
0.5008409097056665
0.8426477261283887
0.11508358023600176
0.07220233088419825
0.9592055105685802
0.04592635714157438
0.33981299258781617
0.8031744786138952
0.04281845436324113
0.3166510721782535
0.1685948425496581
0.8281343388569626
0.6473811117756108
0.03726235446051622
0.12177911877589928
0.4499200790234518
0.8207267695701059
0.1294701605536703
0.8217696814671804
0.7299251484738647
0.33951594430538257
0.1003242493447401
0.10726790507486894
0.9295233521010106
0.6435028678631944
0.7722300881497143
0.10361047249028009
0.39603741811530063
0.9227693033635099
0.807391298130598
0.7703721719969583
0.07037643300213758
0.9014871268771241
0.9050950668085953
0.9395793489531745
0.9040727934392525
0.057332402090036046
0.9134006534091882
0.1802102997170098
0.867641764360521
0.48526002408513225
0.8528262739718574
0.6400759945755156
0.7702445713408361
0.2327386684715767
0.23001221618134107
0.6590270907601923
0.09430144713239413
0.9697583651074865
0.9749807048023424
0.06080753216427384
0.8504977933114122
0.6159767075442515
0.5923538868457219
0.7621068857340454
0.7462144341111512
0.6288564288861185
0.2894595154462409
0.14839266789033317
0.9941409791539213
0.6940493824783469
0.0968168622994319
0.38611929367467457
0.8297065289048337
0.04652868130199553
0.5687912116974655
0.03412148194660809
0.06642784335366042
0.10745101246933034
0.854308983643798
0.9409192417598988
0.7487035078754857
0.6461618884263551
0.7693034115147518
0.96149628129381
0.42224426615672755
0.16856173352411935
0.9447865760905497
0.48413621763061154
0.7939937819704942
0.626355698861726
0.3352214908692698
0.07687083355308545
0.3448953134733965
0.1596152899900578
0.8144318701337043
0.7223396738040718
0.8791537237004912
0.6270707749464468
0.048681875336626844
0.952691444718747
0.04694242849123417
0.19621524460034662
0.8534980335465779
0.6581607347703653
0.9143872954832075
0.057618243006001955
0.48364186450827423
0.982406238635875
0.07731019708599636
0.32937345038900157
0.9202161868022154
0.1897980413219464
0.9231506232857272
0.6982109697328643
0.07042791330897916
0.7068883750033714
0.8861046376169806
0.5455148888560124
0.03154298206166914
0.6505006313959056
0.7467763190264497
0.040259523714745865
0.936977239845209
0.6718328016858568
0.9318246344551304
0.8279286256499407
0.408320349666484
0.44636676076863624
0.7838669483777166
0.8486413609786956
0.9703890159406992
0.8616477464197121
0.4011603405087485
0.8606769183465333
0.381354363440843
0.4611992530088079
0.8940006056010439
0.7667424963857088
0.3751721076552125
0.9118284770378716
0.14299312999186115
0.08058901740445618
0.4277043440877013
0.855948345133321
0.6224078815248484
0.6695035706572156
0.6393542452400525
0.6727168271283688
0.29586631793457757
0.3137250688903271
0.195855782325666
0.996357078258201
0.2820507527559275
0.9970506185229565
0.06195337040337459
0.060285158453000864
0.4544278952677544
0.7448579764231802
0.2605035849395704
0.711011151120003
0.9657215645033262
0.4199439109094818
0.9939603621570163
0.7196844160950338
0.040484638518421365
0.11221103814303718
0.8746051109001445
0.12033843769137333
0.8669526233578869
0.15996345358504424
0.8872169219961661
0.6270044949097664
0.23357930636490948
0.6899351703043626
0.7570316908798622
0.6652416484510016
0.3835975725347673
0.6129910906451406
0.07534745498469142
0.3089199862364269
0.5725752379649465
0.13966995519439224
0.9127432133370624
0.8049637052943333
0.5718084590796938
0.5779944761733266
0.764222999675833
0.7871038584423955
0.1795046330300029
0.09007923540495792
0.47626660222969075
0.30054975649470156
0.19674477280017544
0.9766944580358671
0.41594600269107385
0.703178354092128
0.836824817920341
0.5100020382392894
0.6961243925971639
0.07760928647166218
0.5992752980861917
0.6029631847440348
0.14721881926250205
0.05896377106373753
0.9607898093070051
0.6242483169507759
0.7356140002819389
0.8561226491433483
0.346982312377382
0.16965300990859955
0.9990757316020613
0.043798935973956926
0.06437561197225711
0.8943302745527072
0.8357955360266387
0.14412286934079846
0.9220253974030133
0.6922798715914933
0.1470594375624769
