0.7410805553228265
0.9675014624466807
0.4222196882482298
0.9023208316756265
0.7530613441685206
0.9768523983464825
0.9432262791168476
0.8545297421363427
0.7859832346709765
0.6782764185432624
0.7493672253385
0.9532009092234426
0.07616126969781628
0.9406797831601239
0.941078369991706
0.9168466743920667
0.8089782913527368
0.05055221225989033
0.9965847056758379
0.985220110480018
0.10820056721068734
0.867005058472275
0.264276798048506
0.2118254968619104
0.8964942796701243
0.919875772558044
0.1969573258552901
0.2136863495987118
0.7018280512261296
0.6559013083066544
0.6656142996058987
0.8349938356303408
0.9845117849167764
0.12500368717255475
0.05334825524641797
0.8165239018342145
0.8855549217977121
0.29060567726292186
0.7967699078508377
0.7826378725268917
0.11743085262110947
0.06662159527340243
0.9491202245001731
0.6667905053465081
0.9751511783161233
0.08802861881247331
0.841598767166323
0.5917272183539118
0.9636889114708668
0.8848236755220733
0.46059440750113034
0.6352470440041269
0.8271926152772722
0.5688464029121059
0.04388901361143528
0.454661858365093
0.9890709272178508
0.9268814114305512
0.9514036074747159
0.06777575738204744
0.9962253712099416
0.8588205853387056
0.9892310459599474
0.9725770569664491
0.6983096074132846
0.910243910590586
0.10167079903041747
0.02845435122085028
0.5515693406565244
0.21154592852372242
0.15860819432266238
0.9081625114276126
0.5921946444602492
0.9913537561250318
0.9040620495427908
0.1352061024138427
0.06959534768238633
0.870448220650599
0.03653083157830131
0.7094838224551159
0.920253922412041
0.973246939894229
0.9181818075395198
0.938939539476681
0.7744800098223581
0.7682541808814991
0.7886041219730167
0.6155986322915834
0.794960428756232
0.08548642358207353
0.5248888812093331
0.9304120484217139
0.9242859302086133
0.8623028747051417
0.9211665748801587
0.856183899494467
0.9199037790170788
0.6754585781497789
0.9975160211254602
0.039974258010473857
0.9194033384653055
0.5713056282109108
0.2048385900068453
0.01897201442664674
0.07319225449470733
0.8464611775983759
0.9228130898116536
0.02626012594557988
0.9535175361463115
0.05842526031032259
0.2620203008693446
0.05966463665787497
0.8316587519206209
0.4562123967059629
0.5106614040667956
0.07897477991732976
0.9866849881439884
0.8386090447367409
0.8172349895684321
0.9205732346355535
0.8130600464851019
0.9867098542656911
0.8590559994867664
0.9728620415302428
0.8237872576423875
0.9925839482823937
0.61136496570714
0.051843962832888245
0.9538716152101216
0.9804246998227596
0.8777457071974426
0.9496338344532282
0.08754090817440675
0.8026200342892675
0.9829573762673016
0.4937258635643752
0.9714915557928363
0.31526029947527834
0.7292888617772414
0.14957740753369872
0.054741625695454335
0.9536165640641495
0.9960292722639548
0.9825257305025168
0.10165699700356448
0.7766494889057395
0.8411980370930454
0.4699015740522656
0.23921877942227576
0.6816663618469154
0.24561568372017922
0.8009972356145474
0.7949097534620624
0.8368437176415977
0.6427598968256061
0.8302469308613531
0.890001612755514
0.023727246345291
0.06712130003270476
0.06265777573300597
0.046608263716572375
0.41409558754050113
0.6029659619013916
0.9381973901368486
0.8054276712872697
0.024660789215199957
0.03698717120706621
0.1691390229500137
0.9747222644102276
0.885251161987466
0.9477760301577407
0.2246515898526718
0.8838968704231326
0.07728281756019403
0.23962843646711374
0.793853240566478
0.7968037336321413
0.04261850319209463
0.13740757322254807
0.33985101454440736
0.8156619472150866
0.6468914168004527
0.748145209693676
0.5126314232584295
0.6950230171691434
0.9894981886614516
0.9145446811080078
0.9453396134286898
0.03054494384946954
0.028514896781305702
0.5074921489292789
0.7534465097929244
0.08829280044217327
0.8557525364382079
0.19784395218026918
0.8307586155981241
0.8313208449616529
0.9430434752794224
0.8606721880404933
0.7545265696820747
0.5937053741863138
0.7596088048743438
0.28396676872426097
0.06221780760587707
0.7817731715470978
0.0601892749736815
0.8745217193478179
0.9981423622484045
0.5312987813538095
0.9420009550062189
0.9127233294784423
0.7958730691790706
0.9015552981929627
0.9132777204727204
0.9121572039292238
0.741142932624308
0.2214507866861744
0.9395229225105903
0.893929352977237
0.1458888347996049
0.7210873517629119
0.8914494608653845
0.9047877938716062
0.8792669668529711
0.8442436531810938
0.9822078947152095
0.15086769152211027
0.8075337710700716
0.936851405589343
0.8869304766953636
0.8539090254558777
0.8887689315439804
0.7274467972704973
0.04131817265153859
0.4045332466338151
0.17481441848154738
0.05919294201652263
0.45346126042736656
0.9018733014053306
0.12118041497225458
0.11455309408452898
0.0774135390111316
0.7859531232183962
0.97179205637803
0.8321000527302715
0.8381725533961384
0.6666622135318072
0.21359959033388187
0.7407007766373244
0.9956285632933037
0.08807286655990441
0.9432882764361183
0.6940150462004793
0.6666272577640655
0.8342743757177733
0.05605597833910128
0.08455812967091969
0.9428825844614968
0.09139819857009207
0.9423866090166928
0.7872049368542422
0.5529113135339292
0.9177530782634136
0.9825176628574805
0.7648908199295131
0.9140302286528877
0.9341468899006246
0.027398553740651886
0.4045184846451521
0.8825163761293227
0.8896606386306574
0.774286816500124
0.9379769755550484
0.8746105734506169
0.984652043043166
0.7747168441748533
0.9290052773079416
0.11324400243643465
0.3550733737714255
0.9976789024842074
0.9885356907510161
0.9202205589826986
0.9542474735435658
0.09141106840876101
0.8420306633124905
0.9292842014514653
0.7503209589601073
0.09273088927965017
0.9265620231004006
0.9080544285894536
0.6896134223164092
0.9944265998045245
0.796170455168919
0.8939058909512749
0.9010798957934932
0.9476407088289838
0.14634492476762379
0.07481854130351445
0.9398618071522344
0.8512957796535428
