0.04896534074726437
0.016934521334274623
0.38236947396757986
0.18676269995103698
0.4636414306529667
0.07840438243691297
0.40762836438961025
0.4623847820416923
0.08294109425189834
0.11632067355656267
0.3877906714702743
0.7304586372872615
0.8633162588680973
0.6698417917430045
0.6232723093502128
0.6514383010700311
0.531145191291537
0.3360163506288804
0.019774221152389353
0.3518936012532725
0.40357185624376896
0.7349587106701428
0.05666702661050289
0.6471744708593976
0.4298994289935579
0.6437133679899423
0.5291601226222223
0.17103840656393
0.9929725497270399
0.1726105649149568
0.04104433825288381
0.161441637847895
0.6662805357260542
0.7865042826411452
0.5502856625123362
0.055007317817278606
0.5580236908371452
0.9271832350699507
0.33859522834329986
0.5241655377381668
0.4314481865711155
0.04615018485793193
0.29877304670135435
0.26276454074108935
0.3876344608959482
0.6536031134794248
0.5941064215834135
0.4280249084593921
0.12232282615556786
0.15284251922838663
0.6182459958809532
0.15061786493453205
0.3986685654231072
0.6667609986325373
0.24318899147798936
0.8043496629239635
0.10666734567685199
0.0519804718010414
0.4327313250670296
0.07649807192620323
0.7734256505759144
0.49510711458354484
0.2474255399179541
0.206280650936993
0.7309869678046139
0.016044947625397023
0.5515587050722737
0.1565202992262394
0.9850794150588542
0.16543123354389927
0.5132507587015145
0.20647135004271544
0.16636060054194501
0.6377843255873454
0.3260619839430849
0.03426436970338233
0.45142689053742685
0.521953393702761
0.6868217746977412
0.5495568933632445
0.34885681984615025
0.708699124514043
0.7721648089695734
0.5441655340021778
0.5471611167329781
0.35038094045984447
0.8924934606267749
0.2648708455486127
0.6544679748779921
0.7173856191045798
0.05689168172551716
0.09845837438163599
0.2547198364356178
0.7080955205691191
0.10950506547135382
0.1446841663345345
0.7970926243562583
0.29953254580646776
0.8228443163352441
0.5572613688180796
0.050585086776327254
0.11585779388392359
0.06178943076858709
0.5451250622117072
0.733742545727384
0.8266075772403942
0.7070352489722183
0.011352623181387862
0.7752229208935563
0.6439120718041825
0.3283976826682552
0.7386395145815958
0.5953373165201001
0.4545866559119004
0.019382966622916595
0.028813071865471128
0.8214010291828924
0.5910305539938809
0.2799436878701489
0.7573259673511034
0.3376675228869258
0.7082963833777117
0.4821529425961577
0.4538117057264133
0.8094602848921122
0.7021607439602825
0.12483961330050448
0.07354216960388739
0.5875874866026024
0.06825016895800892
0.40985825599306214
0.10110245162295109
0.18833484543990386
0.7223751364852541
0.03393299548750171
0.3020317614883945
0.6106806101309574
0.23491572499142904
0.7870090452926268
0.9464544607225585
0.1674566039779922
0.674983216703682
0.030289469526085213
0.9695639925466641
0.11898175985918187
0.0102704311922077
0.7468490390468274
0.6652317890310728
0.33998965483231247
0.09990271316032617
0.9178968547760535
0.15077543852307684
0.8556453595234363
0.42134081300687526
0.365954365013212
0.17515459076309076
0.004462522925329069
0.05940138152279351
0.8442181790763043
0.9264705237406905
0.14504242472190548
0.27100421884725934
0.3647567488457226
0.41888476785898054
0.9390992593800707
0.21354126065069
0.40796737247191656
0.12395132846433805
0.08641590170185204
0.20363292860599358
0.09970460691162769
0.03059013492642336
0.5212632933508836
0.5308080234199699
0.6876706587781642
0.6334218945695804
0.3779396928130896
0.38153934591762095
0.7525706104186609
0.4621874092822841
0.08310186134519285
0.07349453037364613
0.13520578081576068
0.8710749928456238
0.9675315814406347
0.23208008841175443
0.18448296203257752
0.7155692856432292
0.3672336104624471
0.23526645091777743
0.5239594617392115
0.46188772943514445
0.31224615693402713
0.30939700911210516
0.13881447044153888
0.7480751506270524
0.05859129963023686
0.0563511324447401
0.8610916391208409
0.021023097987192364
0.06302334185996955
0.9254115453293092
0.47204520565626445
0.07955676116775541
0.7065605918232001
0.01693499863029231
0.6667813586027708
0.11196594598938289
0.05441643779991383
0.1095324575154028
0.7379601818884878
0.038226053837592124
0.7334956620533559
0.52424772575507
0.8707560056538545
0.049510406176329666
0.4142449508690669
0.029099386049852672
0.015730537981669488
0.9957305281624689
0.04518089270784495
0.32849616655832947
0.03016115455360451
0.8717420448233669
0.16431461033830502
0.19514154384533255
0.5865776139177733
0.5052448407894626
0.7602492797502389
0.22152964979099354
0.5649950349832072
0.05029045670999201
0.46740369852236074
0.561182241309949
0.07348879297673869
0.33546347158437806
0.4203200000149365
0.16275817800981615
0.10129935932033149
0.7757881858124753
0.5194663315577195
0.08830765404647549
0.028707208141340687
0.047819872074664996
0.7220297131756113
0.46726960777195
0.9509364272762016
0.17760132592294753
0.7418380974472283
0.7378487203209505
0.5283705155354491
0.01358378750735119
0.5110062684652552
0.4023530237555749
0.22736474895861583
0.5093635727456187
0.8476895938976972
0.4546095988527974
0.6461359832632739
0.6989890033348092
0.23541027671643838
0.19212336533228824
0.02455297013650392
0.26072775867346104
0.03113502645768645
0.6332341882978575
0.22319774522030678
0.8414393039297805
0.15647023805576374
0.9730208111487872
0.7157707178605095
0.11755498407983678
0.3392464166336483
0.5763112932204281
0.45162243833363197
0.02376063516027776
0.4515090094152989
0.39818647807893914
0.03294775551768584
0.3396906882290598
0.3929897907254348
0.7358945897443251
0.24102629018262017
0.6440197752686616
0.6241524245470456
0.6201805833287373
0.7357210179135878
0.4853359698853255
0.8168695762981815
0.8628595313201451
0.17289002806431525
0.2106594946649974
0.1681790296103785
0.20232019543340218
0.8362961180000904
0.5971283692440159
0.7483857182612123
0.3708597713558548
0.8537744576890218
0.35346527154790897
