0.15078431434308393
0.9383452885143153
0.21773468414471464
0.1781223754575531
0.7630149044152246
0.3781483623941546
0.46549901169830044
0.8875478614877901
0.48567129715707114
0.742724133159987
0.83300245690012
0.8599816328169463
0.765672221807594
0.22412237918063183
0.963620688904796
0.7833826643267352
0.7230799458279207
0.9408769360709948
0.874499725696085
0.6251650299602081
0.5080571438480458
0.3054513019642566
0.15923200524834197
0.677314961835674
0.8029050368656173
0.08998378991693803
0.9751230083183651
0.09458393003557236
0.06860522408989102
0.6376032454809188
0.9029388497793113
0.9230314037726495
0.842745301273496
0.422105958297293
0.045269173293922986
0.18374282128124836
0.06260371536500904
0.9835849123910965
0.11074390117894227
0.7425645074901718
0.40037527701142006
0.12141628565736495
0.6823100771650659
0.6275676830587159
0.9756695520374122
0.9120835037561794
0.17753913433917665
0.9028714305456538
0.1277208871726367
0.8712712726705742
0.43201716661155
0.766091006003632
0.056352163317492286
0.3324699058071374
0.9791158932016568
0.07994317653837513
0.5590788251357632
0.7242643578547621
0.49542946763936313
0.93354229743637
0.11841211010490088
0.9393146325658108
0.08166435795934426
0.3882771278837031
0.8691761553827041
0.09636712122263413
0.7970171104419295
0.7826082569783603
0.14782663684796743
0.9657927205891592
0.7933507427916445
0.7422518264497249
0.15489882514168887
0.8756724137967793
0.08567054752106067
0.9701771317069778
0.891381104001961
0.7836029159227227
0.9571590463059709
0.860160391158034
0.5926711684237971
0.2609167600984497
0.13166392340387975
0.28703237497427037
0.8509792272631345
0.8254877873013937
0.7793886122530786
0.6055469356325318
0.21371188395565577
0.4517930646858762
0.669251269915173
0.14588535778617354
0.11407814026475036
0.26547475630100115
0.9353717453436561
0.5882358151889959
0.8830218538523968
0.10920362702246211
0.09245504051595194
0.08250876458283918
0.07088397272269359
0.8293956333453604
0.25032422788095693
0.661408435144522
0.1657138078702653
0.8098905815655377
0.8172703883075121
0.05410407196607646
0.26100024338900907
0.8165550097415807
0.9233597991052938
0.6732827081662591
0.8853599896731204
0.2833974205701384
0.7161396665851034
0.8904408949132426
0.8775293059232327
0.810796465277475
0.9344998046556106
0.23177725933710625
0.7646977076650856
0.4962803601785306
0.9404095495691152
0.04553952307507425
0.0949798709172479
0.3045989212503004
0.25890394384755755
0.12471472435077555
0.9990986843348222
0.906333285729083
0.8465983809182553
0.7530214308290277
0.0776888536132732
0.8587234634410292
0.23388775541376655
0.1385329634028586
0.1162472709339182
0.08337063770923858
0.9532998475359293
0.037495536878622795
0.4978975850958988
0.18745411034117204
0.14227322077185314
0.13586349382143922
0.7906915655701224
0.29525783649474807
0.2894616739958501
0.17965612455853625
0.12000749577464599
0.21235399395275695
0.0546199624983796
0.4554677279475362
0.18327012992565442
0.1506491925421575
0.9440632416334829
0.2612369824177144
0.6979985499080533
0.9343306657164484
0.9995018971027941
0.9495512669273862
0.10029915229228768
0.7395893106856489
0.3779017148394884
0.9695272566574318
0.6326781306063263
0.9169360881470343
0.5089842458738927
0.08137532019293076
0.7270020365938545
0.8057155891188424
0.8462504358649815
0.9663136682864006
0.05704193355987492
0.10936301496340282
0.9803387397008652
0.48097801397803025
0.25580088852886973
0.9837456293269395
0.3844156250798302
0.13704258715336387
0.9591830606212428
0.6772039354947039
0.0984822421701979
0.9484715556247908
0.9994527794959598
0.8758203342605146
0.8271607199263449
0.9890452881847978
0.6898080911960915
0.45585567752698203
0.3451558939258843
0.20727197408394685
0.7950685649949903
0.11325117692289105
0.451079060639449
0.9912863095115584
0.24304373861386597
0.12967475165929362
0.6469723058229796
0.9339768098511675
0.3822221897097602
0.7766486291408973
0.8343699168154772
0.21623979770520602
0.6433201739833037
0.7140038210542745
0.4600368467166025
0.1351134526998612
0.9064522146794922
0.5247863336791502
0.8821451753700981
0.9408115463142632
0.09399787012582264
0.5446897253149041
0.19474099870738024
0.23456817881037204
0.19734667744968282
0.23760692410932271
0.061196182353172125
0.597808228378076
0.2570617164748736
0.6448753665160716
0.1941047117381829
0.6804855397975026
0.10160484389518598
0.763200233456317
0.18404392268028352
0.21669817406559763
0.5355142565361197
0.0722174611300867
0.9027214613544133
0.655621142334613
0.6235207263523591
0.3605177048082242
0.3559097852788059
0.2149642023497987
0.3500344422058014
0.11506504131281463
0.39237152072483517
0.2888877089434356
0.9829433818493165
0.231399797216342
0.9504862731232346
0.14040943517295845
0.14122277445454934
0.396985236017771
0.2980611466117944
0.6939657823660529
0.7465953079499483
0.5612189025295604
0.8338438961108694
0.848563013502188
0.6841108531726661
0.9929431378879924
0.990435960128098
0.38090852224417127
0.8822893427758358
0.07172016142708888
0.7962141169479313
0.8368584928344812
0.6867658596468567
0.7669619398471581
0.12541474941422637
0.9935590074096217
0.5704546744043191
0.7434170506891435
0.9639167484785232
0.6093355970920997
0.7183763662633083
0.11386029226861352
0.9862063396734113
0.4358163306009235
0.3307357502169821
0.20634232325998492
0.2634111152158696
0.8396987953074682
0.754009587268224
0.7426305740163285
0.7473310740862231
0.2273214727927928
0.08637491748575929
0.6984573619475505
0.839819271899821
0.8072993119053994
0.6910857341967694
0.08398807784537562
0.10183528600450156
0.9842539348559407
0.671251453524526
0.986985257680187
0.9328465400089949
0.6926378161014506
0.7559934078158863
0.6570510086734469
0.8060659101725092
0.9972265967969169
0.9464058369278708
0.356015407609265
0.9943832891357296
0.9901034297487106
0.6801237269787443
0.934405843102303
0.6546106882099973
0.6531587886565386
0.4160977710749005
0.9051180001150196
0.13869998463319771
0.6823331346321357
0.9916424931822863
0.6800444350331356
0.08559446625203813
0.4869107269306755
0.11923509257913933
0.7218953226160446
0.6330544707515258
0.8606799488383235
0.24481864300336337
0.7458201449746771
0.2873238636499752
0.9555733238852833
0.9847067477863676
0.09144849385651715
0.04754875987546473
0.8816452892554965
0.5124194782557779
0.22456501601708462
0.8405051902912255
0.9170617990741129
0.13396032738903163
0.9636087747894331
0.9732009029941218
0.7438892943741542
0.964960377413939
0.5875510108101444
0.1280772978587842
0.8998434647960005
0.7587525146950946
0.8747290497950568
0.23033838647721042
0.5554366142574629
0.2165627298508967
0.6526909603754576
0.447875628008883
0.747266605766185
0.7157714899984196
0.7962551299495548
0.8034097782191947
0.08673300823829924
0.6062271558036436
0.8832301613602076
0.9631656221309233
0.777840003428457
0.7391934682759946
0.11593892569664095
0.3116399828222848
0.9344412826986503
0.0880978718811241
0.22287754806848414
0.7087791630921519
0.9096438497037547
0.600786283875245
0.3609372773781543
0.9504872405487721
0.8671354271021945
0.11432637935940364
0.9501543575588972
0.8926840820207674
0.04851346738686529
0.9014895859244805
0.2732259166867131
0.9971519106576279
0.9044555070190223
0.9396079019202805
0.6537131761936132
0.4424792993718406
0.6393153533174168
0.7456910317823009
0.7411092809217419
0.1492945347749409
0.5699483154591061
0.08109646448469127
0.7305836355101083
0.9593330966082261
0.599842048169514
0.262336743686667
0.7813603480654345
0.6549376313180856
0.4053940807845365
0.6344980129473373
0.8733174904590347
0.314363880057858
0.961681957645333
0.6137617038014742
0.25805347733658984
0.4821419192652388
0.855597647701489
0.8160212383629979
0.16328786603045198
0.5124840691874883
0.8729179400251421
0.7070492482664011
0.9157797370180571
0.9756073247523229
0.9996519652110372
0.31332177716395804
0.9758642861117923
0.9085406485559122
0.9868278462448228
0.28917654643424817
0.6819565512188227
0.8343713317975745
0.5896495654981752
0.34863562458843983
0.08027762347217599
0.7334273140037688
0.9667892228827666
0.7406334461726669
0.487043004272838
0.5327959542154985
0.3548298093662752
0.7025611113473078
0.7804289697378197
0.17820948160773642
0.6265406909558052
0.7264077051472114
0.9442341947736943
0.5174456177844169
0.09679900238239515
0.09873354171423765
0.909885323883024
0.709919645948394
0.9262371432251879
0.8848264788956235
0.7464539431489422
0.9933108334029672
0.9032822110361182
0.8558111936484731
0.1809549810855455
0.3116948166622471
0.7321985549910778
0.7030137253387196
0.7300638229284853
0.21047660894173043
0.3538812228073354
0.9825544155033772
0.7463542478421836
0.9557857794181357
0.44850940932872646
0.19197352612235735
0.8592869958659328
0.5145734741045653
0.7964816458314041
0.8661943867160269
0.5836001693190853
0.8581083514811243
0.4379193421332762
0.7147218728137934
0.9401825070012615
0.22512246812771897
0.3106304845446202
0.8638959394883653
0.7391138589794071
0.1721231782518239
0.1507651158026052
0.8364665512067868
0.34658402156935286
0.6434258757215514
0.9288593543446728
0.4450294319248743
0.9396471798224086
0.06879774048454124
0.768966222063797
0.6887312245422916
0.9768321357803027
0.6614136641583085
0.7014772632644202
0.059433503114532674
0.9047698390903388
0.8326967991209169
0.7488179366690286
0.8910660955786891
0.08621882687708608
0.36282588001005767
0.7546477415000831
0.7648294260521212
0.9982716837970804
0.5100651107132596
0.9607827576492954
0.6727065430551584
0.9632409883802062
0.34695757244049624
0.48673264408225836
0.07378970357425146
0.7515207696539399
0.9588208913025369
0.8052949742190751
0.8434894782182647
0.16255400853813456
0.8800311301789658
0.633152942926752
0.14488600643447397
0.9197769676731671
0.3250453826422355
0.709697172614622
0.5028344591189253
0.7179784523249018
0.8096982747464048
0.8119982296089521
0.49703575423368695
0.9843713444446545
0.15263931926681368
0.8834718032008297
0.22257490789448992
0.384117730789836
0.04939754219329192
0.3549053293427646
0.9550893176386419
0.8672662622412519
0.7631263589819701
0.12310140658055783
0.11902397916104411
0.9557624937367065
0.8495881423206111
0.054621702376072556
0.17397221493354867
0.5099238846107932
0.501033218069021
0.7372094835521485
0.9605726245378334
0.9916329170096156
0.9526013504858676
0.9313110130715625
0.22060602808634178
0.8979855248750481
0.07897266370487491
0.38798988002444235
0.07484326047710407
0.8492575214704461
0.22412008669292746
0.9873308170180031
0.834371966985002
0.0634098878483739
0.8480403950278969
0.8247032790864626
0.5299858867419701
0.7898957667251327
0.6330312078106075
0.793350143682181
0.9593863840338643
0.3221334117924674
0.7982819186068473
0.90747924052601
0.22486492172481398
0.1568784988921112
0.08040819593981363
0.15659486489252306
0.7887970710462358
0.9606347032479492
0.9649566413699079
0.6296590244250164
0.7941435939399559
0.9785380242762116
0.11063949494954137
0.9858365755807387
0.445235497942339
0.6090158015262115
0.9187839549198803
0.32612400114707946
0.7694491024568031
0.8473552402163103
0.43710691096076115
0.8543371363411383
0.16154069661901405
0.7179889517648977
0.11580820482692153
0.08792018271175565
0.06607636908905042
0.8827559189630311
0.05556161681137599
0.13992790768232266
0.5269223281231079
0.1633409223480518
0.09233681093653973
0.5228440225564903
0.030512813201036923
0.19087222022479838
0.7228482339752811
0.8153567895883482
0.06328720090785599
0.8867640311929454
0.7961603133746203
0.5833705557428317
0.7339305206754466
0.9793490406343094
0.36524527388962535
0.988563843071071
0.6541420115834966
0.24064716201386926
0.2240775893148457
0.2993445050340297
0.3340981489037845
0.8131242132098108
0.6382715061995272
0.5729863090100626
0.9965462153430475
0.9144668213281893
0.8684858585588608
0.08888886523550804
0.2824876971139817
0.9937736945568294
0.07280809498963067
0.10574524102957406
0.9055120849910532
0.19658677339339398
0.6939013438271926
0.8152409850252089
0.2267269791008259
0.06465096428172688
0.4007878549264157
0.33636312457722733
0.8577685566534298
0.24667137765620764
0.9391088262980407
0.19948571432124101
0.9860891512256155
0.8338819458489444
0.8974512840173995
0.7434060914195744
0.0654560905317193
0.6501268286737676
0.8315373902739382
0.5466460913902087
0.19255861005488722
0.9958000697062618
0.6931796687999754
0.6079743083380889
0.6541984601878613
0.12832740502445142
0.7354596858550342
0.350422393674971
0.1257869796624917
0.9748652380568885
0.8604767810616516
0.2464098111459002
0.8150789445109705
0.055296257358060125
0.925601239170534
0.9563155289890337
0.9157524105890835
0.06657231954014106
0.9827644294961667
0.7728515625599568
0.2832547414328168
0.9111507676057651
0.6818415726408584
0.3748180352695844
0.6623972167325134
0.839168957764368
0.7869356670299734
0.9880289688806045
0.6072179979236776
0.11116266561986854
0.9911513029078474
0.5509285355344895
0.2729414295625305
0.15372817453149976
0.5398540290355459
0.8976996680226433
0.784163298073628
0.9484331271448839
0.9615460321730733
0.14221467054809184
0.919724740748552
0.5734310183650371
0.1388019971108745
0.14850363542270803
0.9335336424565079
0.9921573889770727
0.7663839825304092
0.5435587064249603
0.48099383210440627
0.16108297547485237
0.08179455737999244
0.09180442928760289
0.09209603062545496
0.8175664663886635
0.01877028842169329
0.7659102965661232
0.080484659388705
0.22016192434798992
0.8494986794217328
0.5921140374087389
0.9110261119669305
0.9698844266265475
0.951180221816937
0.1073241357281456
0.9612346781896662
0.6814891660161284
0.8431665180188578
0.14141696108627483
0.9891297922188784
0.7360210386777334
0.729394405567672
0.24593487101426312
0.8857614994437055
0.3768584505458579
0.9991404715808163
0.9268205848851414
0.9852367821469676
0.28446784676434733
0.8693079939370454
0.7786777451748583
0.9836952770614323
0.8642627741592517
0.48056415542090913
0.7366569743957105
0.5638711160648144
0.10777275650881081
0.08286999211763638
0.985582802186189
0.5316087921103163
0.7460460575888274
0.9539235695376829
0.41942443521441974
0.8829512817798252
0.9884191695064918
0.88274670191329
0.88643070364314
0.24405012527176
0.14612839119351728
0.15196382915804824
0.22621097382264183
0.45485886439776585
0.555004926852412
0.5660033167345682
0.48856830472039803
0.4509611863568391
0.8988828513001547
0.6718634459694397
0.18650007585449788
0.18095649963318694
0.3848066507704036
0.7623272318779913
0.030600049387727646
0.4883230202427278
0.6392862875191656
0.8868846823685756
0.8033378402210897
0.7134590455188975
0.2943942763305746
0.8107125569916289
0.9030682438078871
0.11353444456957304
0.6511430836737577
0.2981401512164089
0.9217777248288477
0.8887778004338667
0.12800522856595933
0.6344150634697194
0.06511792697537205
0.9055011995879556
0.6173830318995914
0.8058099656527249
0.9054085691213054
0.9465527257847846
0.8940313187664413
0.49093698659609175
0.7341033782034834
0.9055434653111194
0.2344733795310049
0.6957041109992648
0.8365248785314329
0.259704344560934
0.6174216447397654
0.9132250025472026
0.5823599310081015
0.17547020338476393
0.12171674790660778
0.9603098481489976
0.7655255727797307
0.1213238669045166
0.8585092519197199
0.06013884140314482
0.12022718460081268
0.8563557627784062
0.7679386870311367
0.7871995873849915
0.053598939336604846
0.8445479493473891
0.8522267765125567
0.9562642375923194
0.09505231761269689
0.1892064212307683
0.7645650312391765
0.10495668183633294
0.9652699466521424
0.8894497466085557
0.7657894791453684
0.5765715263138474
0.9490002903974651
0.8000513326761226
0.8707523565434204
0.41151794043364387
0.8483430690378554
0.8265490867276675
0.9754253547401783
0.9768304668350853
0.662415788398228
0.5728599709894294
0.7481252980208677
0.8975948304765389
0.4771940047581369
0.5519032955461806
0.7677452780574385
0.8091270756263045
0.7805070502151747
0.8308948051748333
0.12045181333528304
0.3237589105158395
0.4771367120628661
0.34751041158801865
0.1427982377775075
0.1738423659834692
0.22740292189794048
0.5799925956066907
0.46618338265179377
0.09563224662724053
0.7557130937278725
0.9883076434682813
0.884346604598742
0.339275134504747
0.844640997833692
0.5444293412645012
0.021385085080489204
0.9723920801105677
0.7105918404503463
0.7531680500718567
0.9564541244830089
0.8312704161230768
0.3366391588415738
0.9666209083738662
0.811208349395
0.2713900196474371
0.9100803628823397
0.6917714761960463
0.9482227133082277
0.37993355618354135
0.831572053608728
0.8221853488422699
0.25095468063766735
0.9076850718658773
0.2817238206176699
0.4183557293236764
0.11792934178918255
0.6173290035733626
0.9095610845432991
0.1281573549963096
0.932294198636519
0.8152348201412405
0.979845553585196
0.6626225377384233
0.677710279046063
0.7947382503662301
0.15620233990283036
0.11966974606833969
0.953565384646232
0.9301688108162423
0.22696969310336051
0.9978769485553125
0.7152001524996908
0.6261073770901481
0.8446332227391523
0.7269350429375624
0.5657816276789719
0.5432839692397756
0.7185076119323135
0.862134872339394
0.06709922878908761
0.9973959467500122
0.7176652100364116
0.08766362987100494
0.8939771821859852
0.8406380804577851
0.055473481498219596
0.6324194798912116
0.4755423429092631
0.10201150769638627
0.35485281946537484
0.13199761240902166
0.689873407939076
0.5455154625005315
0.8716742761115328
0.981548915223889
0.838582957741441
0.5632336591802225
0.2096927610610209
0.9627056632349152
0.10623825773532558
0.9423149587031825
0.9798040554315288
0.09593524353842132
0.11800313184041905
0.4052920899506718
0.5232813034773555
0.15879195166471968
0.48917759108739656
0.5329984577571621
0.6515433824165506
0.9979694272557028
0.9521853894333844
0.8884138774564022
0.9709128516106916
0.9988351285226256
0.7582691809414952
0.9226290823373258
0.42646849047557034
0.25979112344936045
0.5753723217488589
0.19784620332652947
0.2137013402695922
0.8942959792302676
0.20169698890180496
0.09032889143312618
0.8140055393927412
0.3782009231274974
0.6371189198660558
0.1423392295983105
0.5854208809181247
0.9601132605067384
0.658630712026107
0.9418648315153278
0.04607371629130808
0.7277358192414008
0.2646033643505521
0.88312108150797
0.9844614354789463
0.36682491469460293
0.32049073685473345
0.48803245350462215
0.661419539540783
0.7216751093276248
0.9721028510725984
0.06856352733900627
0.7646420958720934
0.915863455763527
0.10305412634575493
0.8275989256267813
0.23752671086210225
0.9395149123046795
0.9923805911980303
0.05563003826982656
0.09806562045478079
0.9559092937453668
0.04774351246357405
0.20034423136072138
0.18624129344963575
0.7948911570408901
0.2748905390106883
0.18385886019617628
0.0559901428097595
0.20024907651838514
0.1082487215169671
0.901933034528307
0.6461783720537866
0.37811381628006535
0.5422251965703586
0.1529556374442536
0.04257960069793068
0.11065706740568194
0.08676260715868965
0.6677467824755501
0.04367383219796082
0.1695910799083219
0.05573268653876459
0.7312148816671286
0.2930346898629484
0.04267829662204904
0.7223152701007907
0.6546109464936078
0.10864660588824494
0.6893880374436234
0.9120390261988842
0.7415385597153479
0.8338474589585234
0.167772709658699
0.7256615757466132
0.49296313377023354
0.8690491138826852
0.1585038843498764
0.47242544815851123
0.8099047175086381
0.8820427472154235
0.13099440721692818
0.3190119545377177
0.7770873128435758
0.11566769914673318
0.9085452088658177
0.7666116642717905
0.20952157126060067
0.8862478069641523
