0.2654766715543331
0.995940025724076
0.7652190173609644
0.6406394192487295
0.8995604477166745
0.9330915016248242
0.9146543884665337
0.6700208974583202
0.9455191275037435
0.9718670639539834
0.6921408551334063
0.9453891459110014
0.8196666431967176
0.9852317479774988
0.6478631605744261
0.991831682525403
0.9672773314249994
0.7733580607130471
0.842469703562457
0.8344514568449624
0.8201960835947602
0.8503778345266533
0.9476518345027356
0.6747097551118264
0.6592258200722321
0.553266489634952
0.6892340036272159
0.9142454601652092
0.690736958012055
0.9531755855604296
0.8772972970957932
0.9192338927600212
0.9374473709776137
0.8179046358719062
0.9324346780955332
0.9778280106241387
0.9555079036349226
0.7539889758626561
0.0741475998120645
0.0303805987280618
0.32203998809487316
0.6496491973710723
0.9651949651322326
0.7769093218089934
0.8454296070419314
0.9535082975788229
0.907388052335836
0.9090437042763753
0.997862767602129
0.5520692385642305
0.14286923435436683
0.7896912014473876
0.09351316583502363
0.9236757079106561
0.9727859114791062
0.1553617762871453
0.1425857867237929
0.2060050191331278
0.9902805973478188
0.15505221379409642
0.7588078455600156
0.9526503023877086
0.7673491814650522
0.5167230792041546
0.600191640754173
0.04536014468500442
0.8349665713966969
0.7149201551647386
0.03891471151092259
0.3184320129375917
0.9918485107023796
0.7706210090285741
0.8475849730742273
0.7435048149661048
0.650699170314597
0.9191594967559045
0.14764162277918802
0.773437408873336
0.8560524027181393
0.7797171773069236
0.8555258341666478
0.545805025409103
0.941521468852443
0.8105093425787466
0.7725669861733652
0.8011948562023963
0.9968273954181562
0.34335131858324675
0.7470161285427628
0.7631905892134652
0.13593796479013553
0.8325372880660861
0.9270405761235956
0.8578060449785083
0.8650867490349057
0.9378258625115183
0.9363530021089701
0.9333107129852991
0.1461261815472087
0.9296147994305102
0.9924851260234124
0.3979736840604895
0.35569844814718005
0.1677929089072905
0.5383776246109192
0.9704265188819421
0.0846778977308291
0.946822446630406
0.7922699547992182
0.9080758101360733
0.9425214762325168
0.4179722164201969
0.9679984109933868
0.8704748810968064
0.7046325980062385
0.9253628027178817
0.8420715213698632
0.7463588820259242
0.2935026151893685
0.7675027589040653
0.8264269451315525
0.6553747848055682
0.8951554282958656
0.974374314569848
0.7737650816000308
0.9357222441163505
0.994182969453039
0.9239267972728691
0.9450609945497885
0.11870849239251338
0.8768783235483484
0.8352186457542474
0.9602379037031226
0.23666216062953815
0.9214113731450433
0.1708504686513918
0.14589559007873026
0.14900877764431647
0.7865750491963215
0.6069542861800179
0.7048429663119251
0.06446559283800518
0.971273863829343
0.910452286699541
0.8848256893170197
0.7787812107534551
0.9271208199773391
0.9519077781211329
0.8197307661444857
0.06579025969352308
0.4708356197964324
0.8699935858217414
0.06765366232478819
0.8528131737971703
0.8994814826579618
0.8648671618007036
0.9286674993496525
0.9217455330747553
0.8595330526634873
0.9781417711187826
0.9441600413003475
0.9660413463122385
0.5139533264273611
0.9000959900794769
0.9151185526758061
0.6695456784476808
0.8352952591586893
0.7249736983547841
0.41300397238313685
0.8855457337426913
0.13243427074998868
0.8536025485653096
0.9690394174337409
0.7535403733846064
0.7104282123925457
0.7002927283533075
0.9346173965468736
0.1789282455996684
0.8831057725012942
0.8303589162836111
0.982220637377492
0.9998136132683497
0.3813754902497191
0.9601388694406583
0.9536356121557095
0.08775604265664694
0.2581126735087861
0.9406266446760665
0.7509495862146447
0.10614459766712957
0.6508402538345534
0.8286106978431607
0.7565848397701496
0.6849708578789215
0.7308126374635568
0.9104023423894898
0.21951138746276602
0.8173216010883783
0.8419517992594783
0.8580879027013897
0.8560620336295262
0.8735243640177173
0.6514042287948307
0.0665251318769331
0.902112362359611
0.8660399657925684
0.24566397315978084
0.8223370157788524
0.3977770020329069
0.6138093945536263
0.8181216487107035
0.8572699013233487
0.8612028983056087
0.1755269985700072
0.8816326991011721
0.6548381484848617
0.06129564632062934
0.7449468746664618
0.9165713176540631
0.6085160260038708
0.7862060565480302
0.9967393192062417
0.6684046059364142
0.07046704177335525
0.5538097885642843
0.8222509899824408
0.8837315568731342
0.8875463877197312
0.7297423042013473
0.879618944910358
0.909529791966035
0.2664252047224259
0.7941597208057039
0.9387539575111044
0.8607088753632446
0.05390596140508053
0.9040714778192638
0.3203025164336586
0.9537215352975779
0.8469832457111371
0.5063913722236207
0.8588116863147003
0.3484735150872844
0.9938577053308708
0.6788789671925343
0.8646186167287251
0.8484217915096399
0.9765262297734151
0.8739930667875888
0.9618340674115671
0.955436847442409
0.882003582014256
0.7919395135194018
0.96327413822485
0.9231886758774688
0.7300811284103896
0.6355056820561158
0.7492761563038983
0.21487570001955386
0.6465055979255143
0.1333566712802475
0.6616393832601719
0.9905731521321683
0.7902385159994693
0.7560536206851926
0.9360023622723923
0.7045677500752843
0.9301809919285114
0.8512821667428057
0.1374556681642737
0.9796635731855632
0.12143025791032344
0.2266187265131464
0.8093023886809783
0.1673755755256834
0.9082354407874249
0.9540457185804907
0.8411123672663111
0.22849439228610416
0.6717288390583601
0.9897573121586241
0.757350260384194
0.24148407917581133
0.9575450842585373
0.8728599258298031
0.05375420666626947
0.819645886895783
0.9087283181313411
0.15181363934236677
0.976529289890436
0.12282344759093503
0.5902077912374
0.6473875511085522
0.0731628220700955
0.3881129840608806
0.9408903607083106
0.6372010038039245
0.9910336573117735
0.3398118527154504
0.17145269261475424
0.8740772907282469
0.3032709573590834
0.9549421359006304
0.7064673185694778
0.9041830625299081
0.8535221476513
0.904344345832381
0.8200362329138895
0.7896472755766814
0.8337254415483178
0.9595757473045848
0.6912428691037897
0.0906644426343817
0.9067102062346506
0.035543841539848145
0.46678260318880255
0.5444038363574185
0.0800242860507669
0.10015769613106928
0.994004289661391
0.9362253397939074
0.9537431817122992
0.8651065711241176
0.8872043633628063
0.911865151846052
0.6542732291482617
0.6174898113694581
0.0931085475612474
0.9842960262626689
0.5884616941958544
0.5200782318857757
0.8556241925969723
0.7534303721928697
0.8599633841239797
0.7336314593915388
0.9269829467952779
0.6730173192957409
0.19505815806559917
0.09379345329133633
0.867401153610877
0.42122685171152796
0.1894486864081419
0.5621697279044411
0.9778085418460822
0.6780475477576927
0.5122402817823243
0.12589232277177337
0.948715837281709
0.9471074379277569
0.8305651946570356
0.9952370275139957
0.9713425034680216
0.8609787900113133
0.67586568304568
0.8493353283404435
0.8407024438371677
0.968317467000706
0.32481682517222
0.843769960828674
0.7341046058822394
0.812146644399651
0.8105922656936351
0.9715611786161542
0.08034816997289496
0.8069611738256772
0.6818888184813652
0.12852951101665105
0.8796383167306515
0.24377146376381081
0.9289381893572523
0.7696473691173028
0.9641443305153017
0.9858074408795382
0.03982785931124216
0.6971010071733784
0.8408327626568918
0.8558319523994632
0.13115121948007136
0.8996631980686661
0.9388019261826959
0.8594600103700598
0.11798531644997644
0.9698203907154428
0.9996959307105171
0.8243752684418111
0.8497356637422891
0.8568805523314749
0.8526993242993162
0.10397869894506324
0.979083890771624
0.9809963382459868
0.9950435661832264
0.10034133066595582
0.11890362046952005
0.892530402508959
0.8460314751857956
0.8798881574682622
0.9251376841590657
0.5959273239268726
0.6598058104205716
0.19307213843115564
0.8512121120807219
0.809860006014667
0.9583746181354724
0.8550113337395759
0.9542124420707896
0.7886715286313737
0.9674604439331591
0.21176855847790596
0.9959460579239272
0.9036089904410464
0.9363654480101662
0.9869023723027534
0.8413040337768001
0.9991140546647446
0.6061202566280935
0.7704462146574885
0.7174995669393593
0.7596107984689723
0.4422676820169733
0.27088115941183544
0.8237966545482275
0.9208081855802861
0.8132499655542783
0.7196599187474888
0.8986656793967909
0.8493462690627227
0.8827096353295554
0.9253669120101907
0.9912652000829364
0.7811441713221754
0.058091586497587916
0.9549342529936945
0.7185148826551672
0.6218438814820401
0.9438874698780417
0.12288219615131507
0.9793291606461059
0.981706968292428
0.1049471453327485
0.8771297595831982
0.684047639846334
0.4006363255281077
0.7787275188290306
0.9376830353142698
0.9289259896872395
0.20087114363166045
0.6734320740524926
0.729410889807055
0.18278827337775153
0.9883483404096032
0.6916389655214367
0.7839049190872311
0.7799188169783633
0.61586765064587
0.9950490733040469
0.9083749918098445
0.05222602164449115
0.6014573689923897
0.9898737667853774
0.08696202420234686
0.8658028111371059
0.7390820511598254
0.7545943805828809
0.23952442396397688
0.6342922419918876
0.9177291297146845
0.6872277195159154
0.6787400503098984
0.9210774356532732
0.7313072722716978
0.7583629114517534
0.46628114943912313
0.6928718397733413
0.9454536037277743
0.8662454889106816
0.9225446613797847
0.9264230344138336
0.9708059245162601
0.03699094183521438
0.7809097760320503
0.9478279945025296
0.5738546373362078
0.6802039077093327
0.3036095713868153
0.2746819378657094
0.5341068667787771
0.6400121349053416
0.9631529385387703
0.9166559226244799
0.8674362688946746
0.12512876375651333
0.8449469882447368
0.9401492786179441
0.9617945458236619
0.032945254015547744
0.9546408693491493
0.08910104260563825
0.8232506100664712
0.11756370598389304
0.6959229808239143
0.8996328516316545
0.9205729848936106
0.8276063347786786
0.21425598972068532
0.15247211678167583
0.9855888599917173
0.8132687527651741
0.41032666255512223
0.9510419526869336
0.9349850131790691
0.16830326629768405
0.7711921890455942
0.08783217928800884
0.854499408982408
0.9870216262831399
0.9536491879037404
0.854201486459302
0.8775189675841635
0.9261794832147989
0.2053512595456434
0.908340606715404
0.9629442635644638
0.9312695109413667
0.947486365657511
0.8462492329130229
0.24530243927816403
0.14985928130592802
0.9523507039677243
0.5220327057822984
0.17782329557544468
0.8922630807275862
0.662644936470902
0.8827863988974272
0.7773818978749618
0.9386210571678226
0.1013026329387097
0.8474208672470906
0.6266144505417601
0.08725087918316672
0.8344761140531797
0.7026969065470599
0.12483114266607478
0.9244964024449915
0.8496826821595826
0.8429981359665472
0.8986178511856134
0.19855223316171378
0.7051297281343358
0.8022351147076461
0.8881028690293482
0.8994445118412928
0.9914779207955255
0.9554737939289297
0.9366684953969531
0.9876473770773181
0.9872830264185037
0.8058608714463973
0.9699724769170635
0.9650223991387912
0.04059770744581616
0.7671947119165803
0.9402179276186695
0.03958532315646643
0.9622258993241675
0.5294143041833645
0.9265432513859598
0.9662238508242782
0.10262812750245986
0.820698861650938
0.13921843561888989
0.9259379100627725
0.9578702667413616
0.8839352616188795
0.9325126469265457
0.919036276774243
0.732766039849055
0.10817861446551914
0.17214022486647085
0.8787334744749313
0.7996587456504942
0.9857480674917452
0.919511741631323
0.8856326482151755
0.8756573895244134
0.8120554024569042
0.9421329673043428
0.2583179069444359
0.6055981262544212
0.6545950155037505
0.27847231154579666
0.9754883766019811
0.17932796696058845
0.7516327737065399
0.7200744929205664
0.8748294769225615
0.8663352542365854
0.9475509091902934
0.14483802033471516
0.8439034069719527
0.8813917458214637
0.967114946543633
0.8184294927742932
0.6047566833492211
0.790200108909791
0.31872057254144276
0.9103409025128077
0.6455955700287266
0.9049175322579264
0.879500336677157
0.891616620029549
0.2469578390268482
0.8774168499915709
0.9313283347390515
0.15373051207582855
0.7970887416796659
0.9963032495811313
0.8974096310062849
0.9208834953442144
0.7409983886686785
0.9753620065280562
0.2391563175398672
0.9781224954664473
0.8825685450777065
0.9523482331314878
0.7034577380324707
0.2549108946630599
0.024884379236711135
0.7270938675429748
0.8524936292140619
0.2950412902341262
0.9655834049068992
0.8165347951394096
0.8196454151795902
0.8019668025347253
0.6878913849374586
0.9677170893450584
0.3430938112893545
0.25112073481339126
0.9868088496206299
0.9826528658712514
0.9995090589105535
0.9997753694222993
0.7827286274014856
0.38909649850518746
0.7387667870159161
0.5189200143942088
0.937305126346057
0.796320927071968
0.9460741716207486
0.8156398004870425
0.9227954668302502
0.06314707815552792
0.7358408459031796
0.8559586034998334
0.8597628516795334
0.8235077968739766
0.8535164266795698
0.29716257900425347
0.8219410092627752
0.5118165249562249
0.42317693676963997
0.2741187896003658
0.9690014239890147
0.993332814223939
0.771900676185605
0.8784146907369441
0.6424221271917765
0.8386683377347262
0.05275133164809963
0.07523008277900514
0.9967100604465275
0.7739980796744101
0.8480738645701411
0.41267195986805827
0.6632460023890182
0.6379832911651804
0.7157016702779952
0.846987856324054
0.9211466472389229
0.8835602894990604
0.9093473590918009
0.7736381380275107
0.9863780757870104
0.8078759947666925
0.895197530087402
0.948002796461123
0.7589766778873647
0.9056915392107483
0.995802029246667
0.9997587326059829
0.9376820017506605
0.8367977367789838
0.7569977546381707
0.8025319702194293
0.9219022734363599
0.2556122586600844
0.8990863973258318
0.9221383752583303
0.9021499818674721
0.9543732918156747
0.9707106098636368
0.7290534643479323
0.8408905721460481
0.9690964672340078
0.20891938043540148
0.8481848986529088
0.6015511955076212
0.7586447732273325
0.8797587697443892
0.8497995053507337
0.9761134934010068
0.8366275687872404
0.9256752064939109
0.9997021580062528
0.0831077308227001
0.8870235630342856
0.9265728431581186
0.9484761218543319
0.09139103983931574
0.22611097933413188
0.9810063276602856
0.9048383929390693
0.8873176874155055
0.849009752094199
0.7911305728270175
0.8897024454579877
0.914644268863264
0.8642437473522585
0.244867987980915
0.9407948662788808
0.9508453666183856
0.12703926987832886
0.8373081413359063
0.9248857725160702
0.7031355506731034
0.8728083474654795
0.9428256686899176
0.7528536329274846
0.977597217281009
0.1294966417190935
0.3923253342384194
0.04049678986312788
0.9207099585211962
0.6246431547370062
0.9075278417810231
0.2602349687506046
0.9415890235822785
0.3816622925687028
0.9562130259583403
0.9687999900803201
0.8761189920580232
0.9531610751419713
0.2289344361462513
0.9535976012541605
0.7993308294437221
0.84078232103705
0.7341399847948863
0.886074535730013
0.9179052346772394
0.8675352158475552
0.16840245363231468
0.8573250500124103
0.8277561979882703
0.996263143197889
0.8269700222590999
0.8492278117388671
0.8010609814568233
0.857417631892079
0.6476456310916107
0.7917445698733319
0.9917185039392062
0.6414173525889357
0.9917377810744245
0.9920722336622473
0.9367848998852397
0.9844300241426902
0.9966196922038566
0.8779423823316224
0.9329436273014668
0.7065968576420876
0.9234927150991267
0.8132819565345348
0.9560481944174721
0.12839896869680287
0.8747653872540372
0.8037805659422284
0.5957543542552151
0.9945840636341411
0.27212291314152093
0.8523679096737659
0.9190804500682106
0.8135322477785902
0.12386965992922397
0.1561248690479829
0.032113226784974476
0.9008118671656242
0.32073091369156814
0.8792141960467783
0.8019483050173333
0.1639618931337683
0.905394704169101
0.8544421697718299
0.06123139943607205
0.9209352529289929
0.7451170841632404
0.8452450462273023
0.8961732453438405
0.4688240899309782
0.7057869584252546
0.9902220496732204
0.1881195430403138
0.7148711070813649
0.898366900905061
0.9700537866267409
0.9904705804203762
0.857178688161583
0.5217049082695688
0.6031827977884869
0.9880914639116772
0.2902376447998878
0.6051358460403153
0.839851545079159
0.7326426220019908
0.9404210182980706
0.9689962174612107
0.3358884100662899
0.8913541011791463
0.9655635405544787
0.9536771502814275
0.13418827496959773
0.9921351478401523
0.9128717652382204
0.01787867993102866
0.9259557986526941
0.13657160663744183
0.912694331550802
0.5861686716757056
0.9700874240121861
0.04731334964899224
0.7991255249620555
0.8231649864517365
0.7221223092414295
0.9357188130178257
0.6879514292033709
0.9170665184441398
0.702512952797056
0.6889474382637415
0.7605898242278534
0.2205722910576714
0.05834822544460405
0.8598264487838052
0.2293823782435644
0.8259218118642049
0.7012848367020998
0.21200998681672428
0.9480091718740564
0.9080557638984816
0.7927740512049213
0.15391998338571675
0.2650051005376505
0.2782113519292057
0.25617905132789787
0.9499859827631507
0.7730277993247108
0.1414195601336859
0.7959802296151839
0.45842374036539946
0.8606422628337806
0.9863059026671086
0.9750113751193981
0.7242799557539372
0.3193695784613052
0.8989909131594265
0.8781232186099859
0.770914348905746
0.29894482252605087
0.8875319875130631
0.9746206318630496
0.7479557186575659
0.8235890648509266
0.7467279998560851
0.2582599682680396
0.7274886367580182
0.9736090622271922
0.6290871088889274
0.1583405362222431
0.09973424004319345
0.953042934077869
0.13451819113226815
0.08858253621398865
0.770123764731049
0.9583280347218273
0.12645349711048212
0.18682674013075015
0.8691308403117313
0.9901251315041499
0.11475537972916838
0.9548960750426456
0.9325627225787712
0.10779224020593832
0.45870628811675246
0.8982314756730765
0.7849064243021309
0.653557016817877
0.9915867979210591
0.7328103891125289
0.16193994175689025
0.06751519752220442
0.8973077488847143
0.132237333327831
0.9705812774467351
0.8357358347054797
0.165509472155895
0.9775546433505753
0.94283186527403
0.9103022508027403
0.9588880408706315
0.8685856725157304
0.9236565978641025
0.1943088287805103
0.955049860147962
0.6287470333323769
0.9840644386480208
0.7989874663626944
0.7345380520174939
0.07040091117103646
0.6000695392097917
0.900466692099376
0.9780503983159452
0.7420902089114344
0.9805389481331298
0.1011359708497713
0.7820260399296141
0.9482234859045038
0.06498586656660053
0.799904907167536
0.18338313034968717
0.2496158385748563
0.9759273113302221
0.8019103968340227
0.9805200293867182
0.8941000731550979
0.9902461159304349
0.7822577594954534
0.06718586874340382
0.14844598099969114
0.0369997638433124
0.6948110036701562
0.9794146641049983
0.9420863019498571
0.05989775836631885
0.7010361836378085
0.48874901011523864
0.8089225889654523
0.8908764522193069
0.9055931954240196
0.9347592665155043
0.9685333083026925
0.1405774223930046
0.0631468475019404
0.98382521802201
0.8643900670529416
0.9307985579447882
0.6862184645588758
0.8357688423546425
0.10307146938684802
0.7845851939919564
0.9026754922181908
0.35389351060710184
0.7580716008236723
0.40088540682096485
0.14760477572097638
0.09249159550422772
0.7353939959192918
0.0815194420282611
0.9193693373830559
0.782494930065837
0.988220711549774
0.6747164532558304
0.9283698131637035
0.05149041233119342
0.18633392265895482
0.9487735102044905
0.8466481284176279
0.9675789999119844
0.8941150807966356
0.7612973769038551
0.5854814252458833
0.6859063153645828
0.21057652994410475
0.9257090558173752
0.9651941466563135
0.990700335003746
0.9996559705135608
0.21762027853800484
0.8061089653318918
0.7900997411226829
0.9521380078721402
0.6414344193332215
