0.20810628435583672
0.3777338804413184
0.7150240726025097
0.42428144292538816
0.7901067820196239
0.6064279346040691
0.09983965287881241
0.8338753488326747
0.5690505060169342
0.10113894413961526
0.05532606587943158
0.035066535548551506
0.5784075077791101
0.0005710311713640871
0.02769438341810566
0.5116866795766967
0.6613060319907093
0.6036076959536953
0.7372432162473526
0.005883615939834979
0.03372203692820257
0.672059448599548
0.5080606354768068
0.01653239667489935
0.022860247905227
0.035363570484539045
0.20891579818607464
0.4980104853101352
0.41715512018010986
0.5827872164820552
0.04512522358750086
0.7012774170384692
0.20589792573312288
0.3818096193910341
0.2835583973348939
0.8831028041914204
0.20128464772316942
0.6635348686670232
0.6441467629798425
0.8910613473121858
0.013832435109077189
0.9484932485271611
0.35194918778299555
0.5380258316770111
0.3934580870470161
0.6052583854408928
0.7572397019346228
0.7703389051659292
0.6233936920562818
0.6472544263065563
0.025183818864653495
0.6593450628942268
0.12719122324530766
0.017132733409086148
0.5725081891423243
0.5196924543347352
0.7170415092303768
0.29862939034099195
0.3282480901918772
0.06316402921421448
0.3353070642830051
0.2822747373393313
0.009373382870388507
0.44770494238790737
0.0014978795652861017
0.7869392602393348
0.5327454401015892
0.824166534138095
0.38213871691454193
0.6954115767057979
0.2783267088876444
0.04967714195821712
0.5567841489782838
0.5489175494814863
0.663498242674475
0.5575082657082892
0.9512368124084655
0.7189092554643681
0.758135068008971
0.4737397689965927
0.011812953816683017
0.19928535100414696
0.5980140174785806
0.01867094528719134
0.6995859601952177
0.9757563573735093
0.02334058305912473
0.255902955785838
0.6194721383884083
0.4897978497508223
0.022190852124133017
0.027920585544638755
0.6671612429829756
0.42726287716189626
0.5150380766761042
0.0027667931522164344
0.03123452945209888
0.392886059052578
0.8628405897449196
0.028030951563438
0.7726716066742584
0.7869155187883876
0.6477371393148319
0.5417277876780349
0.7130017142626535
0.0007271069911643392
0.7749346325737603
0.5490972172142539
0.46754199186303574
0.03906725816665138
0.34134203471220886
0.6754825986013897
0.2726129438065384
0.16126099639780134
0.6783366010561557
0.0060331642677885254
0.22191524545619593
0.013219250495512464
0.5575958382304923
0.23804541127056217
0.6338674119249057
0.7894443316420721
0.012433936590702398
0.9376581289832155
0.11189693995198123
0.00849968586669861
0.051746530842255084
0.4580776947799705
0.04766206931297265
0.0161859808460715
0.20958638218775189
0.008458471399935736
0.49440164003744547
0.32863139431875665
0.11799019235426694
0.30584262350568436
0.2315344202410183
0.6675444061616973
0.017914815667959758
0.07110773655162671
0.025269748550980266
0.00810774825536446
0.044234516371683984
0.31708808132972677
0.7101061951229197
0.23263916053832398
0.6463013454593509
0.006525081211733227
0.020736745368542787
0.25557348499988486
0.5597855243721943
0.8942502227838224
0.49527132928071776
0.611502395360944
0.005306406671767443
0.06366476059843151
0.6417625732308351
0.2222310010947982
0.9550637289243875
0.8889959722294191
0.6484323776139653
0.6513332662315386
0.30940283584625855
0.9481262610574095
0.9401762027092763
0.03610788873998646
0.07657137852631982
0.907060287365564
0.13084432967579
0.3078988473265234
0.018618855830207087
0.1754885406675335
0.5004697201122884
0.1854830269555245
0.40921326603424224
0.7175683480044794
0.0005766920703203551
0.005179679937391371
0.5225045996288551
0.977238861621887
0.4575255411104989
0.48853965870583993
0.6062512719692984
0.2752134261808368
0.010998397177881036
0.3511342444486868
0.3772974903447207
0.1637673489716861
0.3946131973569965
0.008917619692102313
0.00521214414492806
0.6920187224314481
0.23554573931931977
0.10657648710443118
0.7793940788175311
0.03795964649461182
0.12472513228345623
0.052949082635035
0.28270985156770584
0.419001621122671
0.08980948847396696
0.7042882849148331
0.5590276129544777
0.005094936343769922
0.7874172191218773
0.6879640603106048
0.2486107936733648
0.6988491464795034
0.005427739650505981
0.24226210442490634
0.7329180648931005
0.8888117274368732
0.1300930736968342
0.011004614716177776
0.1870970054170631
0.6928944854331391
0.8952797902948145
0.4314281448047683
0.6069382691575348
0.018285731472543403
0.2762890521491449
0.055002122731937365
0.059929622548539035
0.001587981831087006
0.6638562272910002
0.0639611436923158
0.7624236544645142
0.012586843473623677
0.04509649456348176
0.4713084631945293
0.26584959577951994
0.028221261154140337
0.6527855457353631
0.6686484289095382
0.8261965317250014
0.07281678528772034
0.6838161771450253
0.5396439135132742
0.037780157106655894
0.4456744555800559
0.6401415533784305
0.06423359511082015
0.28539071367886204
0.004817914966398522
0.008383353805009989
0.014888001068628061
0.017714844092391265
0.20183781091775047
0.0041818682650472845
0.2475006094052615
0.6284656180670005
0.6832186350723862
0.7982105993704174
0.021892718495585276
0.2806309355699761
0.7315791290804208
0.035458152439407
0.1325754080606294
0.6924258500917179
0.8897390090330256
0.5622659285620184
0.28587559146403363
0.22636233465830802
0.9811659047117
0.15047947608101497
0.1715251950974181
0.8310476778170894
0.7242089592973471
0.6483578010926407
0.07820099237401916
0.12285911810162436
0.10945258299908445
0.019255515869847077
0.5561102420959814
0.17146146677129312
0.009441651588987241
0.007382728225872498
0.5070373590181096
0.022887301544661842
0.7039158726605727
0.8484799554798739
0.40937601810715757
0.6250006444201764
0.7760475295731172
0.6773366535863741
0.2055857969444942
0.2118490963745044
0.2768753759259536
0.44731101601437334
0.13944881423137812
0.20227116977814893
0.9790431119942937
0.004363541971317472
0.5359027461624896
0.01688427284604394
0.007075250064116545
0.023961169995433695
0.6335994651261058
0.6257939948566897
0.12568200456170792
0.051573376101937754
0.03367686119686623
0.9332743453490536
0.013971798407354859
0.8378545413736489
0.17757181302121247
0.5886238278303366
0.9038433705850348
0.06887811457926218
0.0202415161125626
0.39044142663246434
0.03441351980815045
0.6420719108495522
0.4948536534947995
0.012909159305922912
0.8445984644666289
0.6642768159949419
0.0847390720506806
0.021603566503475308
0.6364296424927929
0.04671939792904923
0.48934991397956584
0.6231847896366738
0.6812815575457152
0.01449930718226761
0.028252739344557447
0.015877566750655568
0.7780404574308852
0.04239747030487505
0.4409506122648377
0.5980361184178069
0.015732983884768906
0.6406011419200186
0.7288362779790427
0.19567536971364818
0.10150724995564153
0.5903791772585081
0.5561087202470503
0.6675694927556873
0.528933089191315
0.029759971617063875
0.3261359355252356
0.1277176655712117
0.85676777507282
0.9981866658981
0.6127695122914055
0.7164427143405967
0.9268082966304312
0.11372463065252983
0.0078765014906664
0.02553656726249233
0.01259880189789722
0.7413453685534449
0.05349193980020686
0.03200479226805956
0.9262288713349214
0.42306898738506393
0.22300328099599065
0.025176214681216662
0.0044861302923262444
0.03745261635366219
0.809486335909902
0.6143335998473429
0.792808929732217
0.059998202512303526
0.811630673052204
0.9526571287666697
0.04113923150459635
0.16995393849496526
0.6899874647706639
0.1829536440731507
0.5114780151174285
0.16444146619300037
0.27571802680023527
0.7665130320785141
0.12180134521305062
0.02760992118782791
0.2916334428540878
0.37030405900938645
0.8203898890055623
0.9962007408794269
0.3934440724985542
0.6946436715863737
0.4795213648138198
0.08164292243870563
0.01849891242712716
0.4285769026779439
0.7692823215430813
0.012848558249016175
0.0633326724898363
0.162818991458004
0.4762325147466441
0.5021707450111584
0.19387756364753989
0.012136689282949236
0.01983800011910529
0.015668965635593383
0.8422016724910186
0.18341102667883186
0.20919997322901518
0.05579312773530701
0.14648401042313974
0.5832094066528297
0.5853342396823841
0.4476322878563739
0.15577515630823413
0.5083614970075317
0.9043462151101652
0.9648798256781593
0.04398127938794072
0.8198091182847695
0.9850016110975409
0.12753396041016257
0.8568023791834107
0.4689583974244045
0.28579588781365417
0.5401401084073184
0.4865657522487946
0.6460595315141711
0.14738680055116254
0.22704494128563651
0.01348272105051522
0.1090248435377823
0.17221462607706214
0.5971972122056737
0.9700295698714307
0.4358493512637609
0.6148788723017944
0.19839400459412254
0.011699915734399668
0.02441705134058944
0.6694800954777559
0.0019454344802071815
0.5418441130845153
0.7766521734039823
0.02357832056465959
0.36786928325490736
0.15152806666755664
0.060433418431307395
0.014015283480740149
0.8036213844567035
0.41231377874007025
0.49296542645890773
0.6548213237532092
0.7020066521453672
0.3550206973546647
0.5878854621417753
0.009081280789874567
0.11597128628154103
0.7917096493280756
0.5609857638616422
0.013108660468652167
0.21361798374145985
0.24805717365098426
0.001090146307824014
0.1261588731585465
0.019005284116605875
0.5336520867230231
0.13311775245494017
0.6549916297534207
0.018627565233821364
0.7071136387578665
0.8920862000405401
0.7277729046005627
0.25038710536622
0.7656958417587286
0.028710258289845407
0.5305662250149596
0.8309859365256005
0.6451056097419284
0.15493619241479922
0.6717266529097309
0.6459994731527987
0.06584941629716945
0.11001834729050239
0.09965461212370169
0.2964806305704152
0.35629398057608774
0.7150069501137291
0.45631249641639704
0.6525920087248215
0.02132107239480213
0.18166315202161726
0.07873786018468439
0.6866416861142965
0.12982140011564652
0.13025083229912637
0.5720515209883559
0.24338710504998062
0.021881066767475248
0.55897702018179
0.007420592294588515
0.2541071708414252
0.29205826287876774
0.7058735428723568
0.021992509733109414
0.07689119062985827
0.40828413974052946
0.09410957574934121
0.24619864898116756
0.7144723625981798
0.3653731860311854
0.7613385557399945
0.25757870820729206
0.0007791859326509551
0.9637065952150455
0.10313397767533931
0.036492306915198516
0.9032434009924424
0.5739193350759166
0.03041601271012342
0.5321017393093521
0.016709793532320667
0.8539680048094505
0.13983142026117595
0.08742300104343861
0.027870942950302117
0.06745672013472435
0.6896751282008413
0.6766762322469156
0.9905090956172677
0.18457758612012615
0.23009743516638567
0.00568708846001585
0.7491354315200051
0.03806834881967627
0.00864393079302311
0.027559012646339004
0.3410141710480252
0.4358009409675964
0.26011087394318766
0.8003358147336285
0.7459790621744143
0.7993955436224219
0.29340762210487
0.5114262764330862
0.594180622068037
0.5699594002296974
0.7906587527980524
0.9450740410457572
0.006386967308488438
0.7189564326228438
0.9721043790124019
0.02036051343193183
0.00974888380058198
0.626323410212522
0.21747824635197754
0.1576729141654636
0.7636837016788136
0.5936254760534843
0.0083259307189408
0.012023046473174908
0.8345543804185117
0.720195350390003
0.9220814639325104
0.04399365303492868
0.11425255970190254
0.4148547580226905
0.03201611864762448
0.20086360898884498
0.28177029235280493
0.5360514972269232
0.6682654026629404
0.7222955110118463
0.6794875596692039
0.040736412591967926
0.2900704121189103
0.597489898100891
0.2561879434761959
0.6723008883687709
0.3854988357330111
0.29284062903023417
0.04403713838006057
0.018734428268943847
0.4866431051401817
0.28303233848676906
0.5121728327549716
0.9865530976283641
0.4008327378972888
0.15876158076600186
0.1577385236833958
0.61714929808321
0.2745147863723154
0.6009895769882082
0.004917505450513171
0.5006428367805429
0.15069993879415655
0.38992610604750977
0.006133228816989866
0.7251764778219566
0.8686826576259852
0.013412464171387091
0.5922149725823372
0.36474718642745085
0.05957946387512357
0.7037156293586333
0.8688473206430891
0.1497433115070195
0.41791691220723537
0.9238433720701922
0.06288867386943975
0.7703578503501272
0.7393593060743192
0.007682613878992689
0.7808014069741815
0.010689759399996664
0.21608213273637836
0.6624286883481789
0.8483207673181481
0.19162699102027647
0.01923970669535867
0.03489898079747321
0.002202066399370515
0.11868706195403433
0.21248597208851944
0.7920533615649825
0.4540331934910218
0.004154695840161322
0.5833483742751033
0.33446435680349085
0.009087571551186559
0.5296500126681747
0.19629893705873153
0.5509301214534252
0.7627327237612065
0.08581870741495486
0.04690499916899004
0.3922500779524139
0.4118011848328293
0.059212451654945666
0.9739960832404266
0.013314143316874534
0.24448296131361544
0.610667058667203
0.5287671276960859
0.01888541223772009
0.21042207887792896
0.4445767589657071
0.14556650621865175
0.007152890974190467
0.00878853746593962
0.7168968167976028
0.43256493839230686
0.07193663530053174
0.661725273542145
0.2871577681329437
0.1751631519560913
0.8112749021115695
0.20566510454729564
0.4045969842605861
0.3152486204199815
0.025168853838047567
0.15006194634607342
0.24655099879945971
0.2505224855296967
0.6531908707305226
0.6344437143206172
0.6876282046330514
0.6658813270776274
0.16710368409802223
0.6779570096741673
0.3487859534701439
0.6357740524581319
0.830776957452621
0.011208030083575304
0.5721309658315012
0.5687959935552955
0.15336625028530732
0.5947928619712881
0.004938480984062132
0.12428764999849948
0.8853059908511861
0.13759619148141566
0.7597373442384829
0.39568928882583054
0.35344839629299146
0.24638832706728547
0.13543665661213497
0.571530827620201
0.6119551938203113
0.1236195199578313
0.29779425096216416
0.02069909534477378
0.2187779714860382
0.14595136806939682
0.3500084100669187
0.5251075869089408
0.005977358810217689
0.1899119320815535
0.1589939670389518
0.33906034740192326
0.23922421991383633
0.10755764963000564
0.8229079442485299
0.4896356399044298
0.8999345988403249
0.7542853370206958
0.23473494202236406
0.4133613367095116
0.6542212156353484
0.12636631473338042
0.7950892707695015
0.011344914911215342
0.6545891203070761
0.009455511591502604
0.6869127653547985
0.9291539594837699
0.7488072622762842
0.986074066247724
0.046719356773664594
0.18636598252324715
0.6006398692317069
0.5680253474676928
0.5334031361319974
0.13575562967179017
0.013514519042881732
0.0027427434949698582
0.8654866130380695
0.4313649338799354
0.0033186690081827216
0.6327015567821505
0.5034772791749599
0.6099228761132253
0.1784447339729765
0.16695695567204916
0.41078004586774597
0.706123906942196
0.13952948129372938
0.030753497045630712
0.6331453544292531
0.6140158979405863
0.422247966186028
0.008912652513878228
0.3659540111871191
0.20624174207128299
0.00448107547614887
0.1166041018709905
0.6459883639278521
0.47814627740342863
0.6544598981579912
0.230838934826342
0.34565219017967086
0.7442549653626864
0.796206869941061
0.5731128738082039
0.5126848646093851
0.2774316543726674
0.09533102336700783
0.03776910110395802
0.1392934151411654
0.6737339405343262
0.6528474841392082
0.36205870612846647
0.011167271904191698
0.6753600558781371
0.5712385556968165
0.252187643687729
0.4826730409614899
0.9828206208832863
0.354265935497796
0.9623125450608414
0.01707256034015664
0.12530295393734425
0.13073033033817932
0.015146451420052368
0.8077359153565337
0.3688332458772202
0.4015646134170291
0.7726427866687137
0.3755228970897371
0.013403541017588286
0.8336583103590334
0.6462225811241582
0.6798092719096448
0.5953663504388969
0.030398933609222262
0.019815605668536688
0.026475637917678
0.5406148656327439
0.6533296262744241
0.02158725105511572
0.49258583734473094
0.4987620160371274
0.006747912871691974
0.2232599965115956
0.13212144284874006
0.633719282667516
0.0015936052335683223
0.43145241451106014
0.4120962858056283
0.25756590885236913
0.5922476282858938
0.723860586847359
0.803131822133944
0.33957123897480157
0.028162339248218704
0.5887927324864823
0.6913917120600497
0.9415797423986716
0.2908295024045793
0.3208910575160475
0.8202309655236962
0.5945092509109162
0.016344900435569423
0.0077134477886023805
0.2653206670065045
0.39275303014498386
0.12272061417447941
0.3293059368131416
0.024638734073155227
0.06167128033295377
0.2223453725840142
0.8290824731024489
0.5263790985136141
0.4355673900232418
0.051583634849313116
0.022714378608469428
0.008180603091559643
0.6408817014291961
0.0056339887628808
0.7576056653212204
0.3534953068771199
0.007376146219233712
0.0017777778475016534
0.16298550918126542
0.30987984003521524
0.3428808794866136
0.2425121448711728
0.4776254245126448
0.40473072956785927
0.10701982508063901
0.891480415774023
0.2933809120493616
0.4105880987753338
0.6593060049977874
0.6699775033835151
0.05856824045699523
0.3360054672322831
0.38218477669251094
0.6213180198425982
0.02751567161371548
0.7628757779833083
0.0099192120786245
0.6277260699954872
0.19661942876758542
0.6374826590039937
0.7047420713684294
0.15799526531854027
0.005999393310474365
0.4433501994609733
0.528315906580631
0.659719643093756
0.06442496698862307
0.5808899122093095
0.7310933268908306
0.2615559367475112
0.6037815939489062
0.5814054876635918
0.09250409118174341
0.3644475677271548
0.6369423517586474
0.1436058054247349
0.04556487283680277
0.6802806553872527
0.2828920948897098
0.8163292253065401
0.07051057498358454
0.7014470050381352
0.31084241125407064
0.029508813339619976
0.530615748766032
0.7000457094766648
0.0202175247246459
0.007803061738603806
0.6240633923161528
0.6202472115395505
0.011221454463664876
0.816845339143655
0.797726823483933
0.4661164332419129
0.4485647365306677
0.741947350307214
0.4597608477866377
0.9744942275088453
0.32697788083850166
0.6879897127173091
0.1036340834814451
0.041352737554633284
0.010900463718855086
0.018393909882536058
0.6325452736941433
0.05810723579974963
0.29026819663588654
0.08297674620810291
0.7722894035724184
0.0473270570510207
0.9642337118718615
0.01257664447138649
0.9171068163139524
0.48519719741228184
0.5954420225728316
0.2758979008932019
0.7922377139823173
0.12500496373385378
0.01387460669151046
0.716655644704452
0.07905438008961141
0.5546557761152853
0.830098731875674
0.0018288987925939861
0.04370406028000118
0.014253409958897659
0.587002172155514
0.05410639239835199
0.5420150591019198
0.2184721996695741
0.7324874299855821
0.4622507083460466
0.4297419671300041
0.7322729901950293
0.42053269468017773
0.01084830052868711
0.6465518460582178
0.4520392828641028
0.25188121913238365
0.23925788525227226
0.009366880685217033
0.029884552257894888
0.31542369575420404
0.12066132209630073
0.5902668467523646
0.007373005204185551
0.13848548488905582
0.7603163583248826
0.4536468152787487
0.09407284199708754
0.6072081788881204
0.6732308904518314
0.9340731112403313
0.6712317495836235
0.005935446138999035
0.6776630951054822
0.5206375190965
0.5608759114198396
0.251444276789729
0.03262048615816334
0.004731340809185291
0.9988106303331585
0.5044893443156518
0.896378453691135
0.16745493770311443
0.6745404727840502
0.9115669788146361
0.04109951210756461
0.6041527787820575
0.7661615469697958
0.021987480753311674
0.610561385173622
0.27426089939159665
0.894296421322144
0.24781117171103162
0.5153274436718627
0.11052318990600732
0.3692383841045131
0.16012151618442724
0.5335290698023067
0.29343020520975105
0.4200861297737565
0.2135332337036137
0.009728240926884171
0.739529157048466
0.5538806779976702
0.098691306183445
0.28343642113706696
0.810525783346203
0.8463351146056897
0.5340591602264507
0.6203474919926203
0.7082978710988179
0.0985557797765507
0.9304610829624845
0.6564544422973606
0.013006733932035431
0.3147256877241786
0.8561970645160641
0.013610780197173692
0.16036149833363178
0.29496720131705767
0.939387151281261
0.0053858872904619555
0.7918520221177203
0.006944251330200666
0.09957912439617125
0.040311740359030054
0.3065945322950873
0.057924700466554034
0.0596188086887635
0.3846479863906769
0.33615912917823076
0.017777883650487783
