0.06411158116076947
0.49752270960581735
0.07844855964934738
0.037419127006009606
0.9884176523046557
0.08817272380908307
0.034737794921463866
0.01799704582733848
0.017439996733762515
0.20946756714109346
0.03256916847802098
0.4978588363744395
0.6425826739898747
0.01463151286184158
0.20049969816234303
0.5437230899082656
0.34218220611156813
0.8661524813500521
0.2084719629704351
0.02057453160601913
0.9369111709991187
0.5709132287563243
0.07944639445658896
0.06108490916463058
0.7609044672058716
0.02519269656940374
0.7207405842149595
0.13206778978416508
0.1195308618161876
0.056769489024815795
0.694609303557454
0.06849413154648473
0.09440297685904098
0.9183768882290744
0.13477287385345102
0.008080294577286177
0.039875823929418894
0.10792280980894456
0.4466609151132944
0.6032062229447137
0.7690005000751197
0.7009044696667026
0.005190272936400193
0.04650627174011273
0.49975739979482936
0.033730349923605026
0.1830047242101578
0.047321773125571245
0.1764070792143831
0.25582054548957567
0.6227302553721458
0.9223125203198197
0.19856392411577597
0.02270123279320934
0.22970823696977452
0.01627279392680835
0.0582954634935884
0.07935028824598092
0.18180309419261922
0.017794461538726627
0.004066219134052035
0.5494333951462643
0.5101163356627273
0.054308930892146876
0.39632208980184047
0.012006983013882038
0.03631931095823358
0.010879744103535729
0.31411060305105637
0.12834634490029942
0.7034233322663088
0.006918008034984336
0.020321383841329047
0.5263160935241549
0.06411802694721172
0.5745652937959493
0.0616285138435538
0.028079560698522396
0.5701465211988898
0.6941330792164495
0.06519722287259548
0.18607370543554555
0.005589425392985592
0.06650164399738105
0.2238155543092937
0.12089554093728946
0.8063587780160459
0.018121761770179684
0.6512451113288537
0.019898548152111357
0.9493417136721017
0.05183346064043937
0.3743477805406696
0.41735657068661547
0.16846428058052632
0.07422067110102123
0.0018692792678092335
0.8624598478050038
0.679725140305415
0.6248000817340618
0.34614130850133007
0.05129917212728301
0.2046273449710567
0.1657711186363569
0.09803752965569101
0.5567660404874307
0.1852748162602571
0.13877849529089845
0.206278251007334
0.4998878504982458
0.673319137589668
0.65166593774816
0.5650017503341267
0.9256015742549045
0.018052255958893915
0.5069366616941182
0.01055734090968412
0.38843285433234775
0.3223257229450545
0.15529428588736316
0.025365296077158744
0.46281875782069104
0.03290886664908031
0.6656565086453352
0.011916547298148015
0.7007707106841143
0.008567020628017792
0.346642764673445
0.31882581641815755
0.6496326266665852
0.02767146634517039
0.12133546019778743
0.2019881622234372
0.14853249581136058
0.04678459066182363
0.9712899033043965
0.3970420659676203
0.011375514502040843
0.2369054132106072
0.02913121910385964
0.5133428647245093
0.0374619395853768
0.20962463707727225
0.46689451788665715
0.058808561789597855
0.04878747301262888
0.5086583366184513
0.015257826505958352
0.03835824431392369
0.23738117082342908
0.06308523230803592
0.11735693807120473
0.3515137269683515
0.6161740465022875
0.4776984852151439
0.012422533170126171
0.5484769477824615
0.2592114748147345
0.22764477148760315
0.07448419039026423
0.03502437743854331
0.009947146761620626
0.17978339955842537
0.5333227180829674
0.3607709785473945
0.7413462956369078
0.13646575196682703
0.45444700962502443
0.01714923509890774
0.0021702518049330852
0.7208106670166436
0.046881173023057277
0.30563548822448
0.1711850367301309
0.016020715284677634
0.05794979113433107
0.5968839970947217
0.6279027867423121
0.06646767316413976
0.06521559431799347
0.010324740919170705
0.05744050897579207
0.04853475778621425
0.8405930523314307
0.017086178367460115
0.33427586278018767
0.09844298407747527
0.44518461452093055
0.4162382944691038
0.6130165534375818
0.19262632038486113
0.24770068512159502
0.018622617435824253
0.4359518611104597
0.6124947605328793
0.07076863770453078
0.5960910639762765
0.670145349848063
0.7422558019389393
0.08505405138057325
0.3574000729844875
0.717119460686558
0.5115095298092589
0.7730528802385055
0.07764770221641315
0.8127025217229588
0.6444404205114245
0.33358046641342914
0.34983416305635956
0.7309767545124388
0.049739235849137704
0.5074383995953845
0.8141892095133544
0.2290022120214938
0.04694955354937477
0.0012444949625442512
0.012721631523735188
0.11914200153008067
0.5715231764367859
0.6662748272045462
0.5137112108771866
0.12681676224508437
0.479289392547459
0.038518986610725864
0.667155089113331
0.864253396872166
0.3713947462973608
0.5692711445761688
0.010703648422083326
0.30870766401291716
0.08451099172278731
0.013625046783763674
0.4795837242746486
0.5335651001490543
0.08301943816713635
0.004359541577917897
0.8249349820871394
0.6348479487026287
0.5860394659555005
0.24323283786027744
0.014878237241506975
0.6264684937028692
0.031760641035669404
0.09544649325935142
0.46368792596111447
0.011615563093059427
0.036822851726081386
0.04512274643343366
0.579070992926424
0.7364042161037411
0.05847378574610632
0.01180225581516079
0.0457514055743868
0.13636738321041736
0.4007252879786728
0.7274871186632872
0.07511718065461458
0.5979628548111275
0.14186295331296905
0.024546160482411178
0.037117780995186825
0.6689472972788756
0.11647107949823371
0.04409847897531515
0.9374605163370049
0.9376012190688301
0.13789653628472148
0.2794933135693708
0.6283351632754716
0.11925222893085231
0.5141888181360869
0.9447598355952526
0.29649015001964646
0.5362122529743694
0.00886326469082811
0.9822675429021923
0.38230611937626324
0.40670044802253374
0.8070073301125859
0.41569612152395075
0.006650661972113062
0.5943497479037108
0.10925749735529267
0.385124491982886
0.5874348560586398
0.24345503932100754
0.9533836951999548
0.4536561358341584
0.7653154750306463
0.8657408813242984
0.6321537168847745
0.42295448924155277
0.027877410130891046
0.27511040954082333
0.7189423156605149
0.05619457665662929
0.016641513346779643
0.7086789692224518
0.41086905798348416
0.6168762469338347
