0.9977782042273975
0.10305808365008151
0.7068320779012633
0.7786013498575077
0.9969867057766193
0.9720821152082932
0.9359914758082181
0.40741387047334743
0.13282861316398797
0.37141181515959687
0.813937557944675
0.15189568908627182
0.5646712714433625
0.18173908544591363
0.1976329795248168
0.18968681857768793
0.6551688829477406
0.5533115736771604
0.9901671510426588
0.8207690639083937
0.962732009752118
0.15954217286165215
0.04692742681335507
0.7814246808590031
0.769328401091653
0.584217250684053
0.6044602372819335
0.5210771892535031
0.08736254210383732
0.9121149303547479
0.9681948929142348
0.13512705583997123
0.043298000853921395
0.3924487231417199
0.24427583926095417
0.8134883727489148
0.9977235005293423
0.7374449820456368
0.9250678098020504
0.791521549001517
0.2078240641861311
0.04304576576317387
0.8025958442551897
0.9327455498949855
0.9193820989502207
0.8114808646109308
0.8867300499754639
0.07066754825202476
0.6387537555374762
0.14855556404720544
0.085447267144723
0.5570215225637101
0.708338788198926
0.6233603075113565
0.6758208305937239
0.1956238587011671
0.16460310084702903
0.5469071666686344
0.736784333595585
0.05416241006201169
0.9194032308698064
0.8984658897463118
0.9647511042809699
0.07461021927839975
0.19929717348336032
0.43118731929702847
0.05171829436298543
0.5940977461719914
0.8887790217987059
0.07948184509994265
0.04866803329412599
0.052209592115519315
0.5558500448411082
0.528936272485672
0.45861136697590177
0.5543422846798121
0.5926863428536076
0.9297183131438425
0.9132682747988143
0.06273537304402353
0.3155349266573305
0.7049299036641402
0.5730473411608666
0.0584910314267833
0.7306775613930088
0.7110866197849206
0.6372258743895934
0.9696950376047384
0.9072257888009823
0.7452352954735258
0.186163539965358
0.07706443889066082
0.9768828270703871
0.05141384651206017
0.37964918714263013
0.303594256577349
0.2897327801447013
0.779355379351214
0.7687766890253509
0.17114411280945552
0.714711129299742
0.29609318091812514
0.38756877159020353
0.06315445588532996
0.3339358359904967
0.06378019874975584
0.19735881229040056
0.9747595430435065
0.06906823435226572
0.589401350102464
0.7469394973810618
0.6371218616848993
0.11220199951314977
0.40431873912870503
0.03513017569351992
0.9809221005351726
0.7773587785537871
0.9713660746046455
0.7258879004414683
0.9848252134958391
0.031207513661470725
0.4095801641708714
0.2826454708500283
0.09953594220995832
0.1744246807227541
0.20835636413495032
0.37468878132317374
0.32624087375763566
0.047699165981576266
0.41305198202278937
0.17887627613521584
0.3568801306164199
0.05454868835209882
0.8620348102455921
0.2421636187717225
0.09871538027377022
0.6457684499143284
0.8550082797695819
0.9402551540422885
0.03743252556581838
0.584424088220314
0.9225225950971231
0.09901467144592971
0.7930024564101618
0.03671404132340658
0.4285423986479529
0.05859248926838643
0.9005919115160375
0.8376346895323631
0.6188863062383597
0.8722793240389253
0.06915157262027193
0.5710576748815551
0.7412927879208147
0.6916449239012137
0.7727826373734457
0.0448160671360218
0.6071320067010892
0.5836939312139915
0.4440313880758526
0.636672679232391
0.1397056709096867
0.8701384045310827
0.42184265990845504
0.9157699440963009
0.9239637373946832
0.2023749901790805
0.153349999385532
0.09321155088368778
0.9469612622896515
0.5933349124689684
0.3777555010307981
0.9536624237709876
0.6532771770892016
0.9600903725650266
0.11557995677833147
0.5344798028533809
0.5525709566371371
0.8770851625769777
0.9713829573551322
0.9189165231514383
0.9936750907549572
0.7826685025382558
0.05333692884136406
0.23160877090141718
0.12836140859328485
0.518668243837362
0.609921184158506
0.3927283816764984
0.5798682133077995
0.04474107513039381
0.9587979143042334
0.7394498803103096
0.7471868250857954
0.050248567531860716
0.6388441322287177
0.9313368390384507
0.8448565069934657
0.10716227226936292
0.15280707605291405
0.9853329549367651
0.2702589625755519
0.7069924652346711
0.6551675665040557
0.3172533926566754
0.6671036870344151
0.5539816281897951
0.12249744875481652
0.098037166901944
0.7491482195922147
0.08357161754772478
0.042713598619151166
0.9043874254691193
0.06695453019559824
0.9573888696232659
0.7939895669457271
0.21390429523188212
0.8079589694176375
0.05142377362576549
0.5605080998126538
0.9787567167130593
0.8431237963047531
0.9118207333366769
0.09498338073571364
0.629111586855845
0.09831068756147844
0.08835569691357503
0.6459369368754082
0.16704032332762186
0.07239141823513473
0.861153464484706
0.9176986079685383
0.9280081898646861
0.5223998881739136
0.8767262111303915
0.5871260093973789
0.9814874422458706
0.5523905663270305
0.5152302749896567
0.8400375497814137
0.1461475703276549
0.8310424662843818
0.03797588036443353
0.6155774696869801
0.4728372197243456
0.8820420573955076
0.11119256678528318
0.982723365662298
0.561644094815341
0.5016127168928876
0.8588940542645442
0.5700670660674292
0.38990679488489216
0.8819647784616448
0.5167678395921452
0.46525070908029365
0.5685013306663267
0.31084754848448004
0.6604835248069154
0.11800309648440671
0.9732125399024918
0.8823197611122711
0.35931112132401327
0.6993932991957019
0.4300338763967857
0.45229107104592325
0.14573596423990548
0.09039185578202649
0.3197828113730601
0.9053620952128467
0.4463516345222601
0.9298526101626119
0.04319313583168864
0.7248707516761982
0.9751878847458755
0.39793748312674354
0.7473573354789691
0.2957255716027442
0.6942802213810431
0.6336340586181337
0.7110582844802518
0.4766776974150515
0.7132293700197684
0.983749473396087
0.9357357751491924
0.03809078694448392
0.34936037824978505
0.7551667061299667
0.23952832726407847
0.021268089437254098
0.11080332876658691
0.33740806345399704
0.3372703438985397
0.9758290887546521
0.5431855309011769
0.991343521281018
0.6947930484652907
0.20541897373304485
0.14204392763128723
0.26421779886562613
0.41102912177296824
0.05685738635964647
0.4319982642856431
0.49974549149214964
0.8621695475533034
0.08875761086704045
0.7370380782781092
0.3145504699043861
0.6943430045382246
0.2897112332566616
0.08475624186251529
0.43008480149516426
0.5009753056727444
0.7526574831767225
0.6975688428832119
0.35444082058626114
0.28614920761738305
0.6571136852209816
0.6675418065843457
0.05612741408065456
0.9193238921463371
0.6258048961898586
0.6732276932897296
0.4481776516462445
0.8267796158611969
0.6255739289954722
0.8331393851886164
0.040750080514970394
0.7855524235172332
0.8696677301325391
0.06720312340223568
0.9111014895782424
0.7344416197776144
0.05267872293325779
0.8144096100388645
0.9556506265421632
0.7440862141953068
0.7462560762888596
0.8487536371357024
0.25280970472795566
0.5010075769566951
0.4698470032575813
0.2861807142715676
0.4041333716991826
0.7576940383687547
0.7309615434378953
0.61477580769667
0.36045345602389717
0.9860124290399617
0.1922355042381551
0.8763816408245214
0.5894989191720559
0.20308516521988773
0.3132605310808722
0.06879107692468633
0.07058177693196677
0.8835002660557001
0.7847320016282042
0.25919556537411714
0.834343001237991
0.24280187034526118
0.5819887975734321
0.36866814504813217
0.11516328306778184
0.03662098586032809
0.04498204540108033
0.8356347795667451
0.09494204448741547
0.9474538641594576
0.18225162760219438
0.7009602237987007
0.676287949261692
0.3416154787969452
0.7117564226042505
0.5607486166259623
0.9808669575444268
0.8115758611015284
0.6045248837949555
0.3420954819731484
0.15147423402261642
0.08101084963610004
0.8307738943229543
0.7638208634864057
0.26742063555890394
0.8902838944573641
0.12640500862830645
0.9831820989275559
0.9742706874918139
0.9531260395763859
0.24919809522291853
0.9824808530644045
0.7814247493308468
0.9713428160865138
0.5851899632135201
0.1810182431214251
0.9329441312523759
0.05470846598330352
0.7620671782411045
0.12582711258820098
0.16074930541889948
0.19555768166491933
0.22617094852354586
0.6406199593247477
0.23432149568780708
0.7974782259548393
0.5374646368931498
0.7121587151354507
0.623341044715308
0.10377074213307681
0.506641199113816
0.29324682276777564
0.9228900571900642
0.40651981594000947
0.8273329275867478
0.6141473353131286
0.5496941409037862
0.9635188305150408
0.9208204660096571
0.19555650630325602
0.8024553555769955
0.18300524734892704
0.07396117932634391
0.6132196932170564
0.455891246244405
0.6225773965289672
0.949605684069484
0.8870203995594163
0.32400127573066484
0.67500363364177
0.05074222865678455
0.3173652835427897
0.45678824446174127
0.7782610036268789
0.9725159575344992
0.8154425663139742
0.5330961021760314
0.4706035153561461
0.9597325693061229
0.6072615989816743
0.7771022553232594
0.3346167380506805
0.7200409081640238
0.8029723014987469
0.46779279974238386
0.10394113087243767
0.6379669791186655
0.10566693158453855
0.739891458597123
0.9299346646648324
0.9453086779942312
0.581857724374251
0.06497173168781925
0.9854711463242831
0.8483612841781334
0.8075447780251386
0.3577174321668234
0.9249593571597801
0.19677493299593754
0.8916218551015269
0.8511175349593838
0.6430083430208369
0.4490316288499072
0.6659632380105989
0.7471354307831952
0.9403939203176159
0.9353469412090659
0.7903502451536141
0.091721471002951
0.48603925926417324
0.48902721214715106
0.22518338360046738
0.36458560119409633
0.14039086412496313
0.7517269211517561
0.3277965086221209
0.6055463757690009
0.6489232316869115
0.838817232984
0.6683885937546068
0.7921324396283371
0.9967553387567258
0.7709833593126636
0.09414084141325355
0.0869336275258731
0.7399206806571211
0.5450982610199935
0.8817621680434454
0.8062706825060382
0.9055704025641074
0.5851439624634622
0.5398409547072257
0.7807767529939735
0.6988598206527915
0.8495218992866117
0.873587531865758
0.9242460903219307
0.6482323945720947
0.8689337699436239
0.6416935226494129
0.5243183087619085
0.22474528443218422
0.5402659248958944
0.5257926464918499
0.44375021379480817
0.8676138937487547
0.9601134263134232
0.8489535321692354
0.03235293683614332
0.94731902980928
0.9420099345574044
0.3633141347587474
0.11149257259813206
0.17738773351742543
0.8563221582414314
0.04766252385632448
0.9075862399771614
0.5776308570005142
0.07051626449275063
0.8850826349177086
0.15998644363047806
0.09081705124937625
0.3135714964255045
0.056236034309194154
0.9118842050441789
0.663567788895909
0.39074481320353205
0.15418328574674786
0.6497326056311146
0.7425289681633049
0.5523654492376655
0.7176549626546386
0.8302562000088147
0.07844537914302831
0.30325864482225207
0.6695376112303852
0.06486988271097623
0.901581357832974
0.4872595704032963
0.9360096486773548
0.5862816933805516
0.47494930184820927
0.6013216632278511
0.3464042986003417
0.9802543176714005
0.7414396943391971
0.11217190535674654
0.6853063575069319
0.9730218694030696
0.5665248111947313
0.5828302077233243
0.114386093554299
0.9063239356689972
0.7211798582436522
0.1360919482181793
0.8317993531934306
0.4180615698100314
0.07749133147482769
0.21181874426100972
0.6553280204588305
0.03023033793335971
0.8812922062670332
0.48527219044169156
0.2885089760749435
0.40421069409023014
0.07508824864223436
0.10570969790478604
0.5431834287432523
0.45748696473987516
0.6461488605466543
0.9775341431148425
0.07612940798904998
0.6592115364349129
0.27012093241434
0.6473049052679014
0.5182077034219639
0.39901492840686303
0.6784011541656392
0.5668546051986201
0.9921968343286045
0.4181566517364906
0.6473866760841147
0.7159986046548791
0.9743322745726932
0.9596302314971803
0.9958137642006282
0.5776054354933777
0.2079842067866609
0.6543715845337996
0.6493341008711543
0.8285674314483472
0.9972388184627714
0.9165359507166375
0.939234489695315
0.21360012636412087
0.10096969220741583
0.6834224322822203
0.11633252801387695
0.21823922701528173
0.7679700233330005
0.9326257340562594
0.9177934732239457
0.2045350788317158
0.265149688518241
0.11594750561021583
0.4343912176802555
0.6319691069565749
0.6907169957010806
0.9004064844771691
0.5603495208271918
0.03470280832511058
0.09684880373929915
0.866208329111918
0.7383309678615049
0.8941891564869457
0.26235565123146554
0.6615655894638611
0.6575666634276809
0.45119888873567404
0.7164912026982766
0.07441255003470823
0.7420817192875167
0.07040448017949896
0.7145366922075934
0.06579369226041679
0.09480119851381326
0.8345600261115855
0.8225463570016633
0.9007339332631285
0.3453222841855953
0.45423267023203684
0.27773938928529585
0.17242005266617635
0.10047320976509738
0.13313181002265184
0.8029034506360258
0.6632183255214006
0.8626632138238799
0.5973055414164369
0.7522834835990788
0.531607960578675
0.04674862768742928
0.27720585132565834
0.6354681247234952
0.8958040136058179
0.06232727823068099
0.7710381864168397
0.39892387048270017
0.31365063215267175
0.7421889087110156
0.10914315906148939
0.0321912977712871
0.5218728272385968
0.929975944593165
0.21270594906117923
0.24889161254198766
0.13212702597251821
0.3402995102851247
0.053868894156301445
0.5422465507392876
0.28326738054980205
0.8868845713411504
0.4459495132714721
0.4453331580455968
0.9622032845759501
0.5555211016562149
0.836368824289482
0.06836407239341302
0.9437004787135003
0.9479029039674172
0.9845786934263983
0.8909711166328129
0.5509763974511022
0.12398878100889694
0.8309205318860182
0.8439087700350905
0.8537188312655055
0.7347395932651188
0.39407562678950514
0.9882408394095492
0.12296115674880137
0.09761063201042142
0.9531199138643269
0.5555960742074256
0.12331935475002473
0.24263529078980392
0.9905976325245013
0.048129488975364496
0.0655881432015086
0.3847351485701782
0.17978156274872098
0.4800786803945676
0.11335163437206885
0.7908207199641587
0.07846427191765612
0.2238494233535409
0.7890425268975956
0.763188228331671
0.9521043046712799
0.6500743043166175
0.13928465960446823
0.4068441499973724
0.9715544631157036
0.28872806963747744
0.605263019646517
0.5963011194644755
0.7796773755545269
0.4893272625072822
0.8631204774293978
0.7168412379905522
0.41641339931179355
0.09872968219868739
0.1333489711871706
0.9934265387348564
0.8345632872466139
0.3809475570613562
0.6089410829154103
0.7380793895936855
0.6512967733836398
0.1906471238999667
0.1736442886259022
0.19273511150858258
0.65827388810753
0.961649628851539
0.9152168466905801
0.9212710562754496
0.8322382869216434
0.24867241307958238
0.06522156767499768
0.9403791919255149
0.34250765216335505
0.7993847154622922
0.06270900743818063
0.8497514710296745
0.9130420179088585
0.6353670761547305
0.7183291289923259
0.47788496910680645
0.3831955842683884
0.016750977191219197
0.4303488697336506
0.9276788506935508
0.9251913546511249
0.5554394629145982
0.5100572089721944
0.8192754090038292
0.680293430968877
0.25274670890686285
0.9550263261695751
0.198739525667601
0.466741244703856
0.1379892941576425
0.3643119024826754
0.7964627566793484
0.1214723727513552
0.043150633841060014
0.14001497268355642
0.5813900240627696
0.4333236930158955
0.9243370777443597
0.07801955534319308
0.7040565396031958
0.92120363523103
0.10376607947491358
0.5302700827502013
0.4611205488582088
0.718364353776179
0.10691414008553339
0.7192583120685616
0.9569566597475087
0.0772754596091147
0.9337149253203338
0.8892597182212404
0.3745042954719395
0.7235956303854779
0.18514991054813099
0.7418711593890832
0.1597371851290738
0.9525163024035757
0.2664185013053493
0.045336938717217584
0.9854129622357364
0.48655549505716056
0.6839271684260386
0.975892116288233
0.987125105943981
0.9810839204448277
0.3470889740927794
0.06353562877667648
0.04449389971193028
0.769188209108178
0.9948606559021715
0.8653220860660815
0.5316620482944258
0.8074705235638822
0.04128322206546378
0.7366677630867153
0.9655855310725543
0.8008384769330421
0.8820217858309289
0.9353833942594161
0.12875136336885973
0.5349113209611046
0.5389413672784451
0.5246978441520446
0.03632496637682531
0.16963482258670504
0.02781943928484369
0.4716131440658873
0.7316301584608282
0.9780765713657913
0.7775760462051597
0.7230703082401171
0.18621831257256488
0.3414442842032447
0.9852634280847361
0.5634448677889625
0.9122687895896258
0.8474630540919883
0.6740903298288781
0.5948034486234527
0.7245513086437902
0.8523667251478408
0.7158992989544124
0.1868393327608606
0.4576330800354043
0.14481947289211616
0.8524917723809087
0.9280460545632285
0.901469304646999
0.13715708585365594
0.972367443397469
0.6048823919041093
0.020425699896541492
0.3452634104185538
0.7164266088990396
0.9031968232161707
0.811312668514213
0.4881234736235872
0.6415890985262362
0.7620337026231491
0.9191091560719208
0.3390958886714515
0.5482192958672304
0.7119729215589709
0.6915398594748741
0.10472797747104812
0.9586982921791172
0.7021478794536348
0.09764650764376406
0.5931469699475311
0.5456855162188567
0.48557036550728305
0.9355740280046065
0.7288195734641323
0.1915196387248866
0.6471873109390933
0.6616443921580426
0.11418846008420994
0.6486073633113936
0.03876330507144674
0.6791131980306604
0.026641333951003363
0.7552271722253789
0.2509592151342377
0.06518363302784151
0.5377915452556464
0.31477005487570336
0.7913077292108166
0.9158035382844254
0.21945941927575588
0.5691605957084751
0.2143008798483858
0.1672244346476143
0.5088167417384484
0.017612017292802977
0.2128059322803334
0.5830382248933932
0.4018998270255103
0.46896368635640645
0.9857890562895202
0.8611717886121627
0.47181445531283717
0.40433110751814655
0.8136431120838586
0.5886614546065242
0.09713104471338856
0.8491734779315636
0.9485737252933207
0.22933782949387896
0.29893221621301247
0.6488207736252081
0.942457136060887
0.549146028468825
0.7289397693546393
0.040364605343940256
0.47293070363947787
0.7354517996769491
0.041099556686760914
0.5277140915112424
0.6648705221300568
0.2686116750705415
0.06768836945026173
0.5550885030248451
0.08888192812037965
0.14432180223523797
0.9295974046079645
0.5018004970858762
0.7776013262901147
0.29003548891745756
0.3747901765542421
0.3888925354449948
0.2117041946112674
0.8901257732745252
0.037972866097341726
0.12388981334613022
0.6474912118529343
0.9418283345425442
0.09287858849537783
0.7460661196108385
0.685056486153176
0.14279022140651065
0.4290990315124543
0.5886690073562045
0.41648352228026997
0.9973557709820677
0.7993350130111725
0.8943171917781516
0.9751770126607963
0.4914003693767486
0.016382959932454373
0.20899188386441594
0.7738629363642486
0.9150867518390862
0.8477704718360927
0.3850810992200794
0.1764976652944353
0.46203415344309706
0.6144616274934676
0.048488563912939195
0.8625016635639071
0.7414768139857919
0.5662154417065839
0.047286252097063886
0.6271672520048921
0.20970363674290265
0.12239065495684924
0.08180656671111386
0.8326086856902943
0.11491619114837107
0.52132933801341
0.7945722122924758
0.07129832734384145
0.47913310887728827
0.9749303414168442
0.3099267516663632
0.22637766709824902
0.2844062201041107
0.7656655801810763
0.0502760755289175
0.13570054813546453
0.9885165777054599
0.18271356565178407
0.3851749025208804
0.05294756844327421
0.520761672341146
0.09586251415148866
0.6862664356667878
0.7644797195816714
0.4860801942851991
0.1296227119941062
0.9391704164867136
0.05870017781735501
0.8233075112295959
0.050483095603128886
0.4058215133462195
0.911965571491095
0.11479197122000354
0.8540201719994241
0.7584608837971549
0.96954906925047
0.12763322912839847
0.3331865106219139
0.2980109481283957
0.6074157556697307
0.0317236189420178
0.9528164894365726
0.38230582458175
0.3440421044642886
0.0836657815881863
0.46430502387817907
0.8789339675286433
0.8838659763966208
0.03203168086543383
0.8582826980234046
0.6542190182247511
0.09965682308083403
0.457346124090759
0.5076132607530612
0.8203097934532676
0.08230026054993353
