0.6652352048019294
0.8954339749486593
0.7057585167651922
0.9493600422077846
0.8608595746114864
0.5914236256044599
0.6071138203711118
0.8952712178385983
0.19583317635765163
0.7417951160295974
0.7845026032450959
0.8369402857219022
0.9042435658813661
0.7161178880426826
0.7467337209196462
0.9118395561233554
0.5397310856947423
0.9592089583784233
0.6108507511734799
0.7633102778492644
0.8427691930756769
0.6505147912641283
0.5785389294034815
0.6008053155714488
0.681822502523094
0.9089775445833697
0.7953938226155316
0.9375825322046145
0.5307262051730881
0.5154749498573878
0.7162889666196465
0.38839876581152044
0.5276962141618879
0.7073698002582597
0.6937214595139317
0.8302192258830975
0.8342021852326245
0.9524094397879237
0.6444478340415559
0.9847926400209703
0.5349229732592856
0.8442994071738082
0.7015653504442859
0.9560332099714537
0.7478482976555112
0.9912144804204293
0.7120466194653171
0.8500117641574737
0.6701806493536299
0.473828908738717
0.8003563187928537
0.717471044315353
0.3317248843121917
0.8491588939501455
0.7860724563048433
0.9325338711575661
0.8122483088443944
0.8820038410612159
0.9418309300138378
0.6523710929191087
0.9985963159942177
0.23065525527244413
0.9706535798410116
0.7476249976953662
0.515980247640847
0.7071111447657787
0.40896149983419716
0.25108296350898046
0.8048425533855117
0.8375881496150039
0.5722542495995718
0.980892510311377
0.8625928491061472
0.6396559172826831
0.9125792039375813
0.47664755229117006
0.3949781059020001
0.6816191928711801
0.9404565579832187
0.9623798832755535
0.411128187747804
0.7450814741348983
0.7454590335684965
0.8976015838385536
0.3027619191365841
0.7736754477983229
0.556282773245383
0.9433872582182543
0.5107446284628897
0.6119771469036601
0.8236592134097704
0.8102684163208352
0.8885928676132426
0.8467196018697255
0.9095363592864568
0.8152334003772077
0.4259379125532106
0.8978026122726721
0.856386431741521
0.877351809313169
0.8962624177212901
0.8731623469144265
0.7270695408318026
0.44706930048430416
0.9301446282655592
0.9719415135574212
0.7208958793561508
0.45480717112105656
0.39087925759782927
0.8414910172450041
0.3688700262683307
0.9188005493675926
0.9246457672580335
0.9390358603157595
0.6879693525933298
0.8721675872290282
0.9951006000632464
0.7595479199923219
0.7844005010890575
0.5753729489372633
0.8761582403499548
0.8252049523669018
0.9542036753326811
0.7447257354780861
0.9949971868807405
0.9665141022192372
0.7576174293696992
0.6750099410247027
0.9488256014605475
0.1238711552394686
0.7969300189474522
0.9741701899976993
0.6400410085301143
0.9442120584989266
0.7328053394206493
0.8538073799162956
0.7925528080424329
0.5751528469135572
0.45197228787809784
0.8389803023590097
0.6929186369269491
0.6955267598922943
0.6274733584438963
0.9728962615831103
0.7180194361168803
0.786639068768018
0.5521480917797376
0.9028202276323853
0.7883056549781666
0.5834165799809365
0.9009984547805144
0.9675869801717367
0.5678870635432454
0.9179724128151534
0.7788256269376789
0.8301954854309608
0.9454724094223409
0.7389926462031425
0.8577825502360277
0.7931014073916959
0.7631023480429622
0.9611370567440798
0.6693337123282095
0.924131005169308
0.7315722727874678
0.5304399343791606
0.9682756265264543
0.5933910640547081
0.9512485083108719
0.7758057793373647
0.485336532316363
0.2903237962339742
0.6812886784002574
0.8202706150605571
0.7881245271855352
0.7179386296649843
0.627683962991024
0.905203212406245
0.3648250824271841
0.6401073578775265
0.6575721273587655
0.6644056064338092
0.835198067297078
0.40610049750769545
0.941746516799317
0.36281784171037956
0.6698502751490342
0.37341784050196025
0.7214130615055724
0.21261510994588934
0.19433001925571822
0.2920367289736874
0.7644995130098443
0.7344620694040911
0.6275356900105128
0.8452053145441034
0.9624065785033937
0.7169356766713296
0.8927052437308876
0.4805384684496494
0.9476075025980308
0.49797639620452494
0.499482256780841
0.8655890054783124
0.7764604952130019
0.582253707192457
0.9244606022978775
0.43831716670567944
0.5884260660987356
0.6473103216111562
0.6453141819307491
0.49728920433545454
0.6381544783950734
0.7039656182589848
0.5697469644449293
0.4635988559170245
0.5254321025455798
0.6451776621511367
0.7055090735629211
0.7770791663251135
0.38726351091796585
0.5544571856385369
0.9310348701450468
0.5917651963005697
0.5714863235032561
0.6313259525047841
0.7487299941216521
0.8906895082573665
0.758901151251923
0.9143728520771955
0.8765228657009232
0.8887868130730774
0.9896341742995749
0.9304297539525792
0.97053456933824
0.8610827621510849
0.8678000105263477
0.5056576660962196
0.8859944605378793
0.6662504572310596
0.7022531465076884
0.7751951372578736
0.8644772936053335
0.7512042346232426
0.1786125592045803
0.6776931016330168
0.7654185396332992
0.8229096801638887
0.474640196348913
0.8899942726197062
0.5512515320083932
0.9996433888617389
0.9228772835455616
0.8990882619282308
0.9087237921563986
0.6906545291219417
0.681204028749981
0.7901368771832361
0.6694516236291537
0.6709203985608023
0.9071697189506704
0.8042387399117339
0.7007202508477648
0.7940044215586181
0.6409604359947897
0.5540615924835937
0.6855755590172683
0.7552100755692013
0.6035383316745523
0.9986240926846723
0.7163348498011279
0.7566979889796479
0.8567350942989733
0.8775844126792433
0.7934870673611087
0.3258664599227906
0.2905833536793875
0.9810577605150445
0.8377747648297051
0.4517387217834574
0.8501859325313299
0.7623426236870403
0.7242268299724172
0.771160131637909
0.9071083808343585
0.6540365019040428
0.8956061275818841
0.7951170140329064
0.8492319358586711
0.9303532100421984
0.9632669150297462
0.7355839930113063
0.7437596466192079
0.8738821155419333
0.7494074549485278
0.960651283644044
0.9178524662889942
0.8236691600211269
0.9417700000163964
0.9869551917501496
0.9678927426502885
0.7755429378560612
0.7105092602589276
0.7711110355990463
0.939840858701998
0.8584266650117689
0.34977984960999703
0.412232720891533
0.6923589870337918
0.9747088666158468
0.9602474885522224
0.7808184233183353
0.9256516933111738
0.21453510251598684
0.8817380049874965
0.8000706628388186
0.6825481847515829
0.4995742700884102
0.3021766675543872
0.8416154873276227
0.6035156721375852
0.47355089130644257
0.8107934266105499
0.37190989099777805
0.9762575649247863
0.9619078953203166
0.7017341777334076
0.9076182669804753
0.14714538407172528
0.45172202682815404
0.4172956418656292
0.7316938026149207
0.47853733725519976
0.2489329759858464
0.945215340979511
0.3982021745081382
0.7462287968912924
0.2716028593069844
0.3461925870937306
0.6669655984176514
0.4730091231871673
0.9076093375122429
0.8568636037790578
0.8776459002467816
0.9207402264923736
0.284210688675941
0.6749587165312966
0.6645463424533361
0.9740492844978093
0.32785021756775434
0.7828764375925259
0.8228995471916931
0.838063596368577
0.8751602675435181
0.2709234671290872
0.7242493527673446
0.7041524330000415
0.6136727977221086
0.9338509638897712
0.5643289668587785
0.8619127713253709
0.4105041228402797
0.7242069610221096
0.8369911407000912
0.9397501726857431
0.9108139036910015
0.9303264547574565
0.5359741614827478
0.39059502768272414
0.5973856684477818
0.787007227931613
0.4988962785325486
0.7564216069418237
0.29073054504470053
0.734297085121833
0.44600764560083406
0.5578530640429064
0.526665988618102
0.5680846838896734
0.8771087643316127
0.2554138194890627
0.9480588262940319
0.5826899709704344
0.8541614809660543
0.9772502305223425
0.5188238355641683
0.1449344413901496
0.9209965187836525
0.786202464908439
0.8146292554551047
0.7292554918805036
0.8115555294849097
0.2955212169028406
0.7470321307292696
0.6664154443646685
0.6404775616175049
0.8352462439732029
0.3967423082098795
0.516280770122764
0.730271422245206
0.8769236330208923
0.8841395085040124
0.9787830572831413
0.8004663545834749
0.834240392534501
0.7786149555092765
0.9994198442616078
0.5003890597156001
0.41696315133263795
0.950584083755589
0.353286698962205
0.7079843399724064
0.9414292273811193
0.9936076385690237
0.6974933984854883
0.9238515626368942
0.9653955796585894
0.9060374594525584
0.8218143809516844
0.9009719426127039
0.9466352313013227
0.5742985890546132
0.6229551183987463
0.8825099779737031
0.3236672740241393
0.7549181341016372
0.8954547970754625
0.3107962249978502
0.7275783427770152
0.43548639499854036
0.7332730700556227
0.2759732066453643
0.6929968035301632
0.7679699140546519
0.616738621471192
0.41333857313937383
0.12928295391220207
0.9141103196413043
0.5895522828694089
0.25002447620914214
0.7298223650109819
0.6197862557990783
0.7233333211007473
0.675223533471315
0.8728980325316429
0.5252501731609536
0.8953833849450468
0.790585149542707
0.8013189220930297
0.9276830676380117
0.9263606494061833
0.84481733132615
0.6630713865006422
0.5721809162857225
0.9696075023201427
0.7690435967307352
0.9340908532647265
0.8430620201634218
0.8929823683053861
0.8347785373133854
0.7255674930174553
0.8644298282517439
0.9839852785999504
0.9638216026141435
0.9211716222737651
0.7477682555325758
0.8439936942123263
0.760661192155752
0.8929269784350735
0.9610819809707145
0.7984944132096188
0.8143984544013456
0.2873944244768592
0.6673926164420363
0.7427319446135372
0.44027456839081835
0.8975367302872092
0.7024725383821802
0.7653574333694143
0.7787595059914232
0.533428063618021
0.9478393446158097
0.8520702711515917
0.8119359316948991
0.4193620768060339
0.9847116137875603
0.44205772256421894
0.9923575828798568
0.13508916205028235
0.8566179035508381
0.6805149337808936
0.8675870407717983
0.4832192394727456
0.4281964981581009
0.8796698987415358
0.8982386799720341
0.6481239016980058
0.8531344612945521
0.7656379645897406
0.9433128381639191
0.9235840581994114
0.9624808517527935
0.32362700710031617
0.37281161979689165
0.5741136782787013
0.6614298481472207
0.32066332202007836
0.6708416389242137
0.8069620844993673
0.9059467403047328
0.9496827511693939
0.881587639094735
0.452556634371773
0.6869962556082703
0.9741279033209932
0.7607799425117951
0.8896779555207986
0.9151738906134758
0.891572609242719
0.693236432189771
0.8853968732664121
0.432973208377636
0.8194043173140356
0.7034167045407431
0.9770304235050002
0.34845620464781946
0.9045842606224089
0.7240285729641478
0.8906670801687638
0.5647230448994561
0.704224557258256
0.9487792551783972
0.4774691931622346
0.574656969145463
0.9929310087390918
0.8072312865670705
0.7095845834097332
0.8731781321184926
0.16225657685993555
0.8991844791988328
0.9207187215756193
0.9231649696814236
0.4815082109156421
0.9599829403575979
0.636261283189463
0.768715175075342
0.8045713672319387
0.575174975875089
0.648892019429659
0.5958328161766668
0.5262449759319098
0.4955350878501863
0.975739860120042
0.6027108501315278
0.9844755303081266
0.583283619942981
0.4953702851000438
0.9533757026072833
0.9862781637039213
0.5908684301193251
0.5668248944558912
0.8799775866686856
0.3536478263403708
0.924249444918359
0.7932151015820592
0.6881547428904677
0.7868706595418347
0.7116802718107447
0.9519830392988169
0.688348157265871
0.6213424072649683
0.9964913257647474
0.8906286715455083
0.8381933073805248
0.5341684199679407
0.7966231972342241
0.6236183391496826
0.4548083249853164
0.8007078126225804
0.8842787723501859
0.9839982352656365
0.8209259584279193
0.9057010299347876
0.5132137783889726
0.9889943084968494
0.9007012214464802
0.9213369722911007
0.7007995770493812
0.7642968492834108
0.7492355437918632
0.9895910478311776
0.6810736709550154
0.8698732763806596
0.92113747224128
0.7046269739091147
0.8869040377924037
0.9762956006532484
0.8890779920106838
0.626685430700094
0.8055270833906548
0.8651848066126204
0.9730597737840179
0.5924617392222069
0.5607887225546251
0.7832956359082037
0.9911168145799844
0.9960425082947426
0.9661905758795042
0.6435840263386888
0.8398225957384213
0.43407735037828654
0.5155126433779113
0.15568932500297228
0.6064167188557384
0.5294010514194043
0.9933543188972862
0.9435906032650496
0.2796550681758217
0.7742603659466303
0.38246801605700653
0.6423899416099145
0.8578421259465356
0.33561923035916086
0.6771774252961063
0.8508269661120267
0.9328102491596941
0.8696186207118536
0.6666174335970811
0.8716713550202103
0.7402980472935861
0.9206159886483656
0.8422015416945252
0.9707726580248337
0.7721645611484798
0.7798228232867193
0.7952366571326996
0.9977577182825881
0.5444743820417559
0.9002355711876493
0.9735980691940559
0.6620271277818255
0.6636003267223953
0.500206251256252
0.8819011018091376
0.8566073748355885
0.36572656503639134
0.9567725073143931
0.9252368262830105
0.8064061909613157
0.7615695103982635
0.8944252387206526
0.7390415520959369
0.5462940571762435
0.7905146686986754
0.8704901444506773
0.6315287715239708
0.6829252196700609
0.5328251730679174
0.4441006190444474
0.8450847656312476
0.6809236256726354
0.4882075319399975
0.7382868459240713
0.8594347366698856
0.958297567739296
0.8042327895062965
0.966547109560441
0.9268677599124904
0.5367110848982388
0.9071465324946155
0.9211645332826004
0.6449766624959552
0.2932758623023187
0.5888959878619536
0.8343047843941599
0.47541445281308575
0.5262390614913801
0.8458950297433572
0.9056013431624739
0.8397802710756654
0.8973566188855054
0.963971811562014
0.9005444527378363
0.9654116097304279
0.8984884787742249
0.8256424630361225
0.9896189668507576
0.9070196566934331
0.8340943081199939
0.7994449460065843
0.909073532434816
0.7316068672411153
0.6161656276233016
0.8722570951289019
0.36534067204397835
0.8593514183402261
0.9795230778288032
0.5524620501272111
0.7778969786301567
0.889171120077244
0.5682713941009685
0.5875885673689328
0.27525640700482296
0.8019412828061634
0.525608453111865
0.7759642703078589
0.3602292508776699
0.9779430640327036
0.668840844893046
0.9098417849525279
0.7896953669298785
0.7936515808134984
0.5165400524110414
0.7190772532176531
0.5293174409072426
0.6422640729373035
0.6620219909585512
0.9042188523769388
0.6512483645759336
0.570706990496916
0.2995846402410652
0.9471584592840574
0.8483509444244459
0.6279101042293699
0.7838112952578182
0.8933104219045505
0.24606435199852683
0.8361011182203609
0.47130751108325064
0.9476576510827222
0.8720498975478161
0.7763313664424384
0.19453944556097186
0.9515274144773074
0.21784983244193512
0.8287357178203105
0.5595678090609713
0.8921982514617446
0.8448816139609354
0.6409572374266234
0.9007459333584545
0.7405020309676238
0.7704143258227855
0.39288729303842085
0.7891854925623587
0.44545898212513696
0.9239196859953587
0.8226433390255736
0.9433076088803193
0.47159463231495247
0.8644857795256393
0.9368123595866162
0.2739211851849533
0.8689039504219016
0.5907473059243556
0.41084592521242996
0.9987327945897553
0.6924053722816819
0.6650497948432932
0.7409924004676021
0.8334101964298863
0.775097084438463
0.39192850635618265
0.38202876340534164
0.9012894226417822
0.8207932014288977
0.40421661755219546
0.6511591932170087
0.7681065715430168
0.9295132661641705
0.63609165004015
0.7587453608663175
0.43353612641469474
0.9350012220070216
0.9099165599538687
0.8895529901969574
0.1804342592850713
0.9512552250105111
0.5823740393343178
0.8784173714070719
0.8046256332139834
0.9328593460412173
0.9597772983935898
0.8811040760428908
0.7790807736700545
0.7753465902477896
0.4298389636277173
0.8373407220759999
0.7237621872635966
0.9297073814904029
0.7844235897034734
0.7486502117216725
0.3708891939611521
0.7987320935174455
0.8307614406685938
0.160225179854927
0.611769482565815
0.781170166606933
0.7158384754038842
0.867012024981496
0.7420132117435299
0.21966189441967304
0.34331453900944553
0.4401361041790839
0.8614072694061137
0.9377961367184093
0.8861728984752217
0.8940965644089935
0.6908742842860113
0.6578603536750856
0.7268652334457922
0.8988108690426533
0.8913109270563442
0.7892553737542256
0.9041814380083142
0.9519782932862089
0.984076483547274
0.3630577934880492
0.7558348871203572
0.9302149473203636
0.9873383102286641
0.5292750202963864
0.9174160136221623
0.8082339928694642
0.7283658598619009
0.765523760563859
0.7572016624753342
0.8790551518978836
0.9279493760556246
0.8552552971616606
0.8452863923811105
0.5577494757135457
0.4529204857847145
0.8364828312987165
0.2163046767379898
0.6369076085706855
0.39359883640365556
0.7000301254253063
0.8201198195021485
0.62851047454126
0.939717264851242
0.9130821368885604
0.817042663890303
0.9122921249529699
0.5205284458040544
0.6650084668367369
0.7361481060296918
0.3358818498341888
0.9001118623281309
0.8956907855789951
0.5800975777320164
0.7404840424126339
0.7009979413486487
0.6880344647006887
0.6392184055966879
0.9155323752334787
0.7440225621002077
0.18702945442762947
0.6052054110085012
0.8837876981149868
0.5410527341179168
0.5343971038733861
0.7366271124478799
0.4614277189615452
0.8386989332627539
0.6427337731239189
0.27193870129379516
0.763710440128909
0.8410466228229563
0.9673174491878236
0.8761628958564557
0.5848781684752458
0.6019794735319827
0.8477087563131128
0.9125183647448076
0.9410134602758706
0.41680947847655664
0.8833160360670298
0.7221622824001588
0.6493562979544447
0.8968545224330453
0.8949975467774255
0.8081400714503995
0.9254279996595487
0.6961396756976654
0.7196532627958117
0.3328481347351307
0.6596571312795736
0.8472103409701864
0.5103559186236128
0.966092181856139
0.8272972000533444
0.7711440188149675
0.7733522869280907
0.8661214627297494
0.8492852340352892
0.40039833771333355
0.2180546290481739
0.5554731029200835
0.22062454218372068
0.5997579700686423
0.6733743069635673
0.8265391344989912
0.5524302731067791
0.6360880228422919
0.42513213234095476
0.7877544562988537
0.9191964092591068
0.8273566548864408
0.6597269050970311
0.8966373324578549
0.9589657247139244
0.41028749438374756
0.9399518864415388
0.6210774306090366
0.44014343698756064
0.8311311428602495
0.6509423282943675
0.8935919287372813
0.37904791134990967
0.9743943764138995
0.9327045103181915
0.6838006947173445
0.8363004872290154
0.8187350832699565
0.9499729922620208
0.6960463013959567
0.8371512471834182
0.930792850952882
0.5863557765093743
0.34160066464947114
0.6413112935752558
0.6629646732948806
0.6155132371810423
0.3381807189210253
0.8689297762475025
0.8800728489153892
0.9399634970673378
0.8580170106306213
0.6617269268608641
0.27157492114901216
0.9319234253750371
0.3628183530082816
0.6415470305249239
0.5249098828485412
0.6482445876363734
0.9304019973593011
0.16762655258490788
0.9864479480824304
0.8834820291671117
0.8403875764954838
0.8419143897189478
0.777654993705412
0.7682641127728969
0.5459908895707543
0.23782547106024932
0.7117166367294191
0.12397859536602829
0.8567854689707222
0.7647438410409372
0.9042909740582503
0.8163230227621173
0.6675852959558122
0.6748009203713364
0.9338892494477636
0.6638363420407997
0.4748127325480802
0.9787878714396214
0.7330046108654471
0.7551669376250354
0.9728532235298926
0.5993641448897353
0.9425103352142714
0.7102614962963142
0.891357362634777
0.6645176987644443
0.6998722184046674
0.7149344871009162
0.7040098546945384
0.9538365349863279
0.5147769006759759
0.7841549455087554
0.5907308400036777
0.8903994082143232
0.23038917223916427
0.8700128170260301
0.6164439374228312
0.5822642175449334
0.943138848385825
0.8329218636706102
0.863100160495875
0.7228011028495219
0.8709181196598452
0.4951014112189422
0.598223735651521
0.5103359987188034
0.3984944993863633
0.9326006192293631
0.7321094398489142
0.8741169408003115
