0.9145054818357616
0.8545728133230643
0.06705560897985077
0.4470974336165542
0.9120945240435978
0.6752354865121241
0.9009265783376015
0.6617630436817155
0.9893061065001141
0.7487754415408538
0.8449342015031638
0.7968971482851328
0.02139771012924257
0.05232318063584589
0.4885770134512616
0.8964902289349237
0.8757191180973998
0.2167579525445636
0.9250020769860658
0.18104934705115
0.6110516229965475
0.2857399306973303
0.06672724832427776
0.4378588333145335
0.353561955227076
0.8151838519323032
0.05034256899661638
0.8517976169178836
0.07366342698093578
0.9578210757946638
0.8807930531318021
0.5900361614305132
0.8599815877807144
0.659203360691359
0.053790771136871446
0.907390834319015
0.8978021259059048
0.13201860797616632
0.7587466504885507
0.555796535638414
0.9572015701368298
0.3122310387630299
0.9432970824808431
0.973052817584791
0.2284433837985991
0.17927050017335028
0.7835089080629721
0.7445558379668644
0.6714426594977005
0.9016742135419069
0.7677239783134897
0.9916494930195041
0.20897324964553976
0.756793215270597
0.6908590090160351
0.8508000828648787
0.84628965878606
0.8964971181674557
0.911935171737595
0.5458316653719639
0.8679185042138271
0.8916179606224139
0.06595971701359732
0.7862235654866061
0.4410846961474141
0.7904194381578529
0.9798859210432278
0.5066350639801447
0.16933114169048546
0.2951883413940631
0.19483654256994912
0.7799942978628955
0.036278014723680585
0.38893960138375916
0.8913611043334568
0.8442321894695797
0.036982450858704746
0.14659682658633044
0.32207886239914996
0.6457224983264127
0.6825740017784648
0.5455578949129272
0.028700235115633327
0.9255912423168886
0.8895152965786028
0.8508813333880219
0.13442563169161573
0.05005216844238723
0.9487650285574282
0.19103534309808085
0.8116982608912676
0.7677466595598847
0.12007254985077909
0.8933642257803286
0.9790860959098049
0.9465217283766463
0.1579155107584889
0.9982643055239466
0.7408748952808182
0.5098323138414884
0.5286615833897202
0.5313319742841226
0.8998040614542849
0.5602663890552947
0.6308220046675467
0.7747522971608138
0.9352071131841292
0.8170724701940233
0.043352706230956946
0.9584713562461693
0.16278186753328522
0.9410188877791166
0.8285460607592675
0.7478899609613545
0.40362020218300426
0.1499713555101059
0.7537635841289887
0.7799359622608728
0.4364197710453058
0.7511570031310733
0.48094817823733405
0.888574189182572
0.8636139000856566
0.9721708442555287
0.6072745937149686
0.2571111172022522
0.812958464985752
0.5783629012096043
0.6410597843336391
0.3700781576579509
0.49697902598087523
0.11287628466917615
0.9287660563790935
0.8215535771215549
0.7871644016982007
0.4460289411256161
0.5689193312663388
0.788854706795161
0.046798036526326754
0.9310111436328601
0.6839683471442439
0.7442662259937818
0.9687931980682578
0.9959099040652637
0.132897413811426
0.8203048188704457
0.8966497342094997
0.11549601753036637
0.7676836777579906
0.8101057623183221
0.622397754765174
0.11226292016327473
0.7530807055383393
0.07405542144988203
0.872076658055863
0.0478925282057631
0.929713129172461
0.1381996772474509
0.6842247634630038
0.03511880401554947
0.941050610473963
0.6063336566027746
0.6486409351530318
0.1848775483512384
0.985892872604935
0.9072704445794413
0.8666749025034861
0.82967612207857
0.5938340505006533
0.2677519645870081
0.7869519174178223
0.3451165704505835
0.9003731434444829
0.3116819083986311
0.13348168086805823
0.7972401672171913
0.8871268156501744
0.9386648275531027
0.7175861795247853
0.407817858821085
0.22508553699743464
0.43172461817153723
0.8110126638808806
0.6203747319980919
0.6522386593097836
0.6017087962905268
0.8987767403035445
0.7418620745733946
0.18376193748313058
0.6387122151880924
0.9284527067292588
0.0840152672090755
0.847551873553446
0.5152484765944075
0.34148241636732524
0.022296903860542727
0.7565084256668299
0.8622355938876318
0.6878728647600295
0.8370431380447855
0.7277632333267708
0.7888791540881014
0.06152205706271987
0.07180521268503115
0.35007906160107477
0.9856075817202735
0.030451669476549308
0.8807091839750121
0.8862895722191211
0.9586143389711379
0.1335050162660147
0.4392582165867216
0.0987053308365515
0.9087192434766013
0.865977566124766
0.8812462847322355
0.7123029850195643
0.7871280119074262
0.726261333075364
0.1941522155703891
0.8883475809087099
0.7469562562626914
0.038847324157534
0.5264552985050679
0.7607469257919055
0.7771792119854037
0.48207026466806774
0.9770643137896202
0.6508565088736986
0.8347334298397014
0.9359090032138733
0.8497550555917937
0.18232866227012265
0.6815075802271319
0.40614746772292415
0.09460938194330312
0.08628598983914132
0.10159628089894937
0.7476302218137456
0.4233881324708494
0.21901473393005966
0.9354230004167249
0.7931614670599736
0.9845229228781749
0.09395959081179969
0.8412039301304259
0.8001926522570688
0.5661522395893435
0.7385996044583254
0.8116299131910374
0.7355335997131578
0.39188328774965775
0.5268911155877547
0.666747586554526
0.90241738610906
0.8354126833159229
0.495019032399321
0.9745731721115605
0.38645098041818193
0.8174723617339938
0.8480829021197738
0.1683324658963428
0.8233810373687829
0.935778048476623
0.7471961482225566
0.5599521030336778
0.7716667244403427
0.8282899869082665
0.18308569256599427
0.05309593052218822
0.05918706840323665
0.3186274264180763
0.6153128141456372
0.19327092057258194
0.8933323614237592
0.13237329733456685
0.6369269956033765
0.1264996828613092
0.7931743916016308
0.6348940613370466
0.7529579732066284
0.8316253485519854
0.705385106371727
0.33464291281639036
0.25691041003122655
0.2688319400691262
0.801802862347466
0.4632648958742806
0.02312600296892074
0.4239017629056765
0.1919223436398938
0.1216626569573192
0.8396880413867608
0.6682249806566857
0.9029554204963548
0.8059240995807663
0.700635146590085
0.7665525789624401
0.9493547437298239
0.7371617102340454
0.8409706275749153
0.99214343674357
0.04678653026876544
0.831064989554312
0.15717516027316744
0.9494135345226258
0.775624951968074
0.32846340735352053
0.03675676051478918
0.10847408770983644
0.8517559877248149
0.053144115597710824
0.05492711255246794
0.8027768463698234
0.8816498387300431
0.7268017603225362
0.9413692021105076
0.11643840434570141
0.5978933877276872
0.8218625536841224
0.7879577576240766
0.7244574431415125
0.7371292855025431
0.06695593509222116
0.03497657946155524
0.04179591506801708
0.21067372722881844
0.8500779210836393
0.8167267691060791
0.7214270708722181
0.053863652239472586
0.9874400632693874
0.05039128188539991
0.6293530977948216
0.18186818761936674
0.736926828069338
0.8007606414208319
0.7329198163815256
0.14002197929518306
0.6719957325451943
0.5878386946071177
0.07418250191669237
0.9220740560778932
0.9840812790006004
0.8846710716207595
0.25239701093722594
0.9580103662876744
0.1912574067663207
0.32613929464410973
0.9697541768783728
0.666735376858499
0.9929499154996989
0.5885665007513283
0.968347368080055
0.5093566984435198
0.6929296827812506
0.21321384948058997
0.9305638250068407
0.20374103446239752
0.8785958388607545
0.765268931120124
0.7485276911021486
0.958311329587238
0.7606943457721244
0.3767358870285049
0.06719243474605056
0.4640273840595464
0.7665778533195926
0.4450811732863914
0.0829771130721479
0.6394868311775475
0.7963143490097843
0.6390828148288843
0.2808550364010729
0.9976984258387617
0.8278343796897047
0.8655401756550066
0.25478059404787035
0.96200667840749
0.5860234725013768
0.845965212543671
0.9673219875834171
0.9760297221906711
0.8065059268462217
0.25127652433482756
0.8086495799366886
0.8702897174969201
0.8380339381080516
0.5978000732618244
0.8153556801100222
0.7862035845817475
0.7243419583140377
0.7968194409884973
0.23269653191188855
0.07167249835533265
0.20982101391318836
0.1638346087114232
0.6706076073418062
0.6947023793726095
0.17181921992078356
0.14859955117407533
0.6991469191418995
0.5169923078132137
0.942579834943295
0.05115139951727135
0.7027335064601772
0.9384812936267216
0.43644000691578233
0.37752104196434166
0.7367498680145502
0.789702113265797
0.22544088137251317
0.7978642441486214
0.8009253481351394
0.8920287682700623
0.7441967997657735
0.9426784789939366
0.06121247415094665
0.7476200130888639
0.8490469309939748
0.6644129787303341
0.05587775522057807
0.24894339340643784
0.33509529491051926
0.7017807378215493
0.7112128402534482
0.6136041514980296
0.17475062048213105
0.876648220117273
0.681743366958257
0.11919294467581965
0.15836117157269675
0.9392556455524532
0.630741422275718
0.927319514006909
0.7895834733365673
0.8682585812191242
0.9125886259008145
0.9312248915688216
0.2602148466402617
0.01982607637782827
0.7156087848560015
0.6905351761113985
0.5143071131713687
0.9844579570378662
0.5774732836419607
0.25730853323412606
0.6279499706032781
0.06676526715877212
0.4311154817714404
0.9230449496240888
0.5676460202930881
0.23370674445934533
0.8558985529847215
0.15205362395586475
0.8268599476449849
0.992928815179412
0.0752815216899441
0.09137285698481254
0.8636114643316721
0.9036631264122277
0.7288762334201344
0.43758988344248484
0.056294993702513674
0.07721360790991924
0.9125936379083475
0.8722831599880383
0.2325244904589237
0.5751907845794844
0.24702477458587951
0.1721985966808368
0.025203281867142376
0.3967497636742448
0.08365394646493116
0.9450757872637082
0.09389924853152895
0.5099320364085821
0.6767899180424946
0.3250671872981409
0.8759236307005938
0.3393852182081082
0.7511297335550038
0.8756955676259104
0.12975255232645241
0.9265088208468875
0.0333182661967652
0.29121740431337956
0.3445973034771678
0.19338239602811336
0.07658657540151793
0.4871278538336867
0.3654266791482174
0.7889891830309456
0.07998165696093974
0.673427947228158
0.02062172024447359
0.6359727471486899
0.7660929302608401
0.7314417288479691
0.7643882222956404
0.8039078566225685
0.9059067490689166
0.9454902367935465
0.4658898071869791
0.7983260900806004
0.8432287631010418
0.6377020378409177
0.8829721681555438
0.49196787710082496
0.960704839959251
0.6896183530378042
0.1803672029328392
0.6714737269326407
0.8618967253587153
0.48353623601332324
0.20887440461932205
0.5415339058184498
0.7259588735749823
0.3010077141286721
0.07718775659626584
0.6829265517191846
0.6231528610715962
0.7469294258718359
0.7558317230271365
0.04248575948661645
0.251443611681456
0.6138739155699184
0.8866811013925717
0.7949025898493493
0.9468567469795862
0.052963280200842316
0.9315014676198368
0.8872236498921755
0.8708132159258555
0.872032351083763
0.8012003164132925
0.9194007147811583
0.5988463137768649
0.7704281352760614
0.9679330917700062
0.5106612420687205
0.33881129623540407
0.9688284860257785
0.8271928275987113
0.9905824761111434
0.6110804713344135
0.6541610845619121
0.24078944175144307
0.35916046384904005
0.7177280481491646
0.9441214625209613
0.44891647789845224
0.15093775970851503
0.8837913114783811
0.06941794547722811
0.938131181855608
0.4974658913992309
0.901153064328039
0.7769095138611777
0.3479329846113227
0.9482844607525083
0.11340218193921324
0.6548955219791324
0.9263636628000128
0.8882978637512351
0.1268424137322243
0.42998388257871367
0.12310717217771773
0.9908775197617092
0.9297011472597317
0.2453493938171885
0.9464278015858295
0.7959439404277905
0.913599476776974
0.6598938822273613
0.9019331113319853
0.9850950601874919
0.02382726272605772
0.9622314426375385
0.06539336517037146
0.8344303901569681
0.2705876894419444
0.80940008950988
0.8742298916600926
0.7795893371711954
0.8106837808967466
0.20686531426762406
0.06018709930314764
0.598035686594956
0.9913552057790533
0.13140520231201208
0.06481925386621315
0.9470153210946171
0.5844549313583979
0.1557730215949381
0.6364325394794756
0.6094307782055519
0.04946282244940825
0.09712988234403147
0.05707512462784204
0.5033877777451073
0.8207209573549732
0.8516856826006766
0.9195482373320225
0.8524124896029588
0.08281364157260268
0.01265485366150041
0.056891330653753486
0.11062080646953555
0.6333452736625012
0.9067077469460096
0.753144818867094
0.06553089084320748
0.9407184954585657
0.6789116511796667
0.6613016677493353
0.8500493522420526
0.6606203559394671
0.24420789631297882
0.1965254959910131
0.4026868208640132
0.7429177040610925
0.5873605342529692
0.7288768098078795
0.8370867197186258
0.5274232882123817
0.7591217978662468
0.9311926976729124
0.8929046437690572
0.9202929486282245
0.3110499284525739
0.37224854234147675
0.5022045950007155
0.9552197540629201
0.9702946703978004
0.9072187438033359
0.9561563446720072
0.9454123383379104
0.13316956391520812
0.37609599606863703
0.6678448741099829
0.08691949674991609
0.5811170810509567
0.8004789293251107
0.048770358801153164
0.7015002188982199
0.5650794595941215
0.8679023073157291
0.26099954657884666
0.837840901021099
0.9182645476974833
0.643547663921614
0.656207546831224
0.9095306066880642
0.5933973723961614
0.8243789773322212
0.7030281615121968
0.9540178402757851
0.860909287557458
0.2738971100104016
0.8003916728573853
0.13064728166439732
0.3130204045628581
0.9402788703486975
0.09625977837035216
0.7884630335361712
0.28342961017540264
0.7969238428438928
0.961781351313175
0.688040906130054
0.11177228722717672
0.15465762753577558
0.8588388471353066
0.04154981739324428
0.10571586208220636
0.8698497821223945
0.10605475978659097
0.24924091487457742
0.9663995104953742
0.7254979558674783
0.91562790837602
0.4058740832355622
0.3756419741281519
0.8978744176491451
0.9178119936340556
0.6314978485407448
0.15413800822299506
0.5721092311478468
0.9287935439822573
0.13447901166344295
0.6831875296231765
0.9299854204042992
0.658906430260936
0.04077127790158591
0.9387881527070698
0.8046388351379787
0.6796654542648628
0.9589282588884629
0.20747595520727777
0.03654273580866278
0.5270634322381196
0.27110324203465197
0.6150098955809148
0.8722705679291118
0.3487396489577352
0.3206458500340496
0.7200671961483853
0.5459434877947323
0.7059821158714972
0.7723023317718605
0.14354983400389376
0.11765973113820004
0.6229950750964889
0.8078712512503128
0.08192644216606132
0.9790983903913018
0.7511815479656512
0.9421473505822832
0.7695069053529546
0.04997335565023303
0.8839893858838779
0.5561335062810805
0.7658672826197623
0.26181157321187853
0.607645687048477
0.8941229998086997
0.12031174222973862
0.98767430246073
0.784209934782402
0.42310258684956514
0.16063083604079595
0.02509267995786299
0.3475995721510404
0.19168113989472313
0.8267072690231505
0.6713666887404955
0.10445162731537058
0.2734904512855789
0.3657480781187346
0.4299217522998352
0.5525121719334879
0.22758526999136527
0.11364775169881479
0.4335903745476475
0.6340429348649678
0.9400122941615745
0.5297574077990936
0.9213226282016893
0.6352911459908339
0.9803261603442819
0.30672620682169793
0.6105132355666052
0.8145123780719519
0.8962908755532666
0.8412743072765048
0.7805508058972934
0.7845361481854243
0.007172942654556959
0.35842253560849957
0.4579090223342292
0.8422475718198534
0.6675407554214778
0.778398773787239
0.48127635568059657
0.9982741912724105
0.07621230440582186
0.809240606603804
0.7950124973886321
0.7592084372558074
0.7613990944803367
0.26781207360172804
0.788891447049758
0.21932392329909106
0.06766197596002411
0.6671178867922593
0.06826262863979078
0.10838290872963938
0.823428434298231
0.28685392621721534
0.9925540404705959
0.7306589478556452
0.1590523523896572
0.7065961500013518
0.4553986297311532
0.8170457737519026
0.451581077561513
0.186057649672561
0.10602202141787538
0.5202252055152214
0.10951070366838672
0.05294501128192927
0.7958964187652764
0.13470008960911262
0.9050922940196304
0.9370937751510212
0.6792567129102621
0.05578789953406539
0.7768604741468217
0.6488292923187553
0.06378665969039901
0.6073341638175209
0.7225207148634532
0.925089350250107
0.3734880590717954
0.4815143979419728
0.4594819803504549
0.10589661620789984
0.9270403509925988
0.6894327411545932
0.9042118259333543
0.07316122584335782
0.998744309189719
0.9579103916942948
0.7058087035737417
0.14958935172495733
0.5461407777767355
0.9718009930294917
0.195886540421563
0.8604915780201343
0.4886056952754879
0.17516783934273333
0.14259745610325364
0.8128596812891057
0.8064498732047167
0.12957633613485353
0.45607473140007965
0.32409195332569984
0.035679288152552086
0.28351487662112806
0.7413772571265398
0.895329540148275
0.030760811086323753
0.24921626916769582
0.9822048636303207
0.6178414988642283
0.15472603878002705
0.9031770981087797
0.7482737152547329
0.7595611613636868
0.8101036529158179
0.0867740451330824
0.8720998088461882
0.9054453719261354
0.12483509807953427
0.21500044164461066
0.9922030746339399
0.5064097942202698
0.8383032685028793
0.026370637488054984
0.6458002401460947
0.358593233497554
0.439218998772801
0.5236746584425941
0.6369843980190057
0.6045588078913849
0.5116099697750536
0.27343870663026293
0.4681595053828224
0.7239518812612711
0.9000734989757817
0.8870845332205064
0.16074709150068517
0.8386885829800709
0.7061101720401293
0.7137350488680132
0.8621830398889792
0.5534017651696078
0.24302704762163946
0.7889401425470237
0.8132590079548114
0.7501387273555049
0.6698424601526058
0.5327446865253805
0.4494140738006318
0.4939627194200856
0.7738803359029169
0.27110701779678126
0.8978924106599903
0.8425395352272261
0.6568114448275766
0.21188622523995648
0.3008724671433053
0.8870570193570394
0.7762965112293705
0.812512583001303
0.32772602798964395
0.551142275409074
0.05267084359726986
0.9351208981324786
0.5036241378166658
0.5489392926166214
0.935876923645296
0.5618171111294591
0.9412281033655107
0.037981425445734934
0.48309805180273846
0.09266883997384012
0.7445014389299066
0.7141972202254359
0.1329062190321953
0.8710278750633651
0.3156589760595172
0.848152269575132
0.10405468635579616
0.8523863642057922
0.8954748197486161
0.5518559664418898
0.7822245992226493
0.7856323875617582
0.9840310532240624
0.6258326669127614
0.9821321965631714
0.9204836772305272
0.5768350539584177
0.17547553904405383
0.17848352522456393
0.8291068689578165
0.766164797952164
0.7537387478841315
0.06469451460794798
0.24779899194775595
0.4910074465411153
0.1576055328288371
0.13181142382405106
0.6020607734569463
0.3739205377934066
0.9616525556793827
0.6369851546236454
0.5668742085197227
0.4107444776460012
0.6084272566867829
0.837166068398077
0.9696704610584889
0.16207120064780023
0.5960792452653811
0.7767953167809302
0.18537704907188057
0.9050714281691243
0.11285724294016883
0.8356263527315898
0.58459193117713
0.8433051682222532
0.08503600767844327
0.6825100388346772
0.7553656625502105
0.9059300031809423
0.03785422051181117
0.9316755445105269
0.6907622147738268
0.6076532833018973
0.31240197488473975
0.3859194279354471
0.44683848243309054
0.7424090461971713
0.25952936184104947
0.9616337985763608
0.20185808153842433
0.8070670041575235
0.043487398235029215
0.6940736872964915
0.15731569054291544
0.9253363677741955
0.9705180552016968
0.11205045487038579
0.6837887729591856
0.15586341222147962
0.9696437793948284
0.5988581205752137
0.07199503544797574
0.8018064993515298
0.6358614269381643
0.12955962988684278
0.08258209138565098
0.9896775107768988
0.4387791147813707
0.6126855788718621
0.12192678497775597
0.6489309713483713
0.100246445184053
0.7698421149986497
0.3716410388537719
0.8609687737786142
0.7012890308703918
0.8124073802400613
0.8850273775523324
0.8460489159070467
0.9517329878378797
0.7608452104733086
0.9885604574673306
0.04752257924739069
0.5200164461426289
0.8242261171171326
0.4955146317855347
0.38509286087114003
0.7650483134727568
0.7642827779318665
0.16317134820262563
0.2077400295875968
0.5115704120883641
0.8773436526540365
