0.787622372503586
0.5259864195067087
0.9330361155518427
0.7980067432790291
0.7967994237751362
0.9829196824009441
0.9204478134406884
0.8913973510752145
0.906132517363797
0.9872649331410458
0.8939876547732644
0.9015039694446936
0.9401788217293682
0.8987517884966818
0.7883928818171744
0.277285362906336
0.9396715589022644
0.6133766724301146
0.15487615249709338
0.9178885846650076
0.856453352774497
0.614742788074156
0.993230426967674
0.5960211796732534
0.9264466624666559
0.7103956383599832
0.841881555173422
0.9452748616165592
0.8711014372910343
0.9682597149240418
0.8432432850083725
0.9023762956436605
0.7970243255862187
0.9526475388898938
0.933367154047619
0.48694913340786866
0.9784692229662605
0.14460410720573952
0.8957880902934139
0.9856349396935018
0.9281488169940059
0.42150085115838287
0.13939163857602144
0.9888125776013503
0.9154019986728383
0.9450002964790267
0.848069733491229
0.8388362990341927
0.8021502998672959
0.6972374830927962
0.9103193016550225
0.14058995428419493
0.07557291797090636
0.9871285036017695
0.8572927530783818
0.9535908334687929
0.852263033941645
0.9125661599627246
0.7428671946719708
0.11992999081044606
0.985928516235021
0.8467368188195478
0.8982037773275477
0.7460378859451169
0.8750255872163399
0.919233823428597
0.8624963441076536
0.8168620594029921
0.693236270235433
0.3870004407031508
0.3353913439661907
0.23146540056539158
0.8732775114279903
0.6339164108483477
0.07226517070162054
0.951966349476624
0.8452577355133277
0.8988578244520865
0.7548479432272347
0.03998006957762582
0.6271391168275429
0.9794648564506006
0.9190249873750636
0.6935841940161833
0.7332985245892938
0.44864631623691287
0.8442472337578628
0.9985742402919779
0.9963648279319989
0.668358107631419
0.14121489223065645
0.7833994185479267
0.9541172738697258
0.901315282444378
0.8559637475949757
0.6881040995914891
0.9343465620256148
0.8588162216064849
0.5588638255190199
0.9146021442239296
0.8030716779642252
0.8292668009723038
0.20552301904217343
0.9555737213875356
0.7400457349319168
0.9848623704116266
0.9921300708543396
0.9602752722936337
0.9627541457053963
0.9751596586010411
0.9406652397987424
0.9987941582115791
0.1224463961510753
0.4729341225873198
0.7184470223845297
0.8359588156731128
0.9635391049215015
0.7013280028287555
0.175063165123304
0.8231155942851422
0.9197078790136083
0.5804920926681194
0.8956268735979346
0.8326592620049817
0.9592745832949475
0.43848036953193037
0.5183470512918129
0.703879638254118
0.30948427154989866
0.8986081841209776
0.5961874305068893
0.7086765368308399
0.5950791111424615
0.9783907517191002
0.15935599879863396
0.23227397523861548
0.9645266001045809
0.7787121983190366
0.9963161074377296
0.9180183757149987
0.16395316416389916
0.7191287508230583
0.14373392910527752
0.3846652340117862
0.9432248025045751
0.9142263054607551
0.7916623292073275
0.852061428549578
0.6481416371139751
0.23432947174861252
0.879335851064413
0.9838677904412042
0.9568666090710465
0.8702727653146423
0.7710373005481397
0.8245067365194088
0.9646717157796356
0.8047499150395098
0.9236060198321547
0.08982774004495375
0.8365972666542503
0.756813723966545
0.9388775137804224
0.8631553991227027
0.03737579644011748
0.9663784474887289
0.9901992321591238
0.92336628396898
0.6706466405927317
0.8640565080725876
0.11690487872431003
0.7212800166970254
0.4226607594674068
0.5673430690386494
0.8276953191748457
0.8929084858313769
0.7963241668076863
0.7395944771778389
0.3722427973156267
0.14705717931634008
0.7024021862277177
0.9324189510240586
0.15695846602785166
0.6713086759805851
0.5024778000572276
0.6208976056671313
0.6267050265939347
0.893033870811311
0.9237304159439232
0.08291843655546668
0.9186784916937905
0.8938815831556235
0.7264880924070224
0.8811736845293596
0.07391410072115054
0.4627960885193001
0.925649411893015
0.763218580116915
0.7080344498753852
0.5476083754426646
0.848220917474555
0.33727649391133496
0.794251335610323
0.542818258295693
0.9115861714021443
0.9486350180375211
0.7103758199057155
0.7178666704914841
0.670985277804007
0.930563806305237
0.9182467926035782
0.7013845982483518
0.6993384466604197
0.369257257487559
0.8313280797979243
0.9631267145919655
0.9857957010908169
0.8842775412452355
0.2188604766236149
0.8498523673730582
0.8377896967126526
0.8644091746741167
0.7856938711737755
0.9861354580827613
0.9555825684135617
0.6094782697146284
0.9915014109969402
0.3662344245452785
0.6174333642147236
0.33527485855806294
0.48322832768863777
0.1227665278653013
0.855586748326035
0.8203714229077013
0.8998431948270149
0.17785885187378772
0.3855548832966403
0.9757132828206403
0.975761390713974
0.8730934200898754
0.9785868729358939
0.9537397529325259
0.20149501477938922
0.745955784883524
0.6950313937830479
0.8753051480918134
0.8212364910198475
0.2891669067397973
0.9085079478075417
0.720314994070721
0.862391807651574
0.1507033001864459
0.9802277560952406
0.990918286115785
0.985116249828
0.07643900778383107
0.7720799758788989
0.7368723366109711
0.7544358479248457
0.8942618601688544
0.9532087148966328
0.9404823879637252
0.8205332502336744
0.9136718270432356
0.1102901236304265
0.9331845963327785
0.6763654294801411
0.7283903634180456
0.35949331787000954
0.16701826940626185
0.7359458772870824
0.8738980979181175
0.9749356136401585
0.8341075555816211
0.9617463206551257
0.8589904038467633
0.09994034793137259
0.923770700485553
0.9786119537525866
0.8882167262364138
0.9965594872335624
0.7609723959435903
0.8935246799657003
0.9253399710686145
0.9657164719628173
0.8456268866677246
0.5129655387627804
0.9751052370815108
0.7971710924405264
0.9284823161898853
0.9388869402599113
0.11423157229517843
0.8808607307506039
0.9806220520075057
0.9350435120507279
0.28369160622264467
0.7996731103925442
0.993092728847156
0.9472570189419802
0.9069012398923894
0.16750638261417483
0.814595399916189
0.4953686679035215
0.48260553045532484
0.6122667346832068
0.9557466311874907
0.7736524800674203
0.6261781193111968
0.5697805400817434
0.954543628279529
0.9896529273961716
0.6720066393519032
0.805047653220502
0.520575421380947
0.9880191888763484
0.9895889199857351
0.9958229179295932
0.8949272139159083
0.6324809275865817
0.9990113270497596
0.22310979455081542
0.1304068626232707
0.42195290431867566
0.9658981051685287
0.7733844344121842
0.966081256620956
0.45883207363602996
0.12475553105327065
0.9014566498739214
0.7177872726446726
0.06080943411293641
0.6240006590029477
0.6601444929645038
0.9232977272833676
0.9276623833844909
0.12829010256594792
0.880804181036127
0.7123713548048539
0.3457197497652697
0.20077609252555684
0.935773886402929
0.9429750794555982
0.876668021062317
0.9387018710689522
0.2132811972565118
0.6201763179267004
0.9953560610782148
0.8722368150571171
0.7354057706562044
0.1361615880442118
0.8487237007035593
0.2226685099414853
0.411684869973851
0.8511556191875727
0.88711429059214
0.9857302262994367
0.7377271285062459
0.7670112422463562
0.6310321896221289
0.9188498827514897
0.8806671696214464
0.20892087379842628
0.2669083280160404
0.5458276219991337
0.8847618063904819
0.5052673442383768
0.559362676977595
0.9598978408616634
0.6283136577298497
0.8963682245865465
0.16152466553281092
0.9933449366141731
0.48055458549015917
0.7937375692084094
0.6525724552458416
0.5960112657358401
0.944776856896196
0.8178007687627883
0.8543522872898842
0.888244869509623
0.8476741989846124
0.5156245359959912
0.8529973922619623
0.9610199162045524
0.9966236082883608
0.8419068460847949
0.7245311939454723
0.8680126511429431
0.9517971599343271
0.9905292861351318
0.24818570011414384
0.407401818216408
0.8366556312720121
0.7260432275415851
0.18769212714262046
0.7669052189017653
0.7368443833858096
0.24756281471659994
0.795421344431728
0.06372243954496526
0.20552855536368195
0.9520209952644729
0.8942780574863569
0.9807446301131648
0.9223074385818357
0.9336678008041984
0.7815987004960823
0.850957562583724
0.9318278387427144
0.966542221783125
0.9042544958305538
0.17438867283661058
0.9236476442018469
0.18031361743560642
0.6272474699692228
0.8650250964778986
0.9646382855014799
0.8509381939253776
0.20763804668616476
0.8517034058204244
0.876659115119294
0.7232455218300262
0.7306393986505859
0.9275060270042971
0.6953028899675203
0.6253577665111215
0.5051717248271118
0.9166640096882553
0.6914335669644616
0.555743914027303
0.9610051253413878
0.13981837582999362
0.9056380283483627
0.7780434640050597
0.9416291080441084
0.8504334713129784
0.2527666942712457
0.5843074469983277
0.4871943124237765
0.8799878907910627
0.05000756276182851
0.7582585809366481
0.9496209261674337
0.9006849080256609
0.8038708243439412
0.8950678922092815
0.8800606158704476
0.2072241832283644
0.6768663921777454
0.8559739350429885
0.7132342713737174
0.776980196579181
0.9438448343085569
0.971275625035122
0.8192996941379755
0.5483483751208722
0.9092191829688132
0.8400312630254543
0.5134087549932912
0.9887482548256602
0.8070370072225568
0.9998683049081551
0.979597313992985
0.9919807405779557
0.7740203569034046
0.7383356220286392
0.43014276729650525
0.8125460416954438
0.9245081614632993
0.03877463630842147
0.11089911815282721
0.8499863408812116
0.6469119882882878
0.6250940047495116
0.9272297911580255
0.12875666020003307
0.8025706072841094
0.8476439848086066
0.5138671763044776
0.8953860882958995
0.08080231507149772
0.8214670714768622
0.9926408064925356
0.7798372304697669
0.3665730944545753
0.8667681956951379
0.8414306155311952
0.5439255532394135
0.04477912239976738
0.890608072381186
0.7560866746038402
0.7857938331166878
0.8163064871908825
0.9611940413304456
0.9739682489706798
0.9897732881680112
0.20432555698173793
0.5375557392136353
0.7072525531450469
0.9787519709703153
0.24884709195178256
0.9522988694077306
0.7577146330919002
0.9903172451599049
0.0880998704782116
0.9430937833763904
0.9004909631362336
0.20512040037220025
0.5940044174959858
0.7552399697640814
0.5416949279381233
0.9549324048480115
0.3030031648134694
0.4891334562959508
0.8575950155807412
0.8249341014624376
0.7732572291856551
0.9755055490223199
0.8176917583022485
0.8817625793390991
0.6148355082008415
0.9940531887349653
0.3362966169626219
0.49888637192337437
0.27613118243310764
0.9895804276113429
0.9220299309337476
0.7379430744770079
0.04990454586773392
0.7074354678668533
0.9852665197318187
0.8873348637250401
0.86595708196082
0.884264297608705
0.9395389314655371
0.7706213168022549
0.22220700968588453
0.6963030396982852
0.9893530425206838
0.9011532720998878
0.940004920757681
0.7220423276198429
0.9153377991709669
0.8577271821150068
0.8885824604953259
0.8815483240306684
0.2703832793816896
0.7950470954479045
0.9221404902933422
0.4450748310947229
0.8564065705580763
0.5073793410020813
0.9018837466002978
0.15651502711209975
0.999396675521597
0.94611383114015
0.9753905528796594
0.9956963341325218
0.9117105535293311
0.9975340074036751
0.865058874897848
0.8655868777205837
0.6472716721502316
0.9822802842471949
0.8792008947442117
0.19011621347751925
0.9610833085954475
0.8481629002223178
0.9638059930759881
0.6776266180888154
0.8839409793151976
0.9888517085257957
0.8179491612603544
0.8707992910577504
0.2677738737563917
0.9300095144074159
0.8975559228653505
0.32844656962760166
0.6765413778953184
0.14069795650138034
0.8410284866008422
0.9606695629556409
0.9169899569374298
0.7491118730541223
0.5914152811984636
0.44759269405748536
0.9221903957113531
0.865325677767874
0.7990990569734229
0.6699617409534679
0.93039058041767
0.6868313783820608
0.7364516378078683
0.5366027666287638
0.9437416213057523
0.8947062300318174
0.9314928862106326
0.932389503289555
0.7974325950404499
0.05885941755487857
0.4306310530241221
0.2598883417759634
0.952953004733431
0.862083144587859
0.2928758462571395
0.13953126326312917
0.5667378297352167
0.9603155587439904
0.7434961404374061
0.7715644551885896
0.7685315182854904
0.991909111111554
0.43111863019850427
0.32595815341181583
0.131288108295707
0.3093851337990676
0.9629372942225414
0.8436498071439515
0.9613375787081798
0.8295942949420435
0.8691561930644582
0.8632870976948746
0.5031059313700678
0.913212425311895
0.8726307555278887
0.7098096426063173
0.8821974399188719
0.6213639767061079
0.115960511729053
0.15572635657482778
0.9745251034274861
0.8278426933194417
0.6415097456003878
0.8639001206583956
0.9494594728585395
0.8499706193361056
0.18589719719778752
0.7263495066235008
0.9696148765936491
0.8899353248783751
0.8420499720952701
0.11628678672276141
0.2795560332810787
0.9947871207274102
0.7559015394301086
0.5803056047786876
0.7744769437100865
0.8675368431911639
0.1114254285098757
0.7916153425240716
0.7324837397633999
0.9548112116058638
0.7958843186717681
0.3788612085551747
0.8430948169095689
0.6132658505211299
0.7608562162044691
0.7837696183237199
0.8110655139270437
0.5853958911970081
0.91407865050239
0.8822827905356788
0.5658981944692556
0.9965065619014171
0.2014049022865749
0.9389088618370752
0.7218697367199524
0.6587864438201063
0.9269198770852414
0.8991189228935207
0.9017866478205694
0.10042570563693332
0.45012411375151196
0.9641810714747385
0.6481829459447673
0.9409231400548717
0.6777375649054556
0.8479531842609835
0.8622481378198327
0.9269708711236837
0.9455558463169569
0.3019017377953759
0.8886488876877789
0.5368720472214867
0.8375551019057047
0.9452273029440801
0.6990457269045771
0.933531333009731
0.5926227287356087
0.9942084863995237
0.8955516652976924
0.9742616701992544
0.8444128722486997
0.5837431035305963
0.7902701623962117
0.9446336045602578
0.8574684974919273
0.9976445546112475
0.9841089985555252
0.8084941084753374
0.9675534624599564
0.646143956785952
0.4048052745854903
0.80815559639675
0.11533600307206202
0.6548598710858581
0.9823142887042304
0.7607628276393994
0.9426380558131691
0.9908985953754896
0.8769535571807592
0.1384287900267434
0.3259719489482338
0.9871145718545079
0.9979919837479432
0.17036634727765654
0.8757913170099645
0.6998708514045127
0.24314872080887218
0.9992771521818833
0.7870747969275159
0.1573894473791483
0.6349889529374
0.25251297225606
0.9870259373312293
0.5620188869188469
0.8916293445857942
0.10335369243542428
0.956143267010787
0.9667209956691177
0.7622038362052186
0.7135852370154883
0.10656063368863669
0.8687714979841807
0.8259829594018385
0.22637598812950693
0.7111739256528623
0.9050269460639806
0.8192710439350037
0.0924413924259131
0.9344334272192913
0.07607343049437926
0.3027084540859253
0.9583786672644947
0.9971548683225356
0.14634654110532905
0.39291019758023565
0.9417750881865002
0.9891601825807597
0.2681125615918904
0.9624058390060262
0.23877291380848387
0.8372849118474981
0.22439237479645896
0.9447221761537927
0.7552976757631161
0.6380187252877701
0.2123924904907647
0.30379262434813875
0.4406445293066086
0.9315995569947559
0.9934295313150097
0.9050005083914963
0.9511772134242238
0.920881847623821
0.8524886565067855
0.3203745588392405
0.1726586434644146
0.9555893330966183
0.8883984251319476
0.7915309145326941
0.1475094583768766
0.23862420354772884
0.9136649163085204
0.11246140026779006
0.8975097190839343
0.5625811409494246
0.9100887609703993
0.9615168213570411
0.900541348327609
0.8360256545459113
0.21548353998672287
0.7957829025819099
0.6431856381694077
0.7147447407382106
0.9490367955499519
0.9339203010338261
0.5507065508041469
0.8923194230135622
0.7964584990356789
0.8572870887397792
0.9019383983666085
0.9454325891421366
0.9049542004576657
0.8794446480738058
0.23362369378152287
0.8011800799710727
0.7435039114607168
0.3911473963683102
0.807679628271262
0.9368504519628269
0.05191272674327181
0.8789751518768198
0.9411110645910722
0.7135025509677565
0.9435552929392385
0.8321274353008754
0.9555578776400389
0.8639165670984298
0.5261949743074084
0.7170637020347645
0.7247438069656609
0.7618828202818174
0.7750363811260326
0.5908458874729259
0.9292805663962969
0.9672377593950312
0.5534478958381761
0.6521176835997466
0.9817668462739617
0.9009741052032509
0.8629394066823901
0.7552102989429121
0.1440873280882994
0.9310818308505324
0.7264408098704472
0.8763309260938452
0.7068890384882571
0.9303968024042204
0.9699562125911639
0.9965802203431393
0.8539222180109594
0.6721600160004638
0.9388670732303424
0.8205098302487372
0.15941743323664115
0.6158231729793139
0.7586771187490917
0.9282209987209542
0.9163064745388239
0.9007175424558715
0.9801497073071064
0.9661934710452588
0.9299197018442501
0.08396560820066169
0.8431698211960125
0.9489617051412289
0.8892917470947468
0.8407499676651744
0.9213449314926745
0.8601390666422022
0.6778432643808556
0.9632531104634539
0.9177392353985094
0.6415026276969215
0.8683633341324193
0.8799312302733535
0.9654225959738787
0.9464654792626025
0.9303511762893055
0.5436110433598416
0.24407251413705888
0.6135616442307052
0.8982531389723886
0.876618367343176
0.6634497630712484
0.9547150134849149
0.743234946684862
0.4660587600507795
0.8950933687717155
0.9495437154629058
0.9371269856790656
0.9010099456442986
0.9830565015990054
0.6551907986427983
0.9568375038091055
0.9036924001262749
0.8841325463923948
0.8464255225393337
0.8559956430221379
0.09349803373356466
0.873862183147005
0.9367637337204491
0.8152073170058378
0.8443429081233853
0.737155746566363
0.3439893966749659
0.7897755071007535
0.9510990783237939
0.8443052863036478
0.8691649609982903
0.989245749808751
0.932227841601393
0.9551068930064466
0.40569171323882913
0.7305282554881619
0.9623215896477983
0.9373007055322754
0.7731276653172776
0.7815122575330027
0.9612984031036778
0.780880857932617
0.9880271186841855
0.9658771652582193
0.9937090279734699
0.9843438239040193
0.9771257044406494
0.9877176505732982
0.5671739897999738
0.08135135541542846
0.8798414803227503
0.9978186943950527
0.11488930980147302
0.8189411254213304
0.962871355905258
0.9850971623831979
0.9902305219854706
0.6394272741410251
0.9591496472818466
0.7159682545987109
0.8794149029409049
0.15348800285287387
0.799156874897382
0.6650651319615757
0.5999434680079068
0.30296359305204584
0.1866236662100067
0.878278083380748
0.8290940202640391
0.9374712099589745
0.6225862265976179
0.9737247891590344
0.6833246883319666
0.9991104016866765
0.16139781523991897
0.9712655294518026
0.749444856755413
0.8227241917023398
0.9020823935347613
0.929331518584853
0.9413267481262939
0.8824837285945457
0.7873301943401405
0.9211084950921529
0.7111567620251555
0.9844255387698642
0.05036105029503731
0.7546340476846352
0.9504399079948949
0.8135635340543166
0.9047081808212208
0.8808615641359486
0.9227080692378512
0.07584474314965714
0.9645017505486875
0.9873973678612304
0.9979447351533881
0.7169117656000981
0.8441984151164512
0.5061865207543909
0.4601505929454972
0.8442746746726626
0.09664309355681631
0.8734966211051871
0.7045579206569832
0.1314129748025839
0.7414972986180021
0.6991333714191375
0.9226820707668126
0.7969679429471332
0.9684608920972144
0.986526614675568
0.881092169432481
0.741748007910961
0.9838248705793502
0.5310686275020587
0.1458918194661547
0.785077054454663
0.9739955156855243
0.14883882416083538
0.9302979860359386
0.4571048032173691
0.2253458289810857
0.14041997058043554
0.7989584987270903
0.5495547529956832
0.8886824926540298
0.8224076325585157
0.8886632607381271
0.052245713526498774
0.9535685415187269
0.5660674206818882
0.9243325081233273
0.026633110355288668
0.8753635537256039
0.6067483956554228
0.11210438161247627
0.9785837807407719
0.06906842849166667
0.995853135408902
