0.45363110156019487
0.9973903335317321
0.8381572966830577
0.838010472443209
0.8714789984365889
0.9210304033679144
0.9465064978270066
0.04846993006851308
0.8251751172927956
0.7374213093037983
0.7506882668251202
0.19212148658583897
0.11625205454364118
0.9581364591013218
0.9105567285673131
0.9200375083815291
0.1809745667232035
0.9237593008487738
0.7033776800036415
0.7419617154001729
0.51816689552834
0.7720670820563847
0.5849374522787406
0.10374546350429045
0.9766191749206385
0.9155290227296251
0.14891610127113603
0.44924170993398105
0.9307005926183167
0.23338127147367854
0.9709414806697342
0.864846792073448
0.08321646901591484
0.9435673243196321
0.9412098976062798
0.0612124561652209
0.714491648691604
0.027339933147694
0.8353386682716792
0.8622983206340924
0.4007935952593477
0.8539784213198407
0.7274668367089124
0.9260987030231838
0.9627361151425422
0.1264568777269361
0.9163662302784159
0.8579382053485557
0.08495334787982653
0.9741377894098939
0.22930406925205377
0.9537683672894113
0.9930543522049962
0.8092096502612423
0.9786461961758357
0.6992793052425976
0.6041304870376335
0.8654131623981722
0.9720418165115898
0.10218253545289
0.24049423467952732
0.9864507944170541
0.7115371098268636
0.22940387770468953
0.9692415503329884
0.882909492684802
0.9700268117141817
0.8633134048410906
0.9058237760808877
0.7464487506739607
0.8945818175914275
0.9068193125084422
0.08736995904195928
0.9392744793042594
0.781019148962389
0.7459675244326759
0.9664852749184045
0.6743961022299264
0.7701416631579255
0.9144593903172509
0.1546674032548399
0.9917304113912091
0.1642587940473852
0.15466049125263195
0.9948098624765593
0.8308667315073882
0.32560720304070534
0.89288993791652
0.3801595238185227
0.8929053073070674
0.949241136346987
0.5471062476741948
0.9313322087071643
0.9785320055763052
0.989576832848588
0.04904767949567365
0.479131867692672
0.9604598031065722
0.7165711183673555
0.96798501796535
0.9737986577179267
0.7804481024626717
0.9681653811875983
0.7254341314134906
0.9422051781815879
0.6712554245314051
0.8240290200171563
0.870783347042557
0.9377739388227502
0.7512482320842383
0.034429152628891756
0.10503206804325843
0.8706065963370028
0.17307853222503605
0.9928317610652202
0.863833515946054
0.10225329442595546
0.8120224608240059
0.8056036301991297
0.8356966368334886
0.44888029442108784
0.8959330621195907
0.9318931910788311
0.9853467330867304
0.947631180977557
0.045836494907090145
0.6323063118389686
0.3539840417479467
0.9901869959390717
0.7160525010998299
0.8258093036540388
0.9725515539172807
0.9210828447227395
0.9652802929648887
0.9675024690925604
0.8607070302438535
0.7377731457727404
0.5061646410477207
0.6271141789924137
0.8849059214245395
0.8863487016517575
0.7320975887986632
0.28895527624652734
0.7377582598511625
0.7471995810791141
0.9387086363654253
0.8093344642864726
0.2728829062671777
0.8726495463572208
0.9099324197349967
0.2566523971336946
0.5533763918307639
0.8733986200482527
0.8390270697638073
0.963213787848346
0.9486588278535941
0.9353179675069254
0.8723791685514242
0.6275065093295733
0.7924718538431272
0.46950965103156356
0.48243764387125815
0.9056054620832195
0.890538196837861
0.8182132084884288
0.6640699391407612
0.9339521735114402
0.9815678497025759
0.32063245291488285
0.8737190901378135
0.754086538829152
0.20652322085984265
0.7791896020019976
0.946933986271953
0.93702230061757
0.6900901495630584
0.12179543954172592
0.7661773573339505
0.8814434221933503
0.12066647641429563
0.639769801406034
0.9995507420397495
0.938490645169838
0.9425390714439625
0.21246445341417403
0.13444285309958962
0.9580965693659999
0.12607891916907926
0.7926725940214607
0.293192838379281
0.9603089539821383
0.7976855386322234
0.9556808047069223
0.788695838782066
0.218415401817194
0.9560755388119835
0.856478862316389
0.7889511792105821
0.7993317304349981
0.9074361298702813
0.25372527291082747
0.9032940581843412
0.8623231432350236
0.9421906279596223
0.9114701215834996
0.7418636997443955
0.8889281558144956
0.9689044007215419
0.4824846142272402
0.4473436766597645
0.6104378230801527
0.9865110607922298
0.8626641118466005
0.8433849308423245
0.9686999154715297
0.27533631961672717
0.8186797621802246
0.9521204388384532
0.11849960222150512
0.30957302338674325
0.22092475483420104
0.9754452553075883
0.7990321417278665
0.08139741462407121
0.6426909558875464
0.826601706327813
0.33177752435380536
0.947033470808082
0.9464525338394776
0.963500018695735
0.04741036458683384
0.42455739054182634
0.8931862205427953
0.15833900900874054
0.11521514791482522
0.8868781818294926
0.3237122669577155
0.9968088004839794
0.8699648103340243
0.8380859582540411
0.9768705842301382
0.9877571168411328
0.8784068786271887
0.8495865781362293
0.8510349348607613
0.41543282602899495
0.9180479608515222
0.9853345554622901
0.25674867864779416
0.5066330756091255
0.2651206607424733
0.78617353366959
0.8577608146413429
0.47590315396980354
0.23793903955956258
0.9970670630067262
0.4567369271411239
0.8019573584343741
0.6228867751444893
0.9047505003277607
0.9740400130999936
0.6574236558808029
0.7529797148245202
0.9918969270822757
0.7425094171296036
0.4501081726168509
0.1871000641760813
0.6703830405905699
0.9680460610816412
0.6655278358157447
0.5358084990353895
0.48986946956185473
0.8314818681145315
0.9008642987717393
0.9457388278925885
0.23821408484478737
0.9906879671111666
0.21388802292957493
0.8269108364976074
0.5883517132302958
0.9944170420450773
0.8567537751775893
0.07480600439090929
0.9493879318476748
0.70977053052877
0.9227053466080721
0.7854683737803956
0.9680507384630703
0.8820568459338161
0.07804397765350993
0.9627763173987293
0.42060286434547156
0.8238355892013599
0.9024054719394254
0.09126981464023838
0.9540179327981372
0.9436054705122949
0.29343636280162666
0.1322900523748007
0.8253574007894672
0.8268008267333864
0.8816001447242584
0.9018134516940262
0.3040562075075582
0.20474338410118248
0.9315211570976536
0.9207778313786641
0.9364563593490433
0.9773128489586547
0.9049301327893325
0.8726709335963971
0.5912329309117735
0.7597297978344799
0.29659121527194987
0.14413100451568217
0.9769221597375387
0.8608339137942619
0.9918168613556098
0.9314682130056545
0.9995145583331373
0.2205705050183855
0.605758556775624
0.9098443455446914
0.16628331831663212
0.8082219548609675
0.2897996939191177
0.9588029823892159
0.571461193020325
0.9775945608613359
0.8006660727710099
0.17220726371240358
0.764665919160282
0.9947630790009174
0.7749188206461219
0.8869339491354585
0.7086065189292231
0.8650672739115772
0.8784534225030407
0.9386430328711288
0.37864094371224166
0.7014120098410265
0.9670806731333701
0.07598494335575548
0.9290989862070367
0.8828381178656082
0.8219563766931743
0.7292593326397372
0.9206287060905112
0.3408512394165174
0.8489573106901434
0.9506234130435822
0.3632851511183234
0.9538307636611334
0.809296794969751
0.7226416262757742
0.8291674712913601
0.8692786067001037
0.8908557282551015
0.8210760612230495
0.053911140752179953
0.6768579661061108
0.9115115016628181
0.9032419950144617
0.9402583560851389
0.3420539812118154
0.8353800894870964
0.1816875382333077
0.9180081649707064
0.9954276381955242
0.9984229057837335
0.7943325544326996
0.5343705783493868
0.6185948184881095
0.7340762566587943
0.9883737194620863
0.47102770912369196
0.9024469941600104
0.9778586909463276
0.8133137203745632
0.928320358860881
0.19690262544715686
0.742666313566992
0.5227621909056056
0.6318093356196427
0.5476534070798245
0.08980148897883387
0.9379464946438987
0.12050883252911489
0.36322488955485643
0.25104676206164556
0.848563153891843
0.7906167915389678
0.7853623351493795
0.765681140907665
0.9737990862244124
0.9894257090233978
0.9772263781846153
0.6271041867965567
0.29874592801818617
0.9535045988885471
0.8533269508296308
0.32500586522485153
0.8527909314943356
0.8893522710953463
0.20786091724651484
0.8998710978155614
0.6794623049396844
0.2834292031723964
0.29020317138812657
0.9337472529823564
0.8479146331759704
0.8322736320447977
0.8531977892040778
0.7845327241009225
0.9313699792966622
0.8820094392908603
0.2072547829279438
0.9671803404157648
0.9781435928740558
0.7539593882252493
0.31747483093282575
0.7181142485378098
0.715547566436718
0.9504698737914525
0.7077444378631168
0.8434555912655116
0.8803156674959998
0.12094508515531517
0.9605516755027915
0.9581609729221536
0.6156123944159506
0.6210955868227412
0.823350057446171
0.986191016755606
0.3657679677971406
0.9787325636690127
0.9560041527904755
0.992786961302805
0.5707338761373048
0.8976374094068538
0.9792898571390325
0.9397684614785702
0.04675780920341763
0.9802138356434944
0.09919820175218563
0.6784242186104134
0.0780646456123654
0.70571702856063
0.7338276864308941
0.1734287657559635
0.7947399592084423
0.9252356159835313
0.9058137376041938
0.8505012706187463
0.9226910402929278
0.8314828631897004
0.10401808893335968
0.7259792282195572
0.7261137093491671
0.9530339134964506
0.8435679184739864
0.0677873124650178
0.7052735677608106
0.5466761984482245
0.9301309329861158
0.9283678145182455
0.6909057817306565
0.7738035627510171
0.3100805058566104
0.34222313961826406
0.7709812476527285
0.5664070737675309
0.9853046707428078
0.7945304357222626
0.19293430481959623
0.8601013261931705
0.9772720389845979
0.8946626897898271
0.9362607084583526
0.8652802944594652
0.8901186694323248
0.9225402049202529
0.9631879315054905
0.7802881999246989
0.917298229832007
0.9470449540032007
0.6618654908666306
0.7274907100577411
0.9069477974378648
0.30020853511691625
0.9524874142945079
0.6616682682112136
0.8055282613990292
0.9089355506396609
0.14593751838852453
0.9887151749803891
0.9411049813490012
0.9741164520555179
0.7922168640203153
0.9625053636384502
0.866046324237345
0.9249712282476557
0.9139074093714519
0.8933894095015609
0.07677177087558688
0.9225248241194386
0.4868748905942972
0.8482777682177034
0.8919125425787132
0.07647023405918331
0.8859309117739474
0.1267275854588623
0.42960382784215423
0.7088984077782516
0.038826401131754035
0.14479098710413632
0.8473782042623316
0.15642223568454017
0.8984440919067893
0.964335872747
0.8434089927850996
0.7358805856249572
0.6650068839308951
0.35938604551519754
0.7904949109982249
0.6257139801336713
0.8915600892231696
0.9761856199078165
0.9925376980185129
0.30187983726079837
0.9506127702854434
0.6316725161449506
0.8506790060171443
0.8526792554956902
0.985697937178569
0.7662568166899505
0.8102311711437475
0.7241686249157923
0.8749202282044977
0.9233562910542089
0.9029495042459317
0.7876127058249606
0.898180015781766
0.15968833621566325
0.9947343877113746
0.5291553998318544
0.6652251727022573
0.9794215809815816
0.9525421684938109
0.9697402205241796
0.9529946849624193
0.9427257965817901
0.6367915145528321
0.9273595605635421
0.8830522665216523
0.7871135929612443
0.8739578885225316
0.9808103070751262
0.11057428291201583
0.7334511353147782
0.9163088140249925
0.8531336118599699
0.8581214608232397
0.9529205823587237
0.6936522683892568
0.8296532231738996
0.8390069759774612
0.6587302969510264
0.8904081160788893
0.7937015856891712
0.9568994683178673
0.6060822110697903
0.771548998532938
0.7177033401033697
0.9234798754786555
0.08659479324001235
0.8545991167090601
0.3264183684490195
0.9817031957931177
0.7302601618480916
0.7436375705513992
0.9627338379789459
0.6738231963659123
0.8500305682792361
0.938638189236074
0.9732763621323397
0.9179607480365324
0.9371697173277357
0.3029516782840266
0.5452872609771381
0.857549351599785
0.9444773543636971
0.9604938881405106
0.9135177319121788
0.9895154203163623
0.699474541961466
0.886083700212781
0.2989673719850278
0.23733027184445196
0.9320130367459942
0.6960304912512709
0.9500777397856159
0.24602029719577165
0.6313977159798279
0.2816108283063035
0.7040579753583641
0.14335167113467867
0.9256596399516841
0.9052255985714508
0.723390613744367
0.9097647015714356
0.9303801657172255
0.25679703158116673
0.7844469697909002
0.8509521458127767
0.4682609027389358
0.5281170060980251
0.9302942619139398
0.694418217125625
0.9058169524587463
0.8209903938653272
0.9800357003515561
0.7273505079777736
0.8661595692822357
0.858837767464645
0.9541335346565767
0.8649177538062696
0.7160828297438708
0.41978751916058676
0.5841980866492629
0.7146683621594415
0.8736614424814695
0.8017252522799122
0.7213408671527952
0.09129707839383096
0.6180618879455319
0.23471831324720155
0.43182346798747995
0.8112626770394622
0.9085126839185549
0.8260509594616885
0.9637688581052899
0.5319207510662352
0.8567672313759813
0.854568419792176
0.9239008326749676
0.10658669736936764
0.9900376863734068
0.571806612100651
0.38636264565594064
0.9089929189351215
0.6995591194855064
0.04603502248667661
0.8366128097396628
0.8254564632503245
0.8390037435112556
0.1017866893698838
0.8099903100773764
0.9261320097420366
0.815450906783141
0.1895354975719294
0.9087112913297186
0.8297695665256006
0.9127048289498887
0.9730580868366343
0.11321335935908036
0.6104711408044152
0.8564828015636776
0.8663117410708827
0.9663814563000573
0.29035764259847563
0.8506823948184474
0.43806197817312953
0.913775726525359
0.3624351917007631
0.966400016939096
0.8696484591085879
0.8403672281199769
0.9970191285933665
0.21808245396699028
0.8045157842486097
0.9035137884612623
0.4282215299135267
0.9755858003900315
0.8979813167066535
0.09826567879377468
0.44647061597225646
0.6032489857634544
0.9071437362315335
0.9629807388371188
0.5673755459117014
0.8555723691627886
0.5464758564776324
0.8986865919424831
0.8398343929333231
0.7374936030482022
0.9786193030701228
0.7320570700272545
0.3717081102695988
0.9302349141396341
0.86526026969359
0.3341543831683017
0.8465834289174761
0.7461743011654621
0.921293783661913
0.9670726044582512
0.7494028940384481
0.9103551219777288
0.15846489110380443
0.8407366467713794
0.7739680954784889
0.6449246338829984
0.8318172764341769
0.9461951361744948
0.338078903378204
0.6360379677478138
0.6394195727025771
0.8470624146225015
0.8439916255382285
0.8792414218075697
0.9262895065583008
0.7529240497258686
0.8428274834553164
0.9918210960099505
0.5898840826697329
0.8778104965818762
0.1930745846442512
0.8465465571525342
0.6941888178691007
0.9468062142155274
0.7445976884394027
0.7971810214036446
0.9069543976682855
0.7841316089531827
0.9811716395472232
0.9707430346202494
0.8889605549755835
0.6115860898616585
0.9919569783863345
0.5156825396782214
0.8859830056770329
0.9178966979869501
0.9226704813160667
0.25839322361379846
0.7604423551087085
0.9360537394174322
0.8778327026410108
0.9197676411951881
0.9945274973656825
0.21468209665317295
0.8494128816622011
0.744934848577135
0.87125092197997
0.9783798890941684
0.1089314354959342
0.9742415038497724
0.2761492634744078
0.9451223225696935
0.745249875101508
0.8055190387099668
0.9264320483288127
0.9601567653927459
0.07529974142525003
0.876935898531044
0.6964843812645963
0.9793613884115657
0.2136866496540363
0.6700247810686335
0.8557944285127321
0.846364680507067
0.8047367120753122
0.19487145318631502
0.8857694198564902
0.7619268624634327
0.530163367565541
0.47294069723432064
0.9901335441179007
0.3067635677086519
0.8922719574937328
0.9636357707918435
0.9275599398209899
0.8688781479271307
0.8943297845761689
0.9062153810026802
0.9269702144763384
0.8901253814290918
0.08730582739181994
0.7156851007314177
0.7652045399364411
0.8660909074835326
0.1380340400826056
0.976898887942661
0.9979787046361412
0.9769019491413657
0.9880139514146049
0.8270727362434142
0.9107210663159138
0.6823276396115503
0.9331849384504061
0.9912060464839645
0.9472452814592851
0.922990027922516
0.7321088662358167
0.694182122717504
0.4876063512883561
0.09670858997880943
0.5728158233828244
0.07871337200585256
0.7403446185585767
0.9399151069579849
0.8335890731441598
0.7840754000761059
0.05617662714208626
0.7636680723611368
0.8343751203585487
0.8461378483633725
0.17215371553691952
0.5110112662662626
0.4846395469280785
0.1380880759600227
0.906810644629292
0.9609732528162469
0.27358247588731366
0.8343344349943995
0.4398974121456803
0.9706279598965469
0.4446592807367604
0.7823890459894929
0.997283883275627
0.13660195881942414
0.8412780808791251
0.7544075252844733
0.7753472980684212
0.10522168526169555
0.9284863983134095
0.900365241515065
0.9393168217230693
0.8751299379026627
0.7693777968619011
0.8558328139539652
0.6525758278927408
0.7995818781851415
0.9420878675470834
0.15580864384282556
0.9932366558044499
0.4373691071823409
0.7676034136009688
0.7218403749096767
0.5094645769112999
0.8392322315378911
0.5275285053170781
0.9536908748354829
0.2351738317231914
0.9129339314631537
0.8861098725222729
0.8835577846387711
0.7482866167944097
0.5711355164466652
0.25957949359511995
0.9482085602626574
0.9441476898425043
0.8464484047537951
0.14296524803334215
0.7031790416175169
0.880007163402264
0.6039258871169286
0.9970559470595273
0.2948532730392904
0.8002942442656222
0.33248371010574496
0.5696541604410059
0.9365518532024852
0.8995710747430707
0.9530145742888916
0.13778126631379128
0.9214402193657802
0.7436980746170069
0.9201852187722679
0.9971857949209539
0.7334612131208911
0.9931512934920996
0.8747280325041606
0.9379909179729222
0.8935823130814142
0.857067530500131
0.9725806439466382
0.923184702376769
0.17772924967001158
0.04348663478689446
0.0458012380742959
0.9821851942654343
0.7539825580675352
0.09788960129019009
0.9977337472561321
0.8990698554678129
0.8252770836970306
0.24274995220914328
0.9117532887419456
0.7533771842964601
0.9560967174400594
0.9298660576511533
0.9881529071722646
0.07787229756600886
0.80146174021614
0.8994356923700535
0.5885110557095872
0.8179748696585611
0.9080029792157468
0.5728748215426303
0.933485062282793
0.9651615594921472
0.3529980505271526
0.11467280382150546
0.8411580660791946
0.13058710513377153
0.03956287912282434
0.8001220224308446
0.22754175193754633
0.9419407831620417
0.9292032608959044
0.812820551473481
0.3877727542806893
0.9338306963752071
0.5728760009978578
0.9243910327366434
0.8947193726450449
0.9362312836238781
0.8714189668237947
0.5471360600730822
0.8742994219225086
0.21321757717000275
0.1500946425642081
0.8185021892327027
0.6933351423918481
0.9676492630964786
0.9395841304005206
0.8911660682562861
0.6650449945085306
0.5998722209109562
0.7573139618233561
0.24720876968674957
0.28937461357786975
0.9295839274917699
0.9926853771167641
0.96822542098531
0.6819029769133829
0.35836425210718964
0.9861130781173861
0.9179212344457963
0.9189470216910842
0.8873954636997115
0.7367733421386164
0.1729236468296999
0.8122010760219069
0.8258579085359412
0.8643049469022777
0.20845338112905068
0.06959998339230808
0.8657232887389503
0.804178292388969
0.9560498650407319
0.9723965836241232
0.8864142610609417
0.9311233226401865
0.8963519805341726
0.19657045094435321
0.43223935139873926
0.06824826996470179
0.38403017112057336
0.8513556260061821
0.8941947886988472
0.7981005942403054
0.2274649184207483
0.6380264319462403
0.978105924212564
0.7902793738429869
0.935640317684858
0.17035063911243337
0.7507367247536059
0.6241463067665901
0.9398359808445925
0.7121645554178527
0.9985952486589
0.526495791306621
0.804780417827365
0.8931646252786737
0.9444482878758749
0.9050220031708145
0.8633904352979462
0.17019911221329465
0.8211115448107886
0.4377376596132324
0.7841432051074508
0.9110538846380745
0.7148532323747834
0.8673742893193334
0.3992726562796509
0.990065565930148
0.59216794599518
0.8638167224538533
