0.7129656452215534
0.9876815064760898
0.9159429570042819
0.8946155855440532
0.9284968573352091
0.5705683367647252
0.9450144053825595
0.9710740095612687
0.9421767270820107
0.8948824246457088
0.6266255279922766
0.9558007300920095
0.04986200138292744
0.12215314047019232
0.6168522685784851
0.7958528658041677
0.5752463286495524
0.1831669773426413
0.6302382429993962
0.9220701356588825
0.8995017013253046
0.808301441317872
0.9234104440578286
0.984172229321957
0.08462871984726919
0.8834997210190825
0.746715973078487
0.7913558708687947
0.9490477519859792
0.9292596602363364
0.7632693038264622
0.8492227402377076
0.8173148827694412
0.7014881941170921
0.6931270041029325
0.10211691566484402
0.889494275814058
0.9805007425406078
0.97786234330311
0.5482793607680406
0.9713224598982304
0.8997555964676903
0.42303030153939164
0.20783983236986822
0.15686510371003157
0.13268677974960427
0.9269655886458059
0.8750420585383147
0.9830912353435923
0.939738177395163
0.07482027029159784
0.8340229661971883
0.9597154449916866
0.5666648574686253
0.9840082943348955
0.9676176812982715
0.7066387772737552
0.7728957442606386
0.9014120694262017
0.18832551012270154
0.9467258156947262
0.8748048033640106
0.592192902364137
0.2474689064341038
0.9691810315835634
0.8006529648362783
0.9593814400317527
0.5687547042501027
0.9216202640157513
0.7848661300186514
0.887095545986558
0.1690862206758712
0.9803155177575797
0.043433393627604525
0.7560154056204488
0.7087012083204991
0.9112963531802778
0.9540203975020101
0.7420125426552817
0.15458852232208156
0.4883193882566943
0.96807757451401
0.8786930726543998
0.9723552653480376
0.8218390214844502
0.44635147367327466
0.3304790010294948
0.9142961611885823
0.8633666351110401
0.9816474022904729
0.8112254833471964
0.025012735622988218
0.759259079980356
0.8104633746707115
0.7482604839544447
0.9814627421552833
0.9325553593114411
0.9261913249690448
0.6231097617081569
0.07366204992463385
0.9483903366800301
0.04812489807433505
0.9058981630791019
0.7831696742834808
0.591406880352209
0.7180835403395985
0.9771847139438092
0.9363385982469064
0.9897691753342264
0.18520474077048923
0.9041186939355701
0.419862318444533
0.9758454701502011
0.43366212729356723
0.9588695676294903
0.6477581004781027
0.8785504483153334
0.8996926923060281
0.7100244253973117
0.8085865678801398
0.02032678138558121
0.8650544176343686
0.9505525857392717
0.2228890973608094
0.8638849598190843
0.9600390475187048
0.99377594687535
0.9459252049351473
0.906684229913302
0.9455331348302547
0.9586068125600247
0.8548068140302113
0.22777010165380968
0.07373146766717115
0.968494239036394
0.9380417705439525
0.7771236958039927
0.9631873438936818
0.02866630658694616
0.6743919882629907
0.6856199880118414
0.9850974696614201
0.9594840734439531
0.9277509974237861
0.7318134888997617
0.7667974175325037
0.0953307205475222
0.8580240353892528
0.24126297528123833
0.8682240339092275
0.6140230908870694
0.9138465446361999
0.4598981421690806
0.9935007160067135
0.31431565973772124
0.25689328483180607
0.7847433038178774
0.8365162057920645
0.8712419238091275
0.10232233688259544
0.8707334846608571
0.8996846485608267
0.943947591813994
0.9794069312726716
0.09973391423795759
0.9500537602339767
0.9211761773475664
0.8634864225732195
0.2246099748579652
0.73893673979184
0.9411498545177759
0.23245978250443694
0.8669076279713297
0.6169710912927919
0.8290722696758847
0.7110486267181184
0.9560106360144566
0.9460462322584638
0.8021585548602167
0.07611240623929715
0.8315078998094414
0.17777223148192356
0.4503763006329446
0.8085820144592698
0.6047245579064056
0.7473243836083574
0.10151940470010345
0.8262571511843444
0.7224065409686886
0.2019879172556185
0.9636070730377951
0.6522262908566229
0.3051220903138945
0.8047139536108654
0.8439440485347565
0.8982271928350125
0.8292637372459606
0.5732306345865217
0.9394068449778505
0.19744925194372476
0.09301637620715376
0.9604768018062337
0.4405427292620663
0.2041905251872611
0.9046349600306254
0.6160840305192555
0.8522037523416681
0.6168468992096883
0.9698958426677355
0.9481786786181083
0.48913507675084295
0.9284677384870608
0.9671462410204654
0.952994995884257
0.9274501835990985
0.036822928795537946
0.9499437473975041
0.9495700176774113
0.0562238571028043
0.991815950875342
0.08593780984741967
0.34756649473328993
0.891730978677788
0.9543535379009769
0.9753790229678156
0.8503684597512816
0.9529053430043828
0.885090198265254
0.998615087863797
0.9754079223146822
0.3283592596467505
0.6931868104339187
0.9366703926260076
0.7620786899868653
0.8243577539251721
0.131225486614461
0.0825256679923428
0.9554928415840821
0.16517301296054449
0.5338501948180434
0.900245775629763
0.9594814898134305
0.9482375236542253
0.2165700594378861
0.5654372936905225
0.8751102115344845
0.9573172139302795
0.7728646604940719
0.6641813620623448
0.8269370664478461
0.8712931494698614
0.42651011630038715
0.9485481199217528
0.550448371281093
0.6800908491450874
0.15112300136845686
0.9360273777397742
0.8151389709081354
0.89474063835785
0.8224125599320147
0.976837909175297
0.09201608915947407
0.7904794457651654
0.9148515657740797
0.9455355118436282
0.054651294271824954
0.9936975413574998
0.8993022252110243
0.8162649623441915
0.9179694521221792
0.779199588070693
0.554232343646524
0.9395746457216965
0.887836867045177
0.9615464160339598
0.9951401181863884
0.20262766587393635
0.7893382730693466
0.8593228368658852
0.3168687884685055
0.9115682356271235
0.7685314203244473
0.7238462893128406
0.9743584390172871
0.8477941202759327
0.8205680027523535
0.9694290017504236
0.968760745526045
0.9262857784244213
0.9586230530042558
0.9737383673357987
0.8929825560178895
0.0842213094821686
0.6575236529831452
0.7536968234132689
0.9077317061313406
0.9361337388639508
0.9025824471823425
0.9934660929830186
0.8692084704952139
0.9813199210172556
0.9606181749471588
0.8100501171546193
0.7495015574460295
0.9287594702722541
0.6779427998722288
0.8124076190707891
0.9658083475457341
0.9978725504080306
0.8071830490245049
0.7618899439491285
0.09912759285967132
0.7383359422652349
0.9899903132291753
0.6015220634537656
0.5497253281983054
0.793570080928505
0.28130868452578817
0.990743189373064
0.8350278266240156
0.9918869654927075
0.7545067138104554
0.7972312210742212
0.2735765354105636
0.13162711579154027
0.0891106960114366
0.20596453668926917
0.11882928084794059
0.16071860308070038
0.9106662672055927
0.8429793998494554
0.6546302621107469
0.8797924893117484
0.9611809559223161
0.8904325953716279
0.20975499842146433
0.12136926151188183
0.9829252696310065
0.7195418601343337
0.9721835916907577
0.4580675232732432
0.14178481637428547
0.9325122586484821
0.7626151451120065
0.36391963873057376
0.7273711531278173
0.9978333995102138
0.9953474310369677
0.09494350635059581
0.9275422089126163
0.9158323715175511
0.7353310072679164
0.7958129937831947
0.9465313886607467
0.9852858769021208
0.7562934799071104
0.6614434935564152
0.6665993279953708
0.9158219034573744
0.6122666884249824
0.8404571492280339
0.1914558477238516
0.9493535649639633
0.9569155679214895
0.8344214821130822
0.14641847158659616
0.32359426749629705
0.5373912292626485
0.9124527644238022
0.9562252697133332
0.9517010913416564
0.9337173377379298
0.8623899076781114
0.10010262568420439
0.7997035556036551
0.07102849907610256
0.9689466090018268
0.9560133306520601
0.9957562080501712
0.815034327175311
0.7496215959835103
0.9206419995255908
0.6754905978979816
0.9886366993749403
0.9739534602905222
0.0523886843860635
0.7384907318713767
0.6293395268839161
0.8815445917680327
0.8072887534218054
0.9165356813424945
0.9503694843773638
0.750570833745147
0.9965979746313398
0.9331407368403709
0.9868290777747368
0.9104301297203917
0.9623462104991937
0.12402513891778477
0.5705856861021068
0.8140916174949837
0.982012283175857
0.18548131822354974
0.2769294799505658
0.9944287820184381
0.8407579958893614
0.860542867727518
0.5518802153378062
0.7768504757572607
0.9979915795378984
0.746679092217579
0.8339674661714251
0.11586484883370808
0.7949623732695337
0.9690412892554288
0.9976722326116247
0.8354376179804126
0.13292651308951128
0.7551559530285231
0.9869930726240882
0.9836212840456524
0.9864513850266392
0.15433749256814538
0.9136968748978957
0.8568350214467009
0.903912940432843
0.10013601238957198
0.9153179875830122
0.8742448304492236
0.1043998018144978
0.7198153157589551
0.9059222581018627
0.980858306867052
0.9369872652688755
0.9899989176712489
0.9050598975449329
0.8115143323998046
0.9418846144307964
0.944705417036837
0.8592339238932739
0.7865143102932719
0.8895000312884351
0.9035458893536616
0.7857220996111618
0.05291777729862837
0.8359461943975965
0.8989827657245295
0.9100973150917223
0.598920666604808
0.9694863438974503
0.9465606893739053
0.7511119842324328
0.7061201972875402
0.14462593942921848
0.22678939916157653
0.050147893202078145
0.7851084120999696
0.9179906203113057
0.8647543160857376
0.10271776239706921
0.8228066283829018
0.26395525854972357
0.9558749543555654
0.7672982756771698
0.9317291325157452
0.6091155815371959
0.8426518635906798
0.20000121030177012
0.7732576102724003
0.8074300245764863
0.9503477781468324
0.898137409401599
0.08627435017663629
0.6630638682198419
0.6240476154285293
0.976510016882797
0.8192777760536494
0.9182169744245146
0.8970502766794266
0.9603984811363888
0.9532009168016211
0.9100789404787385
0.8745296727499909
0.9354931156041506
0.37776263502666146
0.6472918817345662
0.7882980516073232
0.7958164705326978
0.7910309718107682
0.1929525882894761
0.877794525663693
0.7106822172709681
0.8387489405462533
0.03142278678363622
0.8370906255718903
0.916783929413011
0.852732481557576
0.9786784966967965
0.8747822977652964
0.0848645715777704
0.8708422264667093
0.9160182765490573
0.8727007902954752
0.7300110464065146
0.8037210135365889
0.7487248412198255
0.8376881161419925
0.10773045860097102
0.6983068588855491
0.9583380553488843
0.9264089195210118
0.313558253073411
0.6541043282121448
0.15470034698768925
0.7483846333633253
0.5327509770546048
0.9685617020956724
0.6666253463138591
0.9774394180523717
0.8195317351234832
0.9737720518705228
0.8480142633218998
0.9996291766264307
0.7234757655921493
0.9031042982306166
0.9440660024302103
0.91717034358621
0.10439133330551956
0.9964760829288758
0.964844380691618
0.9288381887072259
0.980202582112852
0.9346564186320797
0.7794114024633374
0.9499070994488601
0.10252621371386805
0.7127706482938696
0.8810520614552583
0.7208988464487087
0.8041471192316962
0.9619777529428448
0.7957729895652415
0.030498499559395473
0.16929145013162167
0.7820408745463805
0.9344420221153752
0.09867060460706202
0.9191258434175495
0.031380509675961156
0.36284315978273834
0.9365967347290932
0.08558181505885779
0.9795102166896617
0.12781063012904453
0.8369474973324476
0.8117592238868387
0.9561531801771146
0.9988029645249952
0.6153655645824441
0.7516985126891786
0.11597189679031437
0.9987888883865013
0.9719690056745429
0.7325778295211722
0.1669382088617204
0.907347132873755
0.9388653234204072
0.08776998401753247
0.6269274566359172
0.22617191542036016
0.682837838206336
0.7269016830272292
0.772232208960999
0.8099686146728371
0.6352043567793352
0.469822330561696
0.05265530295268048
0.8844991584078161
0.9805019428599719
0.8958898883216367
0.9143028982080128
0.12965892330894857
0.9042649169604202
0.8950898542207424
0.19115028876201917
0.9267941716526
0.1866167119247355
0.8125105981144878
0.9745945246992159
0.6764565526047904
0.78008724140424
0.06110405646817117
0.15489582453555545
0.7240239546169378
0.6040020248410826
0.899686571134046
0.879020352007108
0.800317245900636
0.902979019569442
0.8494436086100899
0.07962857654689606
0.8501601734376572
0.9335396480112546
0.6615748161278977
0.9562467428698489
0.9372538675017774
0.15820693665165006
0.9586603107623526
0.26443744453722995
0.8952707842632537
0.8933595231296718
0.9632377312318363
0.11667912871696029
0.12796435170395937
0.6610202337452675
0.2035125165841412
0.951134372206234
0.8658862626774597
0.7706848263750256
0.8077395787803292
0.0804701508856388
0.6191193791902307
0.8782326602208936
0.9917737111952405
0.1688009815787075
0.20841339062697678
0.9660782292369156
0.8525638647868853
0.7835888434525198
0.9882408092152715
0.9717597472682313
0.9892711597675743
0.931032609993625
0.8665954445723463
0.8385654020990525
0.9969817499123349
0.9084351823001892
0.9510634311397883
0.8950981488788752
0.8737563398111998
0.9523076173247065
0.30579023778382086
0.8555575555245876
0.19224558309961215
0.7870106030592519
0.9358515735509256
0.17713159819070948
0.9385105019672111
0.8665882034775703
0.9229948152175257
0.29925146883160786
0.5785980376635401
0.8870647809758094
0.5879099570244789
0.8134520439592081
0.9499564665139757
0.04975916341093711
0.8502036666339083
0.6193602616671612
0.11709072182468003
0.4437349302775434
0.9316250350844486
0.8893268944619932
0.8184627329205072
0.9062099031110971
0.8383008640334698
0.9393289142962857
0.939247866964033
0.08402810412063913
0.17085806604616077
0.6520459143097296
0.9317509108961219
0.8992859503084832
0.9317630503187578
0.8080973160765457
0.2716922072294247
0.09107530221198815
0.9825832592270417
0.968428996200722
0.19862283004807277
0.6862433388596697
0.9300849079176275
0.8011641786015302
0.8484345611777973
0.36270442075954523
0.9177770460514045
0.8263174607447058
0.15583902582065284
0.8327665528776239
0.11579345084028196
0.13910071018566916
0.9607272005978753
0.7560255532237472
0.7930522729482119
0.789549819643981
0.8847414013515849
0.9399071824278886
0.82781207037512
0.935976754587797
0.8595903516731653
0.7799210187234422
0.916371785003489
0.9947340997922691
0.8149378877039857
0.9625444836302595
0.7561681735302004
0.9358311435446649
0.9789737123368456
0.8339954249094674
0.650441054778733
0.915497570245572
0.08497049553491626
0.4203161261790211
0.05197552197675839
0.8725403069435187
0.7129465434621498
0.6435619705757404
0.6629229482121644
0.41852024758529677
0.07316375197585495
0.218119469103832
0.6280281798212158
0.9965098791274936
0.17645824734221818
0.09588647977371423
0.9982488810134555
0.7441229022815921
0.9034474014964355
0.9559917554406365
0.9945553842133827
0.9414868612973413
0.7958644870283966
0.9984737350079431
0.13153373161504786
0.8852842272307163
0.23688994604817082
0.9269264097176317
0.7589437279622167
0.3239191266013688
0.6161920056481719
0.8729724503022207
0.4444543322705812
0.7440206279748444
0.7510620408493479
0.18272086826962186
0.648328908214955
0.8691474313785045
0.7489323656646418
0.916011913543077
0.8895656295490711
0.21468751223230614
0.8013072110174382
0.8489594782147019
0.07049298936157021
0.8708171794506716
0.9762398091929934
0.7407024126487658
0.9298243968454338
0.9131037312501988
0.11769142226089988
0.9850554563779041
0.9174257080503532
0.6375077829031237
0.9616448652022214
0.11465430750227797
0.8710929304989447
0.6038902535740664
0.8886444796010291
0.09808697970610597
0.08753668236663077
0.8860136377209898
0.8654825195750195
0.9084376224011179
0.6946858303442232
0.29439686587175457
0.9677730417675989
0.18993478213769865
0.6360775877934325
0.11163223900003516
0.7679773871315683
0.9271276516369449
0.9518625213668023
0.7355833152457909
0.8233150480753039
0.9310426421710867
0.9754495571779409
0.9706425112924177
0.9438921550125765
0.9238206321193219
0.6290142824928315
0.9699518013464874
0.16526559417100567
0.7841717362676823
0.08506959772276776
0.10272710569470145
0.8896356729072832
0.97069325151797
0.6821807880549637
0.9833242647722261
0.9066993748924639
0.21307661466541872
0.11805031718307256
0.04338775681730094
0.9642820996444069
0.9013696696817121
0.9690731983348844
0.8527226116068389
0.0649857409028001
0.07276940735866415
0.8399319028350329
0.13981644825652553
0.4890055465931766
0.07877093843741095
0.45054709358131556
0.7903205109068258
0.9037510942365969
0.9180468441853242
0.9997338164892129
0.6886634420949614
0.9094467375776638
0.896951709596687
0.5259528974740137
0.9541730533834536
0.8792965552208201
0.9595906985092186
0.992745300223909
0.5066481099796755
0.7685617538544178
0.9945088101511033
0.7435372684106636
0.6593579307484271
0.24925823859154533
0.9595355389409987
0.9910648732020271
0.966013259255714
0.1539098915400326
0.6919278177482004
0.07695847305795506
0.6675704036138391
0.8399296149340754
0.5336702132194937
0.04849093045277808
0.17471122010644433
0.8471298339849002
0.16972542528471246
0.744086596874223
0.20618866945807385
0.9835563705463066
0.7129681773322828
0.053975282888606244
0.8257919123591736
0.9334319168536771
0.9996869271594524
0.8829835288164212
0.6532526028731346
0.11816891471189843
0.9528855855901011
0.8507472426538816
0.9447364012106818
0.973278452096806
0.13255600557580022
0.8827726082769768
0.6540521802449086
0.9683858604042261
0.04171904657151771
0.9622638114447077
0.9100729855146796
0.7693488718998285
0.5117504611908184
0.9037880543090401
0.9499427206780158
0.9881536357778701
0.9777428624970843
0.8419337828571554
0.6398986094117897
0.09162223333429767
0.5234181077293523
0.8741082430305603
0.11255428175073601
0.9991955963256689
0.795389391363096
0.6304925099090216
0.9913364854486573
0.8750580031164943
0.9631635555451653
0.7518026442417436
0.8724727096082557
0.8146953276377311
0.8898420890992718
0.7209352048994981
0.26812065896698295
0.12106587866399338
0.9663106107207968
0.892494332077397
0.8884745083715238
0.7994845056646431
0.884381752541578
0.3739268842626431
0.5860661362746089
0.7637546080750471
0.8836495689962685
0.7117025932819377
0.8749711715787898
0.3183857003686192
0.9067125608820998
0.7288596776531798
0.10629539809766317
0.925931082606947
0.290399780940789
0.8421430354788653
0.8667400571225199
0.16394625467348492
0.9808055002530889
0.9498795728603917
0.4963816598886583
0.772682659202054
0.9982308968429052
0.8194399270594341
0.6994590038579114
0.9963959019336401
0.09826192863408004
0.9409317394445986
0.9403695616921648
0.9967838466337214
0.22961877779157835
0.05102707394645355
0.8907900826595745
0.7722007906790049
0.8120203822086118
0.9327733620949177
0.18441446737177375
0.7503728222271843
0.8513075496089699
0.9778152221504341
0.13055968490708955
0.9655531344661664
0.8576424932273559
0.9394194997366005
0.9733929075208544
0.8414039158352373
0.7849455830337488
0.09497708582169631
0.760462470696587
0.8937712018168927
0.9739202313718612
0.7816280915912164
0.9201332260298177
0.977237555723771
0.8119673609677882
0.17524981101455686
0.21815219546877598
0.21927353501606456
0.6883386227746782
0.870318762794344
0.9742426228776195
0.9522278260438106
0.4832548675426153
0.05130546797034825
0.9146971561841462
0.9253491840984234
0.9966426637414538
0.9115908411899567
0.750644462016445
0.34754728490715037
0.852378882954777
0.8270200789480646
0.9024800200089687
0.7737209666879244
0.4886149901273743
0.853412675625628
0.4931873286326165
0.07990926577846541
0.051256246386555446
0.9923952203093178
0.14915187228833743
0.8424590619903549
0.8235975483821244
0.9632808955862979
0.7759211436879352
0.6736684944439079
0.7614833623985063
0.5982566268541565
0.028542019920127608
0.8692842658040724
0.8433588497323274
0.8480254702085732
0.06631000057549111
0.9117027858819557
0.9068477784727282
0.9305198314941374
0.8940693425289625
0.9624133444029173
0.0615152015951438
0.876502942383155
0.3963688311964713
0.9990017436090204
0.11731678697611225
0.2886689129857307
0.9438795864646119
0.9181878594401751
