0.49866844800267895
0.8332007718991333
0.7504800428567157
0.1583082212279387
0.26861174627409157
0.7132733971858187
0.2925535500445101
0.3272609884916067
0.10046430055272816
0.1171470692791893
0.07055272531260201
0.11404151377825111
0.08262820652000613
0.07255571762329138
0.2419482709280631
0.38562891598961424
0.4778208289023635
0.9936520922006413
0.6558694692682431
0.14890794538781915
0.6384959250914375
0.7635487109569723
0.7816259470103336
0.8488878489067797
0.05634123911926976
0.3339588526420515
0.4551151683867414
0.7453469038069612
0.7110307066831532
0.4776465652244293
0.2923225236481375
0.4031364734214998
0.6603327843879592
0.6654246854280774
0.08925928565472363
0.06331887041971311
0.04195074560232384
0.476484125537348
0.20591574051510328
0.31369862321754227
0.1363064474639002
0.3703618176407237
0.6774681468622318
0.8417156338107612
0.6071956761584503
0.07146465896699221
0.42315335497455153
0.6342041324037374
0.3929935507754801
0.08218318589820373
0.9197017660468645
0.05749782886308553
0.8060729215875903
0.17896019088364107
0.9582033086865096
0.7748085008356753
0.6110984642343134
0.43613853403108777
0.418370117560802
0.048171023118372215
0.455921808297485
0.25454394521354373
0.07272436732783605
0.20818169638410913
0.15379358063001963
0.3065897083486241
0.48146724252002904
0.09096052336174638
0.9710656648950184
0.21327353710357214
0.2569312893030545
0.1611265518336324
0.04505249889815473
0.8694044899285718
0.6772275498594991
0.5051473512072358
0.7859273182429912
0.26089117283432633
0.42981648679064066
0.9512521365393518
0.8240740832497873
0.6165207121272168
0.22485389123571592
0.6087306758944709
0.6866005725876122
0.9625271643778399
0.7405479649359674
0.3283680503226216
0.6472343803631323
0.533446973737171
0.049491569054883805
0.9698193470975967
0.8511240740636525
0.2920406222134019
0.9500979205069187
0.7952153330810005
0.7147689448977472
0.04851112693026878
0.6792058618397123
0.08778563481146126
0.06072816474859412
0.9893536424624737
0.1311816034094131
0.3591140231469885
0.36192723834651697
0.7597942866719074
0.5460362261069998
0.09281620652809727
0.3874122543788563
0.7224828057491663
0.6703511453831298
0.34645668412924413
0.9612144851841851
0.935678891486313
0.8267972876184126
0.5693346617743628
0.5367580331779401
0.7890107263974764
0.6307852722616978
0.7544877433781589
0.08037542756584962
0.5643091311491929
0.9716872472338794
0.5222640522890333
0.1550886623943853
0.11745787158317737
0.22061534511197273
0.9691975454900514
0.6179451737115592
0.7433505949960891
0.8035075912999523
0.281388713189449
0.8976663808159817
0.6727637646487359
0.983579052831074
0.13897669263675855
0.9850342960913063
0.5267426480906708
0.6562712817263057
0.4739678541354324
0.8651055417987455
0.5598790076871882
0.8726965493985261
0.8956200001273962
0.32555233010964046
0.3176544034804113
0.6432017896245046
0.27253690194486324
0.5863533839803687
0.6087697067819565
0.07068603713748654
0.046353538833311975
0.07540291389731986
0.5367521963042776
0.47608585214810595
0.35809944881840217
0.09058949780118966
0.5669542368997155
0.13094426798373981
0.2612445950532996
0.24725873425176237
0.18128095789805218
0.9120215807681262
0.6507506572827584
0.9303946312271713
0.7321896104594695
0.9401690714295545
0.27224685314972874
0.4592573484359835
0.9252327992957977
0.8811769241182298
0.7799327323285807
0.4936658107345741
0.7888896481866768
0.029273452816024587
0.8146779092513663
0.09107202192359373
0.8469119357619159
0.8465247364754183
0.835985288025459
0.29280775935618014
0.105137245287906
0.6963376554953099
0.6655345575049754
0.17522985792035983
0.08102921337217214
0.7719738477085241
0.5184472990193018
0.9998647125628031
0.6052091991539128
0.759650106782223
0.930116465651097
0.9258831202081192
0.6133130968346994
0.5797949789306971
0.9362695669402402
0.9466363542241716
0.22776351683805818
0.5827007186652039
0.058165058671775904
0.9674229605739559
0.9157332210949486
0.9294220786979095
0.23475487737258288
0.01309209939962742
0.7045467282941481
0.22150418301441963
0.7643150574035271
0.47033167275980636
0.5728063887885873
0.10874868200187798
0.10158692648086795
0.9296189522484692
0.3285097624666419
0.44254796893024095
0.568500964548738
0.118432625385335
0.8441412008419762
0.07924044373860445
0.6742953196668372
0.6575984934487357
0.785560193900857
0.7520500562917242
0.7194353826021235
0.1535823607693319
0.20876541040914837
0.7894788991525558
0.9680911102055167
0.31643419814555573
0.5300532562437231
0.6435377015915913
0.8619894375130732
0.5018752178369703
0.5931605864982257
0.4486498747712127
0.06018140748806115
0.12718228376708285
0.2667485604781225
0.2043494819013647
0.1315332427740556
0.5616285763000142
0.7450880453550225
0.7524715048271067
0.3356119263840221
0.8959562120326918
0.5719480371544643
0.7901867208957358
0.22132862979662848
0.9322360159104652
0.6677272254145838
0.7708181208759708
0.5979213838406
0.6536952444594032
0.46685935108674576
0.47847294331547763
0.8722313106321539
0.04900706848058387
0.8485989901659666
0.08102967007353407
0.992983899251664
0.10070959206387803
0.7803021202877967
0.6944464802949852
0.9198688145683313
0.9350076975570523
0.07620073139745916
0.993982251267425
0.4296554468964409
0.6070830953389498
0.06586322561156398
0.9858334774359142
0.730012661418889
0.8642738725052908
0.1471542395827738
0.9354125691279198
0.38261150763465884
0.7080362169228381
0.14559482080302405
0.346877116839117
0.9846143610685735
0.7832451573955982
0.9100694482359256
0.6698867421360328
0.6497384281664449
0.03634186400387793
0.11784011201642855
0.9241635547671377
0.7986496885757469
0.625868907104663
0.7402250964877168
0.10132804412578908
0.5650680340153398
0.8941667644428919
0.2391631530892821
0.09904078134245495
0.748580425869463
0.6632036943249655
0.9867617152162987
0.09499253482611354
0.5994750892482598
0.5605592740259014
0.088273364771923
0.6886124140023868
0.6051327591481137
0.7296657536179035
0.13236875319664076
0.511250432355908
0.8006964647740062
0.726919059295535
0.14198534275034735
0.6544167891626936
0.5472628845532082
0.20464428403076562
0.8644890378841736
0.9982032145918178
0.8397702961522228
0.7658990974462971
0.6563858379400549
0.4741332256855978
0.03518062040220357
0.891730449430288
0.028307853301288623
0.8038832347367512
0.05716166272338768
0.9988988170722783
0.14540390945521475
0.7677512239511188
0.9634857389104803
0.6225353956260243
0.440056718726174
0.8761473280952915
0.5526466800658774
0.9841486179704189
0.8072745137511028
0.4474199011620924
0.6785043144885207
0.8915461594661593
0.2941809515551333
0.7573264719667077
0.13268703869627058
0.877236054277818
0.03293625372960895
0.15356268659884517
0.6179934250937772
0.9912911199845743
0.9878067577500678
0.08735867949829054
0.9954168766763232
0.8535250336926206
0.04237251240244097
0.9274643668261108
0.7839810822316502
0.3991689581874304
0.3243963724253297
0.42975465295961246
0.6486505641035519
0.5921535779549566
0.7295138551462177
0.056174297613873714
0.8194615712727269
0.9504678374120168
0.04174812228722352
0.8928322600982528
0.4714827480235593
0.09933053549882234
0.8825781997294255
0.7654452611562959
0.8290411934437718
0.18961103989593658
0.11533018424792044
0.8594334158312171
0.1517519758191007
0.04700746208566067
0.8193284861079446
0.4994857931948972
0.8402723172643127
0.31099927549680034
0.8170304533754018
0.8958050215311846
0.9583769648259333
0.07384190109731667
0.23557019985764296
0.05627734173120569
0.28836731912765673
0.6480216730125392
0.7725591608603761
0.7596904381644789
0.9247070667317439
0.7839110763908401
0.3134426977682267
0.8090757480628177
0.9867995044010089
0.3645597571981507
0.7935726853268316
0.6245012158226947
0.7321177892981274
0.15742758564245685
0.4810429489674842
0.0370338596377465
0.234040599585561
0.09277427486999684
0.6488027857775299
0.23621132839164852
0.6119386458528518
0.3028165766206039
0.3198232962884334
0.2774868070313847
0.7644182912656627
0.6790132581828019
0.8207328782477867
0.9042709416187862
0.87229182894899
0.033431153814917076
0.2850157294593181
0.05766927036293226
0.7969559198078542
0.2045959578988762
0.7583598026756997
0.5493323382453561
0.8060860174993636
0.05241240024462189
0.7632879187462089
0.05655119421892778
0.9743078761810353
0.6034267502561581
0.6208608681174268
0.14839110360084498
0.8451195879941421
0.08565819477148151
0.585855024974738
0.09183954718277926
0.5353688995324692
0.7682789712321725
0.16561375778274706
0.5053786547610948
0.41805126843361673
0.039301534943085734
0.9051981582886383
0.7805680377908152
0.15946193657535723
0.4205913256452792
0.9086475283140718
0.09283857240699103
0.6277384243193765
0.6923897800883385
0.3812202399044798
0.9388390128690987
0.06144925146742916
0.9259024476501698
0.20815930423452844
0.7087683498383713
0.8879549625827015
0.9673443727349909
0.9866096715397832
0.4649776130068415
0.7074115181616537
0.0656825298379236
0.7551124945890373
0.2518767276092214
0.14947469504644972
0.7767002259299904
0.5707994761032398
0.5937019256400756
0.688265038982023
0.1496210136021116
0.118814500329208
0.4555778268711728
0.20899296290338235
0.9175791249033083
0.23465385268527095
0.7176535275892844
0.6192165268385023
0.8879244917093235
0.2134653057367008
0.4090130343407557
0.05287960681687009
0.6425139544835965
0.6637643208687699
0.5930957534663244
0.7838011135183737
0.9641881584655154
0.6196506798620995
0.8385260243597334
0.8481515326122369
0.8981814555544929
0.13988652845619376
0.06297267599130708
0.9960054194961278
0.203852317443582
0.3136823016355654
0.5197259211128022
0.1759961802150547
0.9917775461611912
0.81772681666759
0.8600238215633056
0.08712510132244941
0.09453268630493128
0.7135348945779815
0.847262136998364
0.7238618003249164
0.9740208171583574
0.330149585911868
0.0538652854888719
0.19435411313024065
0.5014377054644942
0.12293403826163501
0.09917443008981586
0.18038176866256875
0.6158214325961417
0.12406259686221133
0.13255049918673412
0.938345843955366
0.8668575850091156
0.39797782622257083
0.8597223670092455
0.13872793872726896
0.2825401054302342
0.0741830491239115
0.9701491223451801
0.7956574459804391
0.17980846661637662
0.9048103822333547
0.5504504201577346
0.5874441840055074
0.08195974231125652
0.5726165750458982
0.6824115658307822
0.7911956099213975
0.9669558663251994
0.8319544686427913
0.702481942952405
0.07279439445502758
0.10701895934532542
0.7484673652175585
0.8093898500730783
0.07214127062630461
0.9907962278442466
0.6257706733059277
0.9211422188193337
0.22796985551715288
0.05547786476589902
0.738815790027865
0.8078743444498535
0.8240269065935939
0.6799306420504866
0.5887549690502519
0.07746933084582557
0.6435816884770593
0.03645871926922031
0.4440473601896753
0.8213086369297518
0.7010133214136471
0.8682834737160168
0.06064695277672209
0.17785149747171863
0.1480590129187998
0.839686124867602
0.9007736970547556
0.9088374544418725
0.7690987180219402
0.0626156823034887
0.5507618981036082
0.7832078567294679
0.8768519878091394
0.3145028793921874
0.5970976310177116
0.06790157271253172
0.9475486060570126
0.7824179031518078
0.20487157619609142
0.7327518207487402
0.5332389743254817
0.3352055629689016
0.5352627043537094
0.03504688282007034
0.5305918807158897
0.9214653886096553
0.9364853769018039
0.4166843500012862
0.9754344920283264
0.30075438977103564
0.955306543257685
0.19329451523260432
0.900352238094415
0.5125494448613204
0.7980275388522203
0.08237195178974752
0.19151541012126827
0.6730551561234086
0.7553492192105193
0.6497354987033157
0.7766124427495675
0.08807307595720194
0.5647887910535468
0.1280178414421985
0.1665611814866933
0.03302894554704665
0.5279803957744018
0.052446611796099815
0.6053587803675423
0.6258104359106902
0.1486984448734342
0.8341195721643762
0.31645502434021855
0.13711727422425765
0.952485103157525
0.19007978152883864
0.8794661496939222
0.9494252935195888
0.5217841748681624
0.16727821490607653
0.19653821529391993
0.08490385821053159
0.9046833753907303
0.8103048633415999
0.6279992109510595
0.03159665217705838
0.2855116598176269
0.11213098947421311
0.8073778856431411
0.2538974637446405
0.9433128882410851
0.3228162073930842
0.4672780298407198
0.5445429236317486
0.8952559921954766
0.8736418001051807
0.6501751131055797
0.5583911466727112
0.7997280818273216
0.11799316546277193
0.14006334459843423
0.07197210324919233
0.27049746621283066
0.6628669241807796
0.03247562826460774
0.8190195820786335
0.9148655798343305
0.8981246732493022
0.08318529949529752
0.7609563218580345
0.9633007281511776
0.63059944840273
0.30743955375689697
0.741475515157498
0.5892027395742205
0.1151480129062305
0.9688322985434796
0.7896322323866136
0.7513081352934121
0.6905654277973784
0.6178203368015934
0.4300763577402243
0.555849893445203
0.616731461515364
0.07488999388813321
0.03625179845784826
0.31977646825787787
0.16911988661375116
0.7626027406486128
0.3423253179931155
0.9738085381573314
0.5820062967845259
0.9431695128296118
0.9463377387825344
0.8259563986380876
0.7131028958660368
0.07626124500631368
0.6535227047491847
0.27905115742546416
0.6504294111058436
0.13074502149564013
0.28180395713611384
0.6309883135351149
0.3539638376766502
0.5718807434301595
0.21044204830366356
0.9212801781516005
0.7167929195347056
0.1493478168099314
0.7625094381263666
0.6242924291400356
0.17003690229333213
0.6698490477091947
0.10401632606049561
0.0492975271957774
0.9334100140445216
0.6527722969044051
0.4015054708839991
0.47913940874228456
0.924141213399118
0.08108083823875603
0.9413773610204981
0.6087795265023703
0.9464521729537614
0.04025647733612747
0.08853326040237594
0.2731663990010167
0.19698429819298025
0.4023164925779903
0.6882216909676476
0.9165837510617909
0.5655424512440957
0.264256505307399
0.8022217749482389
0.07459434377432822
0.49017629354574205
0.7919485146831724
0.27050556191661496
0.900875825849631
0.7878637539231321
0.10710367598466719
0.48080451503068977
0.8714035735047514
0.9573674336775315
0.2136155847175918
0.5126379405378457
0.5198420438925841
0.9922601624243628
0.159936511593612
0.2568719034809611
0.6496670467782711
0.46053548970342023
0.08374918750054108
0.9845414138252384
0.9608311192362615
0.2760429560059222
0.8761982322649362
0.3666343219760262
0.5160577715398765
0.04823768661682147
0.053697741585217125
0.07851906259866198
0.9621967505804301
0.11368936862822275
0.7556614692871566
0.6418173860070071
0.3228996152305691
0.8509481837957724
0.09247997058087944
0.14361644809177782
0.6819360478466976
0.34936155679674624
0.15869181868483223
0.9836144929067971
0.3389310695327562
0.18693236861996146
0.6949397599428764
0.8949283138182775
0.3027755420843964
0.9892646315602368
0.9788623325354361
0.7531999763296481
0.7122639713679754
0.06846622909557606
0.9868335156586063
0.8831671322097079
0.9128688748134924
0.16196294066753203
0.2851852832673022
0.9256950757907217
0.06256760757631101
0.6475364163449971
0.13039067730037615
0.5210691555206947
0.7454702537164108
0.2737486673138768
0.6389374460583808
0.6140637912608814
0.21798759119083008
0.8527472569382408
0.06794322002374434
0.9382806340790221
0.5835451220835779
0.767327979600982
0.5447078645431418
0.975218315889547
0.8093738200530606
0.9954473216763949
0.3445306063410274
0.4173946989668253
0.5765738156149922
0.10693225252106744
0.56485475565488
0.7989935894780198
0.8387544768294399
0.4117520192386474
0.9095814215474509
0.8119999998568423
0.14794569639808947
0.10817297848637605
0.34180113814505286
0.3474925813994632
0.4760846722327962
0.16041518289333256
0.05390398840154849
0.8406584622721667
0.045079825233451644
0.12932846708787452
0.2739972786506817
0.4421212734875344
0.9634616837027932
0.10107224025200717
0.2912022908490294
0.8813394867533171
0.6904537970786243
0.48801801775578546
0.7350899524016373
0.5194427735807504
0.6127255825819751
0.2732944422241502
0.8430513237713242
0.41242208869564484
0.03765429660717628
0.07170877523822759
0.811030449413355
0.3171784314004285
0.24308694094781325
0.7976506610982509
0.11876532257076443
0.8462005338569583
0.8909375681861602
0.15743398827664618
0.6577312633890152
0.4331869327669631
0.9541533058933713
0.8593656700692323
0.19330225048350047
0.13860588100452148
0.21816436148431206
0.04119656932093415
0.7516292561722823
0.8826680851830043
0.9054370589201901
0.5670515826347744
0.3397170846717148
0.20149421155520586
0.8388644834136083
0.9181800286121458
0.15905365752826117
0.9316234310263952
0.4440863425742774
0.15236019684118296
0.6335382936147269
0.6607609084419355
0.22014917441874726
0.6942747762851185
0.16787700604539546
0.9268298860687445
0.07501500769310025
0.6905014332677207
0.7690185330290195
0.26835917745779114
0.7550038614993995
0.8606911860053477
0.9243236392841825
0.060603775989057196
0.7043074099291506
0.7969683286742844
0.1777644363299823
0.1017832648834633
0.5627765940798913
0.0693172493609199
0.8860468104759407
0.5940531314781436
0.23330234252306042
0.46663369922112286
0.9055588867507292
0.9508194124809071
0.9151426219528627
0.041085850258659046
0.08853126494641769
0.5833120403062252
0.7662246545240428
0.5149550636624362
0.05246630615734077
0.64094651921668
0.868265990806155
0.9835067344375776
0.9202894494710616
0.621241822735058
0.6190241849715035
0.1355997896634326
0.31646428364194784
0.5123602360674302
0.275425094339897
0.9509126739366209
0.9392678030522683
0.9657525000185284
0.9931515113848228
0.8306583494906138
0.9926892877750089
0.40623330223205883
0.6782499011036915
0.9393906717049219
0.06275071410849414
0.12082323394202767
0.5897925106263673
0.8736629885818191
0.036590345654503975
0.5927847221077225
0.2834919931907609
0.6419362426682673
0.10191060989004255
0.7297716518742926
0.8860137987254211
0.5460100121026711
0.09451777333242622
0.2341148960254859
0.8392329573678425
0.9225137172232226
0.8817343552171748
0.43134719554044976
0.7866131698580425
0.9865701181100541
0.04074934436231928
0.14476665834059785
0.07539276522837621
0.6292337791103086
0.11882341869569477
0.0586696476736472
0.06917025293387224
0.5638935606647044
0.0700801187954868
0.6414704453151971
0.048321173796486205
0.8973734641474916
0.38281295622490175
0.8292414437922974
0.308542243633703
0.23657150995556084
0.6474641273059885
0.09929963255461083
0.14199038484041093
0.9391054821164916
0.16318649439024976
0.09406390097072216
0.07798104260784405
0.6100100003315994
0.6710265638881854
0.0987507731099336
0.5725377627994799
0.1310930674379669
0.5621295014238603
0.14800235035000292
0.1549632756265795
0.75042786673245
0.041157832174319786
0.04403552561777834
0.34336537984980137
0.943954234282848
0.9916238282509351
0.08104905995533254
0.7616394919056322
0.20416244107188924
0.8832477230508796
0.05672396070253755
0.7300614411764639
0.8164105928691012
0.7673073375182548
0.9375782479538731
0.6468640826069556
0.051299833078268964
0.6180385829099
0.05479095092731007
0.8889156369751167
0.14660205516681582
0.5134679071455259
0.14461234954239452
0.26817187738982046
0.32635872813140054
0.6875192126966239
0.2189565535959435
0.12401003692612411
0.17347214695757446
0.11398317723474069
0.9413828778730156
0.3240286656536556
0.8503980926789854
0.9953863136510973
0.04844137829707362
0.951379403457291
0.08702730507455148
0.21026154111591386
0.9239185477581193
0.973895252363185
0.4964994528352453
0.15507129607977366
0.9793530788296656
0.08587999878105
0.12406371761220415
0.19238078433294056
0.09913209484037389
0.3807722278818562
0.21928402745956205
0.9951165978923475
0.5743477754230439
0.02373447359370711
0.9868231766888825
0.054187740865024925
