0.5190087051608101
0.029380042322504175
0.32358314625790063
0.03137586544626383
0.08386623913057581
0.008105920746250567
0.8185265319580726
0.8660737809482029
0.22120647438571325
0.7617916894681092
0.40489078546406143
0.23666027146966645
0.6476309358242596
0.6622628980304951
0.3820436402698498
0.7296103086017975
0.053485845689485
0.01137163946587642
0.22299434959340117
0.5705719648123317
0.6444149227514027
0.22183816120516314
0.2099582224401652
0.07308434762132107
0.2411811664776461
0.05152232699270725
0.021840315464530417
0.01460755523628087
0.20664894212031357
0.3115847998158069
0.5790430463053412
0.6890832330537673
0.6903312087633289
0.7626877119644212
0.49799706116403286
0.611020706905399
0.8650336151468807
0.2379372028916743
0.028425520526329594
0.5621104468385006
0.33727289093434587
0.013482140366564513
0.009603576687637947
0.4909363193569472
0.6132220983648895
0.09540274169801573
0.5241596058572989
0.43607151310202896
0.35839472699297636
0.02023346691222501
0.07847543930846483
0.03750201804628256
0.10123602451732336
0.445851733181264
0.1540431461515556
0.10205710238956087
0.529115521715517
0.09826144908421225
0.04588743941828885
0.16558951552713286
0.022264653496917988
0.010124734184404963
0.9217448848332581
0.08971269075719412
0.021282835866582778
0.2920859447393691
0.07813820268098715
0.023313997281350505
0.022512477095885226
0.6426306499429024
0.11514452752196627
0.07055037049712205
0.734974155570032
0.7651726368122483
0.6808550664025176
0.7584346136051013
0.158643085378638
0.2931286646439337
0.07166770199594658
0.5271357850907219
0.1258838833781729
0.3090847506326733
0.008378419262292115
0.29601666646204683
0.014152316810522054
0.046145767024644666
0.827571956533647
0.055406044440861016
0.13634018253967303
0.9670006013775191
0.06030113143138014
0.10880718245452334
0.09476059973912966
0.039709659254168195
0.8917863791172563
0.23541815216534417
0.2211760558383194
0.5126538539776825
0.1075941853037631
0.6755386248316266
0.3730033168558663
0.3657211649841124
0.7535503933610312
0.6366740980115635
0.3154354340863419
0.15899102400929888
0.7119657370292447
0.0061312123022524544
0.37615102167742226
0.726329920536583
0.10439290021485231
0.0156812026424348
0.43707275211153485
0.09256738959512428
0.9553817261612898
0.620779972480586
0.037138187704603684
0.8194170314621938
0.37448008591233617
0.02464115000107022
0.2419680375892695
0.41945199747707934
0.5292584035335255
0.3075734993567686
0.6669036720557487
0.9725920013309906
0.15302992657087303
0.7619345089604955
0.03531772383014939
0.6360749563178929
0.04650590384354775
0.02711598674541704
0.7050568696221027
0.05906982140744478
0.7125827876580897
0.37888091214377484
0.737244782166341
0.6870030925157565
0.718221422356501
0.25953742693414955
0.16411011987001708
0.24464545037969343
0.4558747865276551
0.06310618815832322
0.5069280016468376
0.635336781595369
0.3144479797883648
0.7195223873290505
0.8567281494607004
0.17110514287522496
0.557100068233759
0.6215598539369559
0.19673353114290487
0.812778847530637
0.23224512602647723
0.2977985776142625
0.04283622535878469
0.3781892691702332
0.6384366876787557
0.20134005013920014
0.02895034034774511
0.17399799147028586
0.02484709975385258
0.1569996760820408
0.11937016774054379
0.44751563036218345
0.021433317006854975
0.11237120022659136
0.10558213143572533
0.4550180337207469
0.0021266191439042598
0.45986437448894596
0.666760862073284
0.9894921131912664
0.7184002459807385
0.08364284488431381
0.058788069246661356
0.002671502420964264
0.79499894293862
0.5683478896265641
0.4812941411263947
0.2001438598770508
0.07996567809735564
0.562697432919645
0.4002679916309744
0.704969844861649
0.8665104114377364
0.014456916827204062
0.5121216003221845
0.3170981906950428
0.38926587466352947
0.5627044071782166
0.3480970762057053
0.03821604176730834
0.08067814473097562
0.08173197890943357
0.07106389827143461
0.6033150979370931
0.5104881044132358
0.029993417455302727
0.795771274548906
0.13485706284204008
0.06926564764331429
0.045946636274345434
0.01866511997107352
0.7948965559826575
0.1884408896918382
0.11035188845957523
0.7831331393302738
0.03034199719722664
0.09462035642707763
0.32972335622707455
0.004962456638591782
0.02068438861934227
0.14886799693858455
0.629236299294778
0.06316050004311549
0.1752061117802278
0.4752428903982253
0.027321659800118414
0.7611584710064374
0.14991825587625543
0.16206374212893968
0.9054646815451323
0.06641413095622889
0.8406484891144766
0.08132697103086119
0.020273275561608548
0.05194934490978506
0.7824715359462731
0.4103957916930201
0.6901717945128895
0.3212739407486719
0.21377494415417136
0.16160938189526305
0.679561366881881
0.4277102378688833
0.5198746584069343
0.09785279017606062
0.49746085389423383
0.23474830213681575
0.7115569862152361
0.929579933176077
0.6865020522523371
0.2272347254151041
0.05455399997997199
0.04107638179986679
0.8593423171965877
0.7171844213138039
0.32211342295403816
0.013815662558064074
0.009995670988250098
0.6559296154746631
0.13996208047867625
0.01992411633938873
0.028957601832448655
0.42004917657615704
0.9296684589605817
0.18189880117167287
0.019901158806697284
0.6121808893555571
0.729020163323696
0.6197970477257722
0.5550005521463417
0.8604908906231782
0.027266863345020063
0.6811989996556236
0.9472473471748901
0.39907544667334727
0.15667679481140498
0.6628666221434015
0.19689428413962076
0.6285121421813937
0.3034091724156812
0.008993734676314178
0.5980912117090198
0.6650151528781728
0.04057089900450363
0.7512225786245132
0.16877608064074054
0.8690610344150153
0.02492238650767096
0.28667990421554035
0.08381094667798905
0.68556708431065
0.006483245258561969
0.9437038867148768
0.79309003682653
0.7126675812543636
0.9087013633999769
0.8756155387994161
0.2361062212045275
0.26706128853209266
0.10931255094287486
0.9722077464863415
0.5901555985991236
0.4615806678145429
0.044982771145705154
0.8086848363022452
0.7155743442844199
