0.9440816832609716
0.07506534652942738
0.15760823147951836
0.19177476088287806
0.9487580297780698
0.2017542658503672
0.9587763883269889
0.5517907823412109
0.9966801449821916
0.9387783227265192
0.1448074294573964
0.5564977641280902
0.6263092037484722
0.12279578825304094
0.7948026803314351
0.06266985711484024
0.9469308387971958
0.3700932894994702
0.5727683442635875
0.8174357687658387
0.30150953439931183
0.9472004735321743
0.8537071288361584
0.8492281518250224
0.5865037104218498
0.7472786969305939
0.5143981782776594
0.5101007544642919
0.9910945965296707
0.7892906958244428
0.20983030563880253
0.945709269156064
0.08661746343401228
0.6883210578239015
0.9870512985136433
0.8197188279720033
0.109800813342845
0.15626242168222196
0.8480521817650926
0.03784734842874153
0.37916965189243945
0.029545701224673454
0.18454772961675595
0.4485544787466249
0.9845922200237847
0.9338406828329151
0.17425289982138167
0.29820851330322734
0.9918951423067238
0.8428652481824452
0.529761930970907
0.7404459199837092
0.5819836953294704
0.7687572284433697
0.3767130326331352
0.7657012868465848
0.5710869978788251
0.6664131114796724
0.6190377312538207
0.4298135510053953
0.8784878394593014
0.9339569372575494
0.6105940458269679
0.9374222654361314
0.7946009943166479
0.9011589869953047
0.23369127944751877
0.5292987826615778
0.9889997978798309
0.7307236396359769
0.1522017810267171
0.7855029484460021
0.6992768637721423
0.9468454925830085
0.6272010395693635
0.47118851053220184
0.09569730240269336
0.4363573919136947
0.11378181347420796
0.08095480192105431
0.8969695502977109
0.9043503427453357
0.9584183758081597
0.825040309196163
0.9545028586486712
0.1964356649030855
0.10574000426853644
0.6351398417432101
0.24158312902659101
0.07227469678303038
0.818052907309013
0.943889641033016
0.11397091386155697
0.8066148540480509
0.0874375841100463
0.9880654177202375
0.7933166676622111
0.5913822959051068
0.17278411578336314
0.5488255267359363
0.5716551977803225
0.4299008922846091
0.969160878443659
0.8720320326946026
0.8250900839709387
0.5654664918557359
0.5093144732404915
0.8333211129167394
0.7850091308886304
0.7067407985017689
0.2933452093691885
0.9452714415299989
0.41194719904239807
0.9579295985898043
0.7780142683541175
0.15640737710942515
0.03786123850780253
0.14296657457891535
0.2628771202163994
0.7319261484726189
0.053851179932221174
0.040966842656956604
0.7543290238520761
0.40768628481999813
0.8465674190772638
0.9177247714029941
0.2074253447036966
0.6384173565130095
0.7711446693558168
0.9607633311056849
0.4978782689500978
0.9509658584515732
0.8780750069560906
0.4504103896781769
0.7942921314957925
0.33364078052843515
0.09418817993421667
0.6977426737610266
0.6245694906547277
0.5953322440318575
0.11956475012434223
0.9521014223529765
0.19336961130289826
0.07225581512819879
0.062196071556788746
0.33794081866977166
0.06370064024067022
0.11939263285229512
0.8486907061049664
0.8345963072081122
0.27754988365453054
0.513107351534448
0.8514398199225973
0.6137201360622726
0.20496300407658696
0.41606640411137663
0.5190456662780268
0.07017073994451868
0.49060766297585545
0.14412586847206388
0.08711768718028509
0.5803852479260309
0.416029735450233
0.13709063194083354
0.3932043301429595
0.04095376035682384
0.11394337251301533
0.8200297456414875
0.7514021037627658
0.10388850105243351
0.3138402544759543
0.26127925961016923
0.09446611778670667
0.08322396751742807
0.41247835773798325
0.8047358798310408
0.3827986288324915
0.5513590649631648
0.3107923184594576
0.20568017628176893
0.9296044591163498
0.5073685644486496
0.7502050246906362
0.7382283393249918
0.07704898179349988
0.96555910858706
0.37542214461160894
0.04819645777854714
0.8285175744073463
0.741727651531672
0.3151445865092961
0.33867525011243527
0.45027077980653085
0.6324740620611518
0.23187743313661874
0.4566062564725518
0.6826968093313737
0.979526071314183
0.05401098090780296
0.11466813789175487
0.10585247352326357
0.24663925429861056
0.10664813167535991
0.1468997182674103
0.3012499665779435
0.06043951645664046
0.9587203061471088
0.8268052537886996
0.951242947730069
0.5203127100091518
0.9782984884596873
0.15149521215940082
0.6204805868791738
0.9446857325499529
0.8659307132162352
0.14962055536691488
0.9048754182347278
0.12318123691767695
0.9049717004271249
0.0825329815558663
0.121352203440966
0.5241962434137107
0.2220900130615887
0.6759168633777328
0.6671359772241818
0.8634196570850818
0.07032390095991858
0.4673335926284016
0.046651001996612255
0.927594451634254
0.6853806752500443
0.41743817191783783
0.519628029800083
0.2554459879816951
0.08117593898240849
0.962585337511678
0.19733509965546772
0.8448112423914556
0.015655199074792236
0.8172236947063619
0.9202284702128118
0.9916796446450429
0.4276995800012767
0.32554557880320045
0.17743836233002194
0.6718307745763147
0.9223527190928469
0.1872994444191053
0.926181658464208
0.9128800225802951
0.22594995283909938
0.9573402798305619
0.05450714624598957
0.0557040479275825
0.9816604294288909
0.10860937184723896
0.8848915641427924
0.6907055409775389
0.1734643867108145
0.750227530452464
0.060599355402928434
0.12028395009545145
0.13943295133902486
0.9076329190964195
0.2580705387792974
0.25923137715849753
0.14557365439189393
0.8855776246051208
0.7067213840483892
0.9798338741411652
0.8828023345148681
0.668573745256673
0.6606459990101223
0.5711803807514747
0.4791332937927474
0.3988080607888484
0.4719636850035096
0.2077786498496264
0.8204779533340538
0.8946780566135162
0.6461149494965552
0.7457391718764794
0.047339079228527904
0.6356026054276733
0.06850498310196959
0.27507314030878416
0.07116108560328784
0.8950766268566195
0.22830160283032833
0.7016732174506894
0.3070896035224642
0.8321825233502689
0.5197917918654034
0.9288506908075169
0.6309789087864797
0.06761304115285086
0.41338244583291833
0.8706565371938528
0.8157476878116487
0.9000518824542162
0.8338562929071277
0.07742907981528577
0.6640588510736511
0.5383050439995746
0.9254759559160626
0.09827624154216588
0.6309417951903967
0.9980653026911177
0.17244169551182956
0.05211063184413532
0.252340135922635
0.07286926867399926
0.12110165501646304
0.7129638071515682
0.10981336481999358
0.8434191333242151
0.4027291237933344
0.26186490410684493
0.08225941811428264
0.07404610665451075
0.1845295305913519
0.36211916501463726
0.12791874141549603
0.8432453424157929
0.5127816296761851
0.7335505317544714
0.9137998998099721
0.9195031417101975
0.8723035692683414
0.7936009563296997
0.14144380827559253
0.1360660107071099
0.5540626057071567
0.8612141330019161
0.9778165391829476
0.4276542081820097
0.1662729194413106
0.052512017387157134
0.17337345754638953
0.772232860180686
0.1896745710977749
0.5662735633447888
0.6177288576561555
0.7022241761808108
0.30606125447110244
0.8120347755185773
0.8245760246752596
0.06854914116456445
0.6835482739583044
0.8618583659840682
0.5683170428689901
0.0819015211705752
0.15000794781723284
0.9542884667870355
0.141082546780061
0.3134170673477782
0.8458224671760528
0.9992309289529857
0.012810872286466763
0.030907037600894395
0.9788847942183669
0.049463944980169525
0.13126059734882722
0.5175393550633396
0.6377926277470017
0.6307795186430052
0.9047265426714279
0.8949240768527712
0.537544945512343
0.9713734079571046
0.8458302685927424
0.9701771836888227
0.3715732693179534
0.08213295755343811
0.9585683009001882
0.5189271058287375
0.44890317668336366
0.29240577145054125
0.10043101554428299
0.30395125912572507
0.8917323132695779
0.52989161717317
0.9752151473190571
0.9003413247493096
0.8957375113499546
0.6480771833888793
0.8235214501565271
0.5469819452455955
0.717310797014303
0.84773522805398
0.7301549765382753
0.9081380367648872
0.17207002046795628
0.7621591800396269
0.5956283629816619
0.5581305115664393
0.09100701621614385
0.18024461294624913
0.04106452988734263
0.9356294550850088
0.9247676672317522
0.5416599321367781
0.9650281544873354
0.13728108336909609
0.9741020837446293
0.7103665057205705
0.8317996033885661
0.1478799652486538
0.2697387993630045
0.03509037358813214
0.9843666776408216
0.5883557197631575
0.5077127455199778
0.9318864877941793
0.09685988300971951
0.13920353218234183
0.5681042025850268
0.06591410084520904
0.49489719261870235
0.08604500725656941
0.54644594755063
0.1360405391679238
0.5002070202071319
0.8653782034175816
0.2247479276164181
0.4964589600644427
0.7305727868806053
0.7644927033151542
0.8579961032332419
0.9724733133145662
0.8566316780428591
0.974911127220738
0.4195296418765236
0.13421559207614264
0.9458821410740057
0.8027219332756809
0.6117540434305504
0.5324688553626737
0.11886145910981515
0.9890465417197978
0.587076136372114
0.35078948571974405
0.6797944893358813
0.2542580280484888
0.12145748328734866
0.42879769833843995
0.0749671989120951
0.047057815659246376
0.2547451747981543
0.9996718811413235
0.7388516565447358
0.835596361858602
0.7476605348437297
0.17445475422704929
0.13620229173908793
0.5164127806218453
0.6277678075623295
0.7148535536272344
0.9678105068937477
0.8971282185173624
0.3483879246966255
0.05865506148012187
0.1841086132848511
0.13241590805774517
0.7994615462478784
0.9478891293096289
0.5552550595348327
0.6417849200400815
0.47270574729287346
0.6792199223772302
0.9710508955029338
0.868264335802169
0.07140341249729806
0.6423481504665776
0.6405270807294143
0.9665496785004553
0.3640720497544694
0.9970460577425234
0.9467779832603169
0.33570060838017235
0.7386913651671565
0.40762835079018894
0.4551113156807197
0.7513531185380802
0.07962638470281178
0.6499431236505675
0.23625429922600982
0.03997851339510428
0.4367021373469077
0.17215810680190202
0.8135446503403543
0.1684954991798871
0.341147766776838
0.5183431132939513
0.8541467651935335
0.05479934467133972
0.8529687198813379
0.7185347262390054
0.838457115709047
0.06858702532593158
0.9208790523782542
0.9814376200215953
0.4810852870665141
0.42235173477136334
0.8155625929519719
0.5275203766471204
0.8140900435128835
0.8797095534854467
0.7956223567311359
0.7499413173391415
0.9743650833565165
0.4888665996338736
0.8878678293329734
0.13823614596065287
0.6487066941908464
0.49675209654631813
0.8300540210537677
0.17743082225981002
0.9118232958968068
0.7394304243543663
0.11814587482373985
0.6715543201514844
0.2159440373405757
0.7484580415483995
0.7330801437067186
0.5584039854229617
0.8045391180024812
0.37260201097616513
0.8623876824720468
0.9564723091309013
0.7410131014421292
0.5424936759823857
0.2630662025580217
0.09079244554504448
0.06337040484385802
0.766326427359584
0.14932563009185068
0.5657967374844657
0.030701535055267792
0.8282499508778547
0.04056182337873693
0.19446143015822098
0.11798125203818353
0.10346088519802325
0.23552118727146265
0.2581802738141139
0.9118189015902238
0.9131445856987743
0.9901516308455538
0.9965228111411555
0.2364287869813966
0.6584159509080618
0.0893702711627665
0.2301899201193956
0.21748367881401076
0.9539318090122507
0.15409477576277703
0.6581242525151696
0.6219602950882773
0.1309866919733214
0.7524994746045668
0.09476106407346485
0.03546332138284009
0.46424530181961354
0.9436072605831791
0.31428986211925336
0.5992364767534648
0.48356546667481093
0.6091307038733379
0.08308858164073904
0.5431635400002591
0.38643884187174865
0.5314119805556353
0.7329105333416778
0.7515647182641757
0.15056427295761823
0.054198092037392114
0.089670255461595
0.14818752373380056
0.4296394681550595
0.146799378263254
0.8636540493795268
0.8056950709315844
0.9705348973707435
0.7324595260872648
0.5943987253477143
0.9659759718737194
0.7305252545051534
0.7473045824532418
0.9124511315912263
0.5981956531603819
0.7081165100846214
0.5341427531120415
0.9568932445232163
0.9592095953141959
0.9360451773727521
0.8296513480655057
0.10154534622808178
0.8797819304059474
0.1331434790310895
0.7755809923679471
0.6868040949007583
0.8928423166822205
0.09142831286128572
0.49684886485283
0.5152201138660333
0.44750854200865986
0.08846722686543516
0.9238813118246639
0.6293724819614327
0.3089923503352142
0.39982329234569847
0.3890640489250864
0.6398932354309481
0.028844880425386035
0.9570373797512028
0.6432305379852122
0.31126555801941574
0.9504256125369845
0.4434374409569287
0.9746996855746357
0.9728707696842387
0.8774824020000969
0.8823133714232663
0.8401172586174958
0.8161598360911406
0.9078752624977768
0.20411887128878903
0.10127638181745388
0.652972453572482
0.06630134240332455
0.6500077620429512
0.9184110419401545
0.7870167198061582
0.0812234919491163
0.32480159990176694
0.08342667812037108
0.9215406356020521
0.07266619403501426
0.07776237369440436
0.8789246456690061
0.823008733893426
0.5440782765125707
0.15272097052736566
0.4674441977806335
0.8756771454061365
0.057926910275798354
0.9481678150805686
0.1607742002668735
0.7169692836588464
0.16476579488236887
0.5865553650665687
0.6435682182784578
0.9184579590323401
0.1291127651585186
0.1500855013984873
0.23623339972735824
0.10234193196569483
0.6962489468426432
0.07219568977123975
0.7229652330058819
0.2359303340910541
0.6285763812843137
0.33926789423821124
0.7143339740090724
0.7096012706213022
0.3347440242794304
0.9087214963053489
0.7890989209031953
0.9187361993449412
0.6859319418983967
0.8913769084256078
0.8898115857686534
0.37822305681494384
0.7302699246925055
0.5198962493193854
0.9825722319821095
0.7932008472837753
0.04838139434305039
0.7040725483295687
0.528457864187698
0.06447778165180088
0.5674177439865629
0.6493763473523093
0.9532125177495729
0.6168925896331332
0.6251904961223732
0.48597009258403356
0.5350707305897789
0.367274486527423
0.19912848032187686
0.39845329003159
0.03582568491940701
0.3433353188503647
0.5428861586171335
0.46702262456747945
0.9798379553262186
0.786897750855633
0.058470454052696255
0.7348679774400771
0.0659296772716006
0.03196466561429594
0.6940677731174151
0.9766791336108891
0.46530550858947506
0.7171633648091467
0.240207761608782
0.6217633577700424
0.08425142384186608
0.8500599069193798
0.05244558010398091
0.8385159676858982
0.32631650345468693
0.1307554522458723
0.20799394099454782
0.6455772464364989
0.8848569658726494
0.6951124432248788
0.10826142987965354
0.6264240577757254
0.6544097671444847
0.6903090321224106
0.07492850542427332
0.48732058987055726
0.3174286637617013
0.21118145387789578
0.6302431685593926
0.08979640647686063
0.3405256372732909
0.4318094108409429
0.5276571953875919
0.8998824861517921
0.720451147117043
0.9865117116894345
0.10842657144537657
0.3726338282472833
0.09061735514333397
0.903441856477438
0.06845075343332853
0.9650758693886549
0.16578265670936773
0.5285629887659467
0.9292252259732217
0.5050006371866846
0.9991203007419285
0.3508511573888558
0.685943507553942
0.6780261966045864
0.5152709355010288
0.16291765552583642
0.04857162746765102
0.5017445591967697
0.5587878221657789
0.0542137436731399
0.40241081116662114
0.0358446274999637
0.5998932102845452
0.8408198090999579
0.7680513082942556
0.8796052688817283
0.8838927560818804
0.4674039445384802
0.9799289531261193
0.6741511175998592
0.14600514813645005
0.741029140395993
0.6266608924130347
0.08681912423278389
0.693908193129589
0.8447840666157496
0.6912233129575882
0.2176233472727998
0.5922626645272411
0.5245105986168166
0.18156612414399906
0.6637649808439303
0.8899567596491103
0.09769995049501094
0.24471709032745248
0.16851241977535714
0.8621338581079085
0.3398131213631027
0.8035699705764671
0.9537507088121688
0.9773436785593993
0.08865596874371426
0.1139349806592722
0.7743703941777709
0.08960852585647347
0.6599499964723845
0.9448427641108603
0.4791599388454275
0.8195807514673301
0.8910778664421763
0.15556963362603277
0.45401586994882365
0.1177339322961826
0.7788338303991706
0.18695237533395814
0.11014590506817508
0.35586420824682985
0.0728842866354662
0.6997415305771992
0.8721502875304386
0.16536078434684617
0.7175341038626863
0.08641536291883276
0.9509700697312182
0.1867455713733513
0.3893570314446013
0.20900710551029866
0.496130228012879
0.8982764653647959
0.9652715126818855
0.055722364674006375
0.9123938663175969
0.09410281360557074
0.67766006791384
0.3822330355106882
0.15728988758109808
0.6084496922984741
0.9537214521937776
0.16225020734362283
0.15368465508033907
0.10446743730646527
0.9962338678389986
0.6864242449150701
0.9281265305622599
0.30034486450435743
0.917569102750406
0.8170563586183668
0.06893975426712261
0.9599881200984424
0.7027125571402161
0.31199761809826815
0.7419044313055132
0.6999058843232602
0.062478282485511155
0.23171938861293645
0.8695331203108362
0.43435978000324726
0.061624977076569123
0.5936522419392514
0.38220947143155093
0.3601899799940743
0.16359776162876347
0.09010751877711223
0.7051255168239632
0.8898755681352222
0.15156896150110888
0.736637550192456
0.192825120229932
0.5535853880487094
0.8859803885383726
0.9397827232227992
0.7705263925435437
0.2538825899275809
0.1819763017045274
0.08716804935394823
0.0822976516132854
0.12162634774110694
0.6034588327801388
0.09370959523505698
0.14222025937672525
0.7793172120326021
0.8987972709769867
0.593567289272805
0.27458288049252116
0.049982519027580156
0.7865087133604023
0.9548564687251286
0.17580715111163028
0.9331383409101692
0.40661559439357187
0.5281012403596285
0.9425904241791296
0.8617852677030476
0.8119035756978237
0.2384253252936143
0.17104644333573568
0.9607044889021542
0.9040930426977
0.43889889515151065
0.8490690116436421
0.9182064137986059
0.06347188971873474
0.1000659630944985
0.5476802092246728
0.14703173959765464
0.6573440120302425
0.7974002348105627
0.9512038966549521
0.6053444785535917
0.06738894874543372
0.31623488587090953
0.6365661596242369
0.5887387858850022
0.8721149384966949
0.4091224194102842
0.9083127564161497
0.9331232519409993
0.48323283700687064
0.8971472311514621
0.6032265317680019
0.030737109662352213
0.023607829288550666
0.9250957521563119
0.39322938387155193
0.0615577064118258
0.47358483104447174
0.8307730892379619
0.23603438689456951
0.8699646728107211
0.07438097866860434
0.7016296829357929
0.9058561641914478
0.03494504927272307
0.48974448878162846
0.8075270364306544
0.5164318361236346
0.8154597782688461
0.6207348401934762
0.8290066670934224
0.9632832552987114
0.9895190639735796
0.5790423097386106
0.8782772595384121
0.06579695189073755
0.5015617221826214
0.22753331353646505
0.7547326738996571
0.15415084710399124
0.7780228708816428
0.9529462097911059
0.4630856323142353
0.8927026565902658
0.904681536472141
0.5425134874664541
0.15922998782348383
0.5530150790876519
0.14171857625896034
0.4949880144786155
0.16320633286771954
0.4723384336100436
0.6708636516858064
0.5949653973739919
0.8934882788772126
0.5938572346303754
0.9326995768440741
0.1517263948373302
0.4153627029057586
0.6543054067792755
0.5736735907567735
0.44090253565874804
0.03879089761032323
0.8694683023376342
0.11807251654661084
0.09909260575516265
0.07754758572581147
0.6696967859602909
0.8641010679707823
0.9129869553975173
0.8476165721133486
0.25228339270886957
0.5761429056324696
0.21792179805772224
0.41852417198763625
0.9121968733048496
0.8985232863187
0.10022298685388775
0.9244841886681301
0.9669881176376376
0.8024883985555966
0.9978971147228028
0.11554227109901058
0.5706056144371385
0.0910398603105411
0.9260885576731007
0.2377583962569737
0.9370458616894384
0.8883847016210434
0.08286095076480826
0.7098206955707739
0.2730261831395907
0.9237415027640865
0.06729167608332935
0.9540119595200525
0.07232202163890114
0.5767099420812719
0.8147816377129758
0.5163311113060379
0.3932166320378084
0.9220622160585819
0.5735269493365431
0.2761561583080266
0.2904249508016261
0.7894762272660738
0.1165922492033826
0.1013309243267268
0.8234629977690511
