0.941952848245297
0.9878691795743861
0.915467150542893
0.7570341663441241
0.02557874692289304
0.8869518743154268
0.008099386127859612
0.48704750295082244
0.07969868725543396
0.679313117876707
0.047201844199415505
0.07413543934021016
0.3012807744709357
0.9216319412620998
0.7105378940096163
0.6215113740075049
0.5587199705706885
0.8543846929692196
0.8248817452314898
0.6187562792221233
0.25205313124717177
0.5358839994672393
0.1670199441327057
0.9037925312462554
0.17240431939564554
0.9185468113262909
0.04355832111074338
0.4307627792359388
0.9979380580838481
0.02539384758702424
0.5703797141928332
0.8041081717954977
0.3960234946800399
0.09011847734423711
0.7589677374107853
0.30220290337011046
0.7971301940332636
0.8306560341118372
0.014582736001595554
0.6907962984445419
0.07087356766928554
0.973445651641939
0.697684837584978
0.6917854161028051
0.8406926953409969
0.8427042609739479
0.02468883186597305
0.7027291938012459
0.8369726005103217
0.1521922627399385
0.6248967100216949
0.5819610357297098
0.8618110745547023
0.9533541958985982
0.6531078518557027
0.05234640578257856
0.438587219432482
0.8241354313256128
0.9144144113702335
0.6126685179477485
0.4295292581704643
0.8486508707737491
0.7264674292856071
0.6882909859528622
0.19485479341849504
0.4903314352782484
0.7827093190704775
0.18552453969758398
0.0853335918774415
0.5301623475183485
0.151740631442061
0.7269819903062988
0.057205872508078875
0.026056901534975252
0.6455002674111392
0.6762809504929457
0.7526972978413331
0.6388947051199021
0.0617485902966315
0.7900934991333558
0.8887621021199612
0.6642363992885256
0.41908595312104147
0.5383347658907952
0.5751545550747457
0.006469007767802655
0.834399405218549
0.9539664576786537
0.6212668215755623
0.016437219721869376
0.7969538872504662
0.5950201620789507
0.2711712433572431
0.5257395358512815
0.3196715869340694
0.5621797481671221
0.10889804893724708
0.6772408443395312
0.6240357518878583
0.4646335434145318
0.004264799438808857
0.4102220500907364
0.8218128063502156
0.37912461503395833
0.7124386511731848
0.6252676381556662
0.7216050405761698
0.24860003948571258
0.6134070710135298
0.9433875031436079
0.7491825006894499
0.7714614571414933
0.5529742701911524
0.9181496048156906
0.03152625393190388
0.8657819112472482
0.5601860398595238
0.6904610313224848
0.06300340627198026
0.5282747321291286
0.08699376533619557
0.93477668035057
0.2379085879835487
0.28948665913468496
0.1849159851454229
0.27268678297861076
0.8651823922900599
0.3556599561928633
0.05573123951638827
0.3286133279697433
0.06031395363630535
0.5257534137149391
0.6450283041259579
0.8287672775289122
0.7028034362324933
0.776310907653797
0.7811131759885334
0.8208505853139471
0.9180335332362342
0.8205673050791276
0.684545244316136
0.8479233285043357
0.7376428247276945
0.8753248019193427
0.1776960462155779
0.5950865109182196
0.3813433626944098
0.8069824982172648
0.9828198842771387
0.5605171038361734
0.9274184658926341
0.6678643996012795
0.7601281276119753
0.7545832013646666
0.6901961266997123
0.3267433935636608
0.9006353971687489
0.7882417758805103
0.6743374100598266
0.9904455253583853
0.8171907456941325
0.022071672113385385
0.9719843463204746
0.44590642094626426
0.082178273296233
0.9851200954594238
0.5093761623570213
0.01458554843214713
0.7866697341770043
0.3987816393938634
0.544685546585346
0.40189688339073004
0.03506557806117777
0.13683224690465956
0.8602241246504214
0.7669692272535688
0.6027517291741737
0.5500700945649077
0.011263923126238543
0.08414159589264841
0.952865868278187
0.7743586605924478
0.8661362931509615
0.9690733627808341
0.32272461670454206
0.1639903968374249
0.20625538000776966
0.604243812688806
0.17324375824117946
0.15733351046902416
0.027640389594552502
0.17395809076170166
0.5991984311799281
0.7644025106999375
0.7002266133787928
0.49784399749281016
0.917966820923855
0.5997015169714381
0.21890878676245468
0.8976408401661601
0.8266162086857718
0.8000486681599372
0.9260648120060992
0.07329599979640393
0.05160462330959268
0.7739371218871809
0.5502161507788228
0.8797627674157049
0.9805949043708548
0.47251065697615613
0.44580088635377435
0.45200785546510536
0.6734695676312097
0.8529953036441161
0.2866355220078023
0.11987659547662369
0.7180619063694937
0.08221375739965094
0.8529484627557842
0.0963586346530537
0.48565345532053494
0.12600962384807915
0.9020164726279043
0.9220680571679843
0.9382731459062044
0.9697692147759558
0.7696381047518124
0.05548641997943679
0.5606948155871025
0.8158045808727801
0.02641358771251666
0.7391725524635997
0.04159142806077448
0.6599806850319828
0.7592081741562783
0.03224166535684451
0.2868364318401114
0.8856080141645597
0.8900407495151987
0.46517431016319477
0.9571041399079203
0.7116702591619458
0.5765657318379075
0.6065816496238029
0.6310788622539496
0.892346812455438
0.7989945448507622
0.629713190493147
0.9225820343159419
0.8656695014192735
0.6731009070071041
0.15173576364669905
0.3217196723050975
0.15311659865534713
0.35419672728578927
0.3677335332431284
0.6286920336952075
0.053252706045783846
0.37929222794884243
0.2590213828035877
0.08515407735071562
0.6052207508387477
0.6098190712405097
0.9443922842042488
0.9772984505316895
0.746393160785314
0.3339843186733435
0.16245905139433334
0.6296187742146555
0.9272172936895454
0.7507663746058553
0.9102731187358006
0.02507455769319212
0.9657577677797724
0.7403901045565171
0.8878112615310363
0.8210082045446008
0.7244836966750237
0.005531018071194429
0.8562986293628889
0.7273359122754113
0.011831518977243265
0.5256941221097204
0.9789277282551716
0.5862493791062864
0.8138556706436493
0.9043278703488882
0.611080333006739
0.186766966000783
0.4166053423141864
0.6892558724779327
0.8978186503991676
0.3747352427184285
0.8031798489953355
0.4340804688889578
0.5896018607361642
0.031505966831714256
0.03777289205196957
0.0852141587973197
0.932604071016199
0.43132550654199603
0.695544667892988
0.9578336213038987
0.2907800714392884
0.06355718216638678
0.6500013289307873
0.9367718657476176
0.04456591835392941
0.8807566609375319
0.6297957439217035
0.7334374023669861
0.8552652855536338
0.6675054958435976
0.8695349116550304
0.8670776368359161
0.8336268519043395
0.10008212459827015
0.9266835679032382
0.9017179755033895
0.822420961575639
0.8724511555185904
0.7336617049739844
0.6696374428587973
0.9505750948216616
0.694298282893158
0.8623692721204151
0.5065274831105856
0.02508395894598945
0.7539643135888846
0.5805808114973631
0.944537499624384
0.02118943216788579
0.7690692771976438
0.6841521413428728
0.44292980353896394
0.910447876187942
0.009580464335929838
0.06763078454881025
0.35010456395808265
0.04413309788765547
0.6245109095894115
0.25399921244725787
0.5335775346306696
0.1435913195651352
0.022962985508011964
0.7442025126736809
0.3831777287597066
0.019079842478778128
0.015788089300887202
0.9449592358113019
0.631574815000449
0.9986356710530538
0.8660061669979976
0.4229049519271634
0.018154683851844905
0.387413317086048
0.03772149174974198
0.6188314523305524
0.7657272846368648
0.012094725919040754
0.8590996734935066
0.19725425410456662
0.31745438516880403
0.8272588877795386
0.4177742681457164
0.7196832883355854
0.7621008727972032
0.035813822016756376
0.05358830109315291
0.8897388916125226
0.886649567774241
0.45208789916119196
0.9881451534484387
0.936248202919876
0.03714729600169585
0.891559069197114
0.6679598787788219
0.6380147750898746
0.6782233111825601
0.30945929025088514
0.6645427543214829
0.8148107773181854
0.010713726702716916
0.35991206473834264
0.501405342762512
0.4550971900710924
0.40043895507831484
0.005734281682788968
0.5707174880283359
0.9392859536078106
0.6566386559806021
0.6890829832683955
0.03078991031858679
0.791302704047135
0.08182544179081074
0.019310292393533424
0.29236792411916046
0.017424271322316862
0.02219339730130292
0.28092515216833835
0.9161320010920574
0.045038108431007175
0.15340365294718827
0.053714558366583634
0.17735814765279784
0.9974758053365396
0.825648969815542
0.5746683738370381
0.018990027137156647
0.6843086218806202
0.558881937364448
0.7428594534522028
0.5869279977837137
0.023306239654684122
0.9785585790374993
0.3623565617102384
0.07481102371699065
0.40240766103947573
0.5339398100789126
0.8634037587626581
0.8038461350997821
0.7119104704600523
0.897284849874239
0.02414049571297111
0.8084814890523777
0.8704061237326202
0.4739008264091803
0.012190150456275445
0.4948988460620718
0.5828690142759373
0.6265349173755691
0.07948969511408421
0.1852013952421916
0.9186980707194119
0.03468055502741481
0.7862716322691445
0.8548737151741995
0.21459156804013768
0.09719960800337657
0.025092801339439516
0.7228654161760886
0.6686489792484502
0.7646918132178475
0.05992131769873465
0.8383420318558088
0.5217715655706544
0.7638891679399131
0.5373217941008603
0.6655743844854172
0.6043018421716408
0.5235650538141924
0.06269731605149363
0.9688937944546011
0.7673730234413423
0.6645777250240222
0.7341335928990165
0.2294921101030248
0.11197740129012057
0.6066020916719082
0.23794489646033729
0.7618867828671998
0.7790980802409435
0.9201185192102529
0.9626764378830106
0.7568040703642978
0.13704548494839022
0.8937942155392239
0.5739321152064142
0.23631938375490924
0.051525896870748086
0.46715039942451964
0.09600166174521399
0.35873580882761136
0.014460142046401621
0.9491116061840844
0.5235098193679408
0.10824914052011356
0.057497917249876566
0.014652042743068597
0.4504144690505479
0.9492224230926569
0.8349925295429934
0.3083799066540307
0.5730289398265194
0.6094988774375928
0.38117888046622844
0.7508327693258126
0.01502649279536417
0.040196396499987345
0.8726697142971294
0.9806296656635975
0.8455681180908035
0.3201390279094383
0.8551575237501181
0.2579705897581208
0.5213487651742374
0.9437188866113815
0.7512674918687929
0.026652001898007517
0.4610369505174576
0.8741655280577995
0.02576893387544878
0.13860564532844982
0.9757221833243055
0.4306638633605668
0.06164190909028213
0.7984605866498478
0.7025693180507355
0.7767108305552002
0.5296371890051128
0.6462294477178738
0.7593605711249374
0.9661573750036814
0.35060269556738144
0.41444987559867685
0.08589615233288456
0.1628907866710695
0.5364690773368307
0.9638426924352207
0.4237304737910353
0.8926770109631327
0.333767486210742
0.9128899258675215
0.2824497047561034
0.5836858127227187
0.8558101714529931
0.4879538351154773
0.660691955684483
0.326936779249974
0.25687885797216575
0.45404509917974367
0.6974580619965145
0.5156056260170693
0.07418050353401692
0.921544436096128
0.10409712507661133
0.18792534326587051
0.7417429411339176
0.5877994907583192
0.42884350303422436
0.3294195703105837
0.637802189629689
0.5339988934118315
0.7640321555058417
0.7003896954277735
0.6717693871172741
0.6443285957650494
0.5414871906659476
0.11010267115742241
0.9404117091463997
0.018144502664362086
0.809655328252992
0.46869285512669323
0.8079463955529428
0.7333341322999463
0.8793555981128973
0.9823677857044946
0.1407459535073104
0.8873421662450001
0.21452609282508675
0.3154359713181848
0.8906155210887856
0.0169361173870912
0.7487336514354161
0.6905027256533613
0.5237049907635646
0.03887600201179861
0.184473495011303
0.18228654166640884
0.7582966884885669
0.6310395987500453
0.18584962319685217
0.5815254713242155
0.24723555693088556
0.20891092515504
0.0611676014130125
0.011043514159473921
0.007812502701577885
0.6775202192895655
0.9250590624794623
0.03784292330278962
0.10220485064833831
0.7961647853123717
0.02937475692724945
0.150667380988816
0.6258295549017856
0.8505079854410975
0.8095039855902046
0.8886656619431137
0.799047680914641
0.02525858247939867
0.44826153006567904
0.5675766530754914
0.47603356965506544
0.7152744731851405
0.8201182470327707
0.7716866593247782
0.6414677072861383
0.7862240948583221
0.8028508815028083
0.19528384777709706
0.5742183460429879
0.0767104418361326
0.6633059681554471
0.03403139284024826
0.5834263532402426
0.5454779040811133
0.6014591887963725
0.6655541535754814
0.7006147148935662
0.8333779301730784
0.5789419398049103
0.8795984940971577
0.050196162805207514
0.037687721030637125
0.7034055542615589
0.7403058648044183
0.9905197600484145
0.8023938617076912
0.02536727274945911
0.15312434904710465
0.6041190290144547
0.521983848935118
0.592929379912859
0.5850750819607491
0.5535057748384183
0.630681056398483
0.839498229949859
0.5187137364397536
0.7561149726360255
0.31399606983918094
0.8089430093322596
0.6818990482270502
0.49366677454958663
0.5912082851567521
0.8615754660950384
0.32782444132748023
0.312403493455902
0.9204269187076848
0.2746267035440243
0.7823556199689146
0.44215440329983297
0.3100522874604255
0.9224829675616399
0.996217701095366
0.009607626696740406
0.6756140390119019
0.10583427020276212
0.3221264026506132
0.051887554986962514
0.053899538485377846
0.029469121377451373
0.5598266037826338
0.8316759858220416
0.720334360213249
0.9927044859253105
0.43238457927120755
0.395259772856907
0.8399040389184718
0.35580341774729346
0.9767568669636126
0.8714030368629324
0.6178900641649472
0.7611526129505728
0.038657972258099776
0.01826915318367399
0.7105550998744856
0.7099158955741459
0.03205103142763679
0.9782978219443434
0.02333915411415767
0.3640786472570944
0.690630594175188
0.6833208555187781
0.8403386549368494
0.5891027716754013
0.7136652316873636
0.31465809762516384
0.8101777105905145
0.624872826784588
0.3156769393640934
0.5569528893267652
0.09973835450293125
0.6249869758491735
0.10103884653750819
0.27055651604796205
0.6047913495358609
0.42751963793968806
0.10681312965016385
0.0739881230565191
0.9268952796748453
0.7765209342030996
0.32972544602577447
0.05966467067808923
0.7923905424029094
0.7021520332173534
0.7372870948687462
0.8747409555232264
0.18986270091288943
0.6732007182836464
0.6861701017756429
0.9835891286746407
0.8666123660479069
0.6372988149251773
0.6434706000722759
0.6061786446762326
0.18402105636662805
0.7720821133850402
0.02077140734320393
0.0745824779581926
0.8437522201162957
0.7920762337513267
0.3785965135296161
0.5643553862122834
0.8531289385257526
0.5634878738183994
0.12308091206385562
0.6752806828218032
0.8657719303291447
0.7016276064503146
0.262794474161042
0.7174969341269006
0.7410222696653984
0.9944939667906273
0.18731713229616476
0.8887639669006051
0.8838562182364178
0.9330182012243036
0.974857677762988
0.04528903943883375
0.4524293201450382
0.5776249131176152
0.7943119348316126
0.06750338450934504
0.7784232731117501
0.8353241063696946
0.8632091485070554
0.8517364011068912
0.04063968070164948
0.07298018073457921
0.9418031810062824
0.7932482923970479
0.5707483654416603
0.009059972228070657
0.6058544911806264
0.0772236959400296
0.9340614034901134
0.05799908667106084
0.9197890640974717
0.9188558174106054
0.5828589974157954
0.49612604282568407
0.6550839631868131
0.14050253470701576
0.8102825538524341
0.8859537260251078
0.6860706979743392
0.853784283024234
0.14385027855515797
0.3771085349608262
0.41884582494093775
0.697282205619324
0.5703282106290601
0.6774452323640986
0.8505241411885167
0.9666336921804763
0.6917547059790279
0.3912106465961459
0.6566660954808214
0.2701839922712675
0.6343051702210597
0.1783364101574403
0.6827741699058273
0.07596195445012288
0.034659603870075176
0.545021013653209
0.6984961016600697
0.043886194254906113
0.735575746124133
0.7523416659789224
0.6755080466247014
0.6712683392803126
0.7148921545683135
0.6425374195240139
0.9363176701010119
0.7887159127016492
0.7119535988665932
0.6650451582935328
0.4055423713458557
0.0585991813430294
0.3727862245581533
0.6405895714699847
0.1522869189470054
0.869643644642034
0.6985399621464887
0.8222163749066584
0.3911699150915679
0.7780628441346304
0.6843811469057193
0.3147407786278019
0.031803813870586874
0.9618856070168298
0.9871832861776284
0.8937875138604263
0.9546768922607815
0.01823711491823969
0.6583933269154016
0.0713933055541465
0.91089626913947
0.7379040175809697
0.48565605364268755
0.16353512054167307
0.8753171697540645
0.44400702134983155
0.7491492026030278
0.3415147131776327
0.9562554121970858
0.03562477819449629
0.7975379664614486
0.898313694453543
0.21360502199964335
0.5248797125886472
0.3772579344805926
0.5732915050159242
0.02176019473058114
0.5782295904478779
0.4357961899346591
0.7639400786013707
0.33603886052142506
0.9219734298971209
0.031081217077195467
0.7663679607421745
0.30733700671044034
0.34957058785798667
0.7837265521194926
0.03824809079435068
0.06393649666267322
0.2853248754153769
0.6772371547158068
0.6153068726821574
0.5932052788291449
0.9112800223399042
0.5840524315111217
0.7082127849117439
0.10081272897645716
0.7060238430917486
0.5232754450176614
0.8675563274667384
0.1664211398655993
0.5548425758997808
0.5680430019126673
0.9072118518005636
0.09070479884065369
0.30446708100811937
0.7458352690097119
0.3524440214560545
0.1825848468533715
0.526651209114734
0.014350723401130177
0.7550672460888953
0.8849685194889779
0.024915936431626283
0.540144827697185
0.6406386310693857
0.9168890071229028
0.31853789855796444
0.7837629594862761
0.709018235322502
0.42057288631644524
0.8887402450159525
0.5816768550772471
0.0558210854725555
0.8736089376561873
0.8780711465635505
0.6761349071379736
0.822928974222098
0.7239057861606129
0.24886788045167973
0.7559621620743862
0.519089457866576
0.44268335586867197
0.9940435031246937
0.11051585748281481
0.06582996696248945
0.44302185990541315
0.945571641467548
0.8829282362749931
0.10439364355475667
0.13307900953056517
0.8544647631884339
0.336020615751811
0.8247950566498237
0.17361850033587195
0.42394233993337355
0.3832806876517695
0.7728645962210705
0.4494034705428947
0.38605274315302796
0.8620273006495763
0.5542410291700419
0.06969450050774996
0.04804587700078729
0.519568562465247
0.867471442291417
0.7404773674950864
0.5270655625105234
0.9464987456706717
0.745606428054776
0.3489030156266095
0.9725956140997208
0.39973759024738814
0.13578177298129762
0.83716410284294
0.7589585444900044
0.032469121674422056
0.008136048839051406
0.6017129644509632
0.9600231206570764
0.4387043430830545
0.9854423971970334
0.9134111122912423
0.8875038397449754
0.8337853411262487
0.4784815743512062
0.8964028555030403
0.7068708717002004
0.7243809897243968
0.3850733776864582
0.7331980411424017
0.973425971569152
0.7754030481584632
0.8805027604327482
0.024017966571833645
0.03508908790055127
0.007875853357668347
0.5947334584339823
0.19946331154539054
0.012935774213005034
0.21162217572946793
0.04724167831983868
0.8090887592671105
0.6863353552451901
0.43821789325734417
0.8105958335260628
0.3187951927746216
0.9348216771366855
0.5145299964363322
0.5642024396050119
0.6532186880067956
0.12366720329595789
0.9559692505512557
0.9367081427167862
0.04020886894261004
0.9339924454700702
0.1206418011283543
0.9825208957161158
0.6911306158011103
0.9525931489589443
0.9356422762916231
0.888368168355352
0.33127394569571056
0.7564417435958917
0.8915751563148605
0.6222316821517346
0.666900744400977
0.859489719885778
0.9601401566530734
0.21213313741741738
0.826046251426706
0.2564443336557154
0.788449262974509
0.6075594513366438
0.3141127836202941
0.609845617732453
0.0929486297642908
0.5098740764877945
0.13114438405892195
0.8662804143225011
0.24188982753178973
0.535251728583525
0.39329060991184533
0.9923999423227576
0.5410403192168236
0.9677442187752733
0.35994905433669544
0.04129720294078154
0.03770876416039866
0.517832790738598
0.8143761726902359
0.977617989994175
0.2572290936760971
0.9821664285351646
0.33993762662329013
0.2720231500788206
0.8374837477192751
0.7970361425209224
0.8528101998011484
0.4838866796844023
0.024807556166420205
0.6427197025965647
