0.7658947851796843
0.9004246456637783
0.661864227365427
0.25281654179065827
0.7413425656300573
0.8713938594077895
0.517755676838856
0.3703488623895909
0.3069756806164792
0.09103203112890446
0.5555175908033841
0.7809525410955898
0.9121201456026873
0.5584115311726222
0.7296590568004738
0.8813176375518306
0.19968743604301326
0.620162074729945
0.41348538245611827
0.6638962410429681
0.32991454970344813
0.5182524727186664
0.709365487266439
0.7200278673979486
0.9078536213518951
0.8053514131548845
0.34613762629274386
0.5253729148247323
0.26508868764768007
0.07948038035414277
0.8484931668869569
0.4696207100106732
0.9262902746255407
0.7582002155419416
0.601314179853466
0.8105516804194399
0.6545236455936009
0.043286884200874676
0.17141370956654894
0.34439593854897443
0.30937865130259
0.6064503502223935
0.6954453220073887
0.5430010381458297
0.7991073422918646
0.29197130538325217
0.6650823435348376
0.5189232639013985
0.8984441657910431
0.21573067061073609
0.4479703605215975
0.8407969920942608
0.7241461758730141
0.7138868766526126
0.21007634525646324
0.9394351817156765
0.9663125206754617
0.41806082813284573
0.17011715880606576
0.11916692879414903
0.12612250257272323
0.5696551828415871
0.32720089826460985
0.19714632891785827
0.19628287415458065
0.29964028652236785
0.04143778084621956
0.05221607817830228
0.45166302840468553
0.7932055579665178
0.4494760457087328
0.441024722617786
0.4401261546779422
0.350658932820054
0.8905922202270473
0.028158700862845828
0.13341194925231348
0.5765711404265391
0.8059391753091232
0.09088348146065532
0.14213585168594856
0.04053970501354133
0.7896860840690575
0.3963703033966178
0.839497751877746
0.5444447883550276
0.1930466314769122
0.36089679471703273
0.772361179277842
0.3742469123971702
0.562300983078292
0.33003114522361676
0.10621546959973834
0.8897558811884032
0.520687602911609
0.2647645667958948
0.058378499330485764
0.8904066241390183
0.5473046527561192
0.5335596153989067
0.16740494087279448
0.8864309308282401
0.44094236566149897
0.9438566095452947
0.424566498216698
0.8945027571058397
0.686255676472133
0.6066159660922956
0.9962276663273829
0.051097040044511696
0.8081340149490328
0.6180419721816112
0.3708252931369145
0.16698353401276544
0.6634929516975465
0.39296562514476446
0.44844098362105034
0.9547709179122004
0.869697049228487
0.8892434337330783
0.040714137884034295
0.9440624138164979
0.7001772132126369
0.8140037074642121
0.015514218593164729
0.045536250506735224
0.4764905653633391
0.6777197736275535
0.5579055265412469
0.8245859909144595
0.09222255381020072
0.16966143285872207
0.8819965346455558
0.5977821310638303
0.7112709010002627
0.7578714300755918
0.6798733339426971
0.5884553850830677
0.029364726081607534
0.7481304256631519
0.09017328141696762
0.9173903029053256
0.5032032090079577
0.3895769791360078
0.5346766780368191
0.5449889341919352
0.8768394130246778
0.1693954490832027
0.12771387672607443
0.44996542137661133
0.1711698087744321
0.03481125086086823
0.8460319089921097
0.6860579232167857
0.7300225793463996
0.1534176468875006
0.1583457744573308
0.713731213084695
0.9482656063087104
0.12050780553630454
0.7239698117148755
0.7023957013314662
0.9269751337708027
0.6598488271215561
0.03153609570908171
0.9696479188654628
0.7765569101865895
0.11601727815118829
0.9972162070125226
0.030817387949077332
0.6290515592624624
0.09382389316515045
0.19965365748997735
0.6979720451019565
0.9126590210751382
0.27710913961413586
0.07542923448840187
0.5133195691747735
0.964090466880827
0.08525381538923685
0.9096250809394238
0.8588704850694611
0.6335393488751603
0.9193419696784023
0.3478662563410835
0.42389400644161784
0.7679705178938055
0.8605078542224824
0.8346190521748749
0.11012894226957406
0.7931338985097309
0.07822236595789517
0.5664358396207785
0.7387740465491351
0.9548642966722206
0.9129610542276234
0.8601205462877146
0.3706851536198624
0.7526863976597049
0.6737626844959368
0.8337496424176196
0.3422401878187935
0.6068743894693355
0.9773199268618392
0.8406696883103518
0.228567442098112
0.6624063542808843
0.8201452712822637
0.3421697259400542
0.8048409951675829
0.6715013831988859
0.9206446400176023
0.8802616266153841
0.608095280026707
0.8032300132967175
0.5145535921227014
0.6044205426117205
0.765783649993802
0.6157974496021349
0.6531637834469814
0.998393518394171
0.11484682566643242
0.9028238247428694
0.8779966389671774
0.40868427089484505
0.8160212496237231
0.9281567417786397
0.5317614548568472
0.4902311485439118
0.5494214635021084
0.780988386943839
0.432596275553079
0.03412165191926832
0.15036886651497
0.8529075949769831
0.07750700783273971
0.6381937840798424
0.03884830955059663
0.8687325705742373
0.8414053669219486
0.7222894897644897
0.9152042725035024
0.04962676846974672
0.23066485084776525
0.1912471144675447
0.8644910950006626
0.552441167877012
0.9060606872329511
0.04381007369256727
0.30571639689356667
0.3266224525191227
0.8268033061649485
0.7133818896281724
0.28967224374899303
0.7447625702049934
0.7744245450271803
0.20108370166701806
0.10412508546428004
0.1540791696560453
0.05957862919302778
0.12361342631211142
0.03591663861281774
0.5303196066556972
0.1458501270907812
0.09115135782715658
0.7406914269891515
0.7396235315617704
0.09777051806898324
0.19985110669697329
0.09809016543298837
0.3689689319547179
0.6116437845804674
0.8454846461601613
0.3079172025269821
0.7933245733488018
0.7899269708064953
0.9260903115187433
0.21152213117411797
0.08191235630775742
0.9238327591283979
0.04761554794304329
0.485627327397418
0.13354137556593332
0.5941435855171497
0.9005008337350369
0.13332284809597364
0.9198760351286039
0.9128621373090093
0.2142651836259516
0.6401615861123395
0.6928416687548633
0.33118786219815105
0.6786257095958464
0.7071098125257942
0.03448282835460842
0.7885670986430868
0.09151272897174251
0.7328462851220265
0.9767684067249541
0.9896827364935569
0.44851108090323505
0.727787747360473
0.45236725933053945
0.8454634029833523
0.9190134973707196
0.5034159906060347
0.6562791149270795
0.7120027347354669
0.5284051403517236
0.94900680207577
0.8762892465373598
0.6226608186051642
0.7686113841129554
0.5614118470892432
0.06744096079290128
0.08855160676796216
0.602502420948784
0.49628515099119364
0.7318107820914738
0.3452234790793728
0.21970250743799433
0.6537002876063553
0.4656169164726246
0.7233100185627002
0.7101349481648128
0.5272903691814027
0.928055529295746
0.9293112201920357
0.9072296423378945
0.08018870069179947
0.5933412316722901
0.9693115255255382
0.3886326080363712
0.44118959899034565
0.8564682573735053
0.10341501351592927
0.9391298771448251
0.8495751699531806
0.09368787059056724
0.12687865797130957
0.17005452155709821
0.2527585804640231
0.09932988434319642
0.8831262705997655
0.10040423067071244
0.6267415712201914
0.6722489290094396
0.0701287220281916
0.6728771325493195
0.7750572632865855
0.8141372265361164
0.18054529863866867
0.3461739940218396
0.7108169188161033
0.9374638057945248
0.13444803663595511
0.040751846119361994
0.05405194784522759
0.7729573397593141
0.535880261010168
0.1297168340793276
0.6752192771209734
0.5395158773723219
0.08393711230134385
0.9497946059113371
0.05406536509978202
0.40755516421133897
0.752927612711301
0.8856177747727826
0.4212815284748611
0.7127712609398275
0.39909436347777455
0.7284569364644405
0.03587584925807106
0.6882382482951495
0.036722732581673065
0.19045552399506893
0.8834174829369323
0.9684505319730285
0.19070267642245953
0.4931662623074042
0.37214828467081196
0.9532436838737894
0.05065441985374802
0.9987051529588389
0.15876395000217
0.8993626403275473
0.2920652736501914
0.15944276093681156
0.6217765134414854
0.757760238120522
0.934954119738518
0.7159557262450036
0.5566494314236188
0.8329147330955302
0.767943850129561
0.21446403018356458
0.44377442038601955
0.8025816948812615
0.9572175882713694
0.07574014056251926
0.988955157507071
0.9662688754267936
0.11262639861570647
0.8452676011947159
0.027625880883385016
0.07032178159028962
0.7523785064258872
0.06213415854976102
0.9167075855614187
0.6774234699313555
0.5395015096656952
0.6902337151920442
0.5290629464790157
0.0874901931329857
0.6073818992177255
0.054718682873120386
0.17727586617083524
0.9031635647602348
0.6589062512118914
0.3706607178632545
0.5992588991379862
0.672498031969917
0.8928930997307107
0.05783245472564355
0.928099959959452
0.35096088315440677
0.4664064798029961
0.27846588989556365
0.5721877663723776
0.4853003432075192
0.18971408764236014
0.07294762107077149
0.9079760205545542
0.024593932761259985
0.03441614148807788
0.2577744837502583
0.5112831592843838
0.3883635120046618
0.9679367552684448
0.1724904589701851
0.7049393213794661
0.4209016173619873
0.49134659348642906
0.5569382320712222
0.24989479863161324
0.06226313404675755
0.5430325049526343
0.6110970460511403
0.45823389428576655
0.726243762804282
0.43671769140667815
0.25958637916080907
0.05804726181340446
0.6722743033574765
0.16756018540679934
0.7756886290851739
0.27948297047317694
0.06977581255463522
0.4983164258491562
0.36011617624500997
0.39328752423365926
0.5399972303516074
0.8792090872386381
0.9575408594136402
0.1546540401660415
0.9781257850274864
0.6966810796254364
0.872128393938779
0.43941003298603243
0.9714635856569744
0.2694626605489808
0.6674058980108559
0.7283349742052985
0.5269560460891466
0.7430222619721196
0.716238754472354
0.5910973421034948
0.9164902679935928
0.15106707197270072
0.8543980603254729
0.928721560614109
0.8951761274385357
0.7532780719503033
0.10868532336462727
0.9708819460799742
0.8891298614349534
0.7649649494449328
0.05727947343644486
0.3631032057662432
0.2286623321713285
0.8207563246408357
0.35993034154024606
0.6540685473611654
0.66367814143049
0.09389284063028397
0.8209086373245588
0.101948765671005
0.48477480387455946
0.5212382526309791
0.5918122608181924
0.6865140511463141
0.7019246741304883
0.9288178168842056
0.9201492486209915
0.9285135090089827
0.7084661723682728
0.855137047251922
0.060607210518486415
0.798936925779017
0.8369506352051292
0.3584284821276067
0.7821213543555713
0.7242586483021198
0.6139717707630924
0.06693629392662565
0.7990236726130133
0.07867968108479748
0.555786025353466
0.21718349382082613
0.6165587702275163
0.5166823338857283
0.8002805131698547
0.09601434961945804
0.8901311923015289
0.30818130369550056
0.9816400146866522
0.9362202106513693
0.8210136051141453
0.05551719576530699
0.46118929100408645
0.8953373583352962
0.8705434053349028
0.9224206260767622
0.1826297809087456
0.5180903193243602
0.14936730731569986
0.10889999844239401
0.556994904477264
0.06619348576912439
0.19189192422366338
0.5524097844169371
0.9311405344681967
0.18760502665097134
0.06384386615144885
0.7247810985775249
0.045542729472661025
0.580842856387637
0.04499894511051024
0.13977517182160365
0.8833267554692812
0.9170821246341738
0.5306933148752648
0.700092206652466
0.6665807980387625
0.4589535410970091
0.04339969143620884
0.03527948989064019
0.03835808629754207
0.7273438559765126
0.8373931691975067
0.6526368644445796
0.12917441558437726
0.39034619733544595
0.8817967570224545
0.673904415853677
0.7331833227906347
0.18344160275009086
0.8582338336592559
0.10036611014074773
0.11191146815878673
0.27078443951187997
0.3439608852942022
0.926197934965084
0.9063886880704239
0.9806056271808512
0.7347917893281761
0.9454597989878248
0.6322180805949376
0.2592027286659436
0.9005778172920484
0.7097004203209429
0.7822956462872823
0.886496754855884
0.26590723026309226
0.05657824062827181
0.1851445960762037
0.7828220719276898
0.5965700255354038
0.6967960766692921
0.8352508559409773
0.8260939326986249
0.3722753408077906
0.05242280903236073
0.09957301882823791
0.8509336527777049
0.04423490528635092
0.06325735333680944
0.6243175773088002
0.2482831600468997
0.03316261847239699
0.9533253886938293
0.39629617442889886
0.27162182835493687
0.7424777027739149
0.02679810968143944
0.8503616568884647
0.13776494203268885
0.768851028411798
0.6164905747829775
0.24889603523688708
0.2785891652270055
0.17856727260650732
0.06941586563611132
0.6659773332657283
0.5271174079096751
0.9229881678172669
0.8118159543325782
0.7006366799654391
0.10569998879027673
0.16795272542978557
0.24624095649355654
0.8398430919155689
0.0770188822733914
0.9249690600636892
0.549588484243948
0.1697170123638891
0.6663580092768513
0.1085619195675368
0.8643230403305247
0.2104510328405945
0.7455298459819559
0.09869602060633598
0.0745747544694817
0.8532905160359183
0.7240902020916691
0.7125753957304692
0.7956303357072496
0.8019734531690254
0.1291136267409081
0.9235918463765882
0.8468900807266568
0.5845904967438023
0.7245355314494971
0.7133746305004582
0.05814699681630953
0.8080054247654551
0.27922570563289334
0.44852254271640346
0.961517601704754
0.5102940537211353
0.778411976462758
0.4478619899678692
0.6854311069825352
0.3859021389562888
0.831089709232932
0.47158538678686507
0.07387447174703579
0.7388323288514953
0.8646699570814648
0.5080384589777123
0.5668906246564281
0.41228008538679284
0.1689559101275763
0.6985399174147282
0.7954128924522972
0.5515699326439651
0.5146535833830493
0.9355975745502333
0.9287845767320102
0.06210398070085788
0.7423059260985776
0.04937354603232818
0.818242032894852
0.14443286378024517
0.13441811159494335
0.08550605586269337
0.5419057642252825
0.830872750135101
0.5853673107576312
0.9891099224031559
0.9143350145361033
0.29937297963056564
0.8917195231014383
0.8557829919947278
0.4019942331343054
0.8102253158950989
0.07025126816381591
0.0566746496696321
0.568363150452636
0.9982131039326704
0.7253051032606902
0.9248137249050787
0.09632443571311634
0.06690826097901123
0.02339841618861047
0.06412911199727822
0.4190206024024869
0.37659502577247767
0.6393150032855122
0.4592348085311543
0.29788345281482376
0.523607275504719
0.4342448391552389
0.4253442851266353
0.34874919559062156
0.6039021681807439
0.21882024685110915
0.8513305029838303
0.68061488295591
0.9283649200788342
0.3792767771063672
0.45410926915690153
0.2248234882287502
0.20599360344684436
0.5462575672641322
0.3928047459882559
0.9331127706579003
0.07194336579122884
0.3716592750101017
0.5983085560731556
0.9203870416912144
0.689609129777689
0.29450738960971223
0.6434949182209793
0.7217555545054778
0.737202183521597
0.8396263604292479
0.8844095458120995
0.7517991574703156
0.47054621038967626
0.9574368621237771
0.46161834367863797
0.9556592565834049
0.13564238546191454
0.7984154087254656
0.9392345872961545
0.5938446697539148
0.2406945428728646
0.9087243689062192
0.7759836914393176
0.7630077806816611
0.547736070752779
0.6791152312531823
0.7739964605094637
0.2116573378944711
0.12094397925259052
0.1072090479872498
0.6588211465383995
0.09461935283009867
0.07084197131389869
0.9742469099520525
0.6795637783495414
0.8016831117196201
0.6671529849439156
0.9429241090978384
0.08583456976066667
0.08969218774439061
0.8021815019864316
0.4863335051804345
0.8848014734067309
0.7487771911370847
0.20611259245070312
0.7098467979698833
0.6301911973357932
0.3110957770461684
0.7191320689390113
0.06905518290722998
0.6392522711526653
0.33034053765621146
0.28902178681236135
0.27179938131934256
0.8230742998726288
0.8434345135030626
0.6365720371980872
0.10380747511217003
0.5791602494032296
0.4672731455126191
0.709560334644915
0.10864206493618572
0.719947091872233
0.7303025503585516
0.6685354824509883
0.08508086339957932
0.05157475001669099
0.04863702191453695
0.9832712425780892
0.4851862817253766
0.32265626492247446
0.7540869083649624
0.595271326648378
0.13174696960177767
0.23288545346479889
0.6103129697212164
0.9730720741913719
0.4673561099500623
0.21043333916790952
0.07135742277530067
0.6989494342421929
0.9626351173151759
0.8119334925041553
0.5519485054873426
0.4050268782583665
0.4047131783005685
0.6991078125024411
0.554552037911352
0.06094811781594695
0.3217537263498413
0.4346638307508016
0.8988221765895769
0.8655793861760308
0.7019052467458813
0.4069521720775152
0.038890826357894634
0.8163620137264369
0.7496596275606505
0.30988561565212036
0.08077705865227178
0.09458124819195407
0.8500576086300116
0.7353020926416445
0.6785629284911109
0.11452127826520615
0.582269081231635
0.5358819486720572
0.47437097068603334
0.2160980971198324
0.7230596502880817
0.7892851075649373
0.8381897188179614
0.5286886056353767
0.6293268548831639
0.41727041070560544
0.6152769717376293
0.5234025972216034
0.4643383785881678
0.096404945542596
0.5882342309217073
0.06733952999363951
0.14236157126181684
0.5982931028315599
0.18899816297692096
0.5385666324350586
0.9034657659910368
0.4858305090221983
0.09521773241754586
0.8877616435503677
0.6343113945561691
0.37292967901960195
0.03510422661932425
0.5164115284459054
0.5530595860338541
0.05924462825357521
0.26470216488313036
0.29561166294486196
0.625133972210548
0.10784363824796783
0.7526746628021138
0.7443463967014559
0.07755375246661975
0.9817836772172096
0.6011054998455585
0.172230152473418
0.8803019995225068
0.842708918530704
0.6566111773145829
0.571511944719868
0.7966057836348275
0.8372678916554153
0.7265520615200414
0.9745182948944462
0.8323788139324371
0.1201035521693773
0.15019929551198927
0.13494516846766588
0.9577772909956028
0.29733722137945084
0.7995096206133224
0.7072424243520378
0.8879912117321226
0.6977077686580736
0.03608580336412774
0.7804433948213045
0.7451031679309646
0.5885601627140205
0.24955431717617804
0.12122747281297533
0.08086436067568437
0.7533995304811252
0.197102294258831
0.8050625934249682
0.640746079798509
0.8868635888592031
0.042685332499552746
0.3635575777868916
0.5837850074276862
0.6769240077170959
0.8435609238394479
0.6334465033472855
0.6194778800900591
0.757284456700393
0.13781750332849008
0.866513928334141
0.7153105379615775
0.05967345205960977
0.06566921658335026
0.9903794708810181
0.49959509275748504
0.7352579192459958
0.8639633234813064
0.08398676840586777
0.36540854066610845
0.07004525439236538
0.8752980091877818
0.5834842789672046
0.7604427897458068
0.744484317865862
0.1862860221023635
0.6738507691784072
0.6740666920943759
0.7695923823356976
0.49812581124542515
0.31190181167538367
0.4971789486621112
0.8024757945519801
0.614903118431045
0.12987358643655322
0.49131098224481434
0.027724977164288254
0.6929120612749249
0.1383800735396036
0.48523636734574366
0.0611932051571811
0.4860187547428676
0.850728322799166
0.6963071749372972
0.9967450436680386
0.7823392449120968
0.7660981616865048
0.7033143454581219
0.40437932377214736
0.042183584949124775
0.32930677495205685
0.8608372906847694
0.7597859308498294
0.8954316718659693
0.7710736584858877
0.11169556158064636
0.8475144565475454
0.6486433295947672
0.37472402835700996
0.05127784039062938
0.5061835792680199
0.5791542681118145
0.8967748126682753
0.5105003203623656
0.6638509764280363
0.5447703296873015
0.4026270617361548
0.7212433826918174
0.05270994567906494
0.12996564876594235
0.4355449892461087
0.09142795257788551
0.7454062301192061
0.6348438535264624
0.6374734829907577
0.5367821649952812
0.7804624926909338
0.668257725822291
0.37284531489648687
0.048834564435507634
0.053274963433700584
0.6950889656036505
0.17945893184732825
0.7826914005225121
0.4323568113103378
0.5790505964735204
0.11295085138218876
0.5378185668055291
0.5275978297086945
0.7332355316205996
0.8572494083919981
0.03356362614977798
0.7552287926453111
0.7747232685772167
0.6877716312932387
0.7114132200986817
0.8135651374260173
0.36048712748633127
0.2127573615397036
0.5534908884982231
0.0945258657881178
0.5595745631301906
0.7325398307754529
0.3646799686008101
0.8153621399846248
0.21279287847210981
0.044345694448440325
0.26000530478454575
