0.3144084937590508
0.643024240899138
0.6578419213577849
0.7630145854301732
0.6990698978674321
0.6305862430397836
0.21525902773312589
0.7686989218283764
0.5170740618762554
0.1024157624029362
0.06343667111056317
0.05817676460584984
0.5608235179200987
0.0029930812429832363
0.08447657770637244
0.6776982948945145
0.6775667032880526
0.5876283267629621
0.7477080942155703
0.03870578097688404
0.06113583088557377
0.6794012340048635
0.32771072768889103
0.040450557482600666
0.08784792897567034
0.04686588964202162
0.2468379920236925
0.4683971120795526
0.3451108043333472
0.6059071308411665
0.0327004445445366
0.6211245889735224
0.12044933234045349
0.5945747081193287
0.300681267229173
0.6042899470360321
0.4396497378209816
0.38322385832449046
0.5897013947598079
0.5525907086082448
0.05022726983295178
0.9547095875856187
0.4757532943302567
0.4911314377393238
0.27741945599297513
0.6353506284932146
0.723606788771066
0.6834598791268532
0.4300727751230895
0.622011058828377
0.11250029180354268
0.6574672163318119
0.18806366166481256
0.05051716215472925
0.5041997834532737
0.5756996641065243
0.9941789876127143
0.36908329424551983
0.21896309577388792
0.08491861528868999
0.12730156754896088
0.21955951722859535
0.03952848939745296
0.5694273834577808
0.004196935288811583
0.49017838948602865
0.5668876513455458
0.6293067439276995
0.5049360619086724
0.603430891858866
0.45639894916487533
0.13921245743045185
0.46506531218871705
0.6096275955678916
0.7405681877212535
0.6296298555825018
0.4128617495617739
0.8760632760020501
0.8600167019442232
0.5503971811497932
0.0377186541499082
0.2254292580694798
0.49574212192928235
0.05377533659750417
0.6291411219785208
0.9436575699731851
0.0485807621785659
0.20240516134845551
0.5282326184550914
0.577777068508538
0.10352927381540411
0.11630840806767492
0.47281913093654543
0.33221919380217246
0.5697693921865581
0.01421706955937204
0.08133144957569088
0.2786603759003303
0.721947844883675
0.11509155545190981
0.5437727423323322
0.3267906795174207
0.6011182433273772
0.3243958800585893
0.4707258997443682
0.006775788454224975
0.6689051093455688
0.7150336018406005
0.5007152877366218
0.046405189781132755
0.5199475409876438
0.5765705405802726
0.15840781763382053
0.17374197512406564
0.5436359180941052
0.01885813703442906
0.07554191539596562
0.020001543864188988
0.6392311705945295
0.1245105038359206
0.6839209248546956
0.686245086172375
0.03941797536082426
0.8472103256638218
0.04676030165731833
0.023335580167325322
0.053368806710826555
0.5901144971119252
0.10026507563625056
0.03716319816827467
0.24019605230502494
0.042917982026294044
0.6218107796948571
0.4285764233214481
0.14947082415252722
0.29262063232205054
0.40153695104545695
0.6847417726033094
0.07319715372282731
0.1484955657262646
0.0740868155353141
0.031248568235098383
0.05555084911534082
0.14409282394261452
0.3991665353061732
0.39472039687985816
0.6234019383128973
0.03355970824171601
0.03692441860554306
0.3039207819905966
0.6878628833521441
0.7410806629242855
0.2562296152064917
0.610849180769959
0.009798792646027087
0.22083603998987056
0.6518079795215571
0.29197945502048694
0.8751017764594438
0.8494876740221786
0.6793285580474168
0.604627812253155
0.33978129372312155
0.8729072823244801
0.9811975793460856
0.05243050227570156
0.18562564202862597
0.8355915861653789
0.26731009066077627
0.1701584029560963
0.08110822882494545
0.22879166874484774
0.6834940811037582
0.31938686060570964
0.20439539033213439
0.9850998028251864
0.0038202416885979307
0.011831064674292003
0.7198015597968068
0.8638717478228366
0.5349971029859445
0.37136768234956863
0.6963553291376245
0.4606041354682741
0.030485629869547615
0.28192279525157987
0.43298664767202366
0.14858384785667533
0.4343609530365957
0.058732694998493595
0.03690297745498657
0.664133768573357
0.12112070080596785
0.14965675211692592
0.9278970882446049
0.09000283978033954
0.25012753390911746
0.07600667415373809
0.46126833286661234
0.11684731519163041
0.13867293636321953
0.6175202078107633
0.4141425197280757
0.014263332825074203
0.6865155700432785
0.25655038152850856
0.3185042421262816
0.6308310053265412
0.016347185430876245
0.37039070067206986
0.7827342234989851
0.4579713834751308
0.2436767129721188
0.018457049621454964
0.11038692054207352
0.6833972976847049
0.8180775733360551
0.3096712525945444
0.6357417247417104
0.038116360930128185
0.5332514871876916
0.11699887284544314
0.06674400256943326
0.007005838079123174
0.6685953577766832
0.05750133524557302
0.8197504998672737
0.06189471819506182
0.05956712295930207
0.18195704045995564
0.3475200574416454
0.095641918103438
0.5726080651996506
0.18525219500266737
0.8955029631782948
0.056832082550493906
0.6956688881585986
0.577697501732999
0.07529364140127334
0.4406703021652446
0.48016457082665714
0.17769448600078644
0.09822252105789775
0.015494677073989924
0.027880233395720953
0.0697976181664633
0.06468504350154419
0.28351661415361146
0.016150772810674577
0.4386503819861254
0.6225041125537117
0.5454153491379089
0.8659740777749959
0.03395496616774186
0.3063094193048954
0.903663533084647
0.06836999974816858
0.21605747158451535
0.8134967941863973
0.723952947105172
0.626499816683468
0.1507013287660231
0.41021827275975287
0.9873017821080045
0.21131159673254596
0.5140781591228011
0.549148506514884
0.7690340781496905
0.7089829109387592
0.19376848962751164
0.26942525971759
0.1815315154765379
0.047411730644861025
0.49524790763240756
0.26377498039634306
0.029031825120399535
0.032559985373911256
0.7398963510656807
0.037020492513651686
0.6122257583077289
0.706549879142194
0.26880442211295896
0.4232760180195446
0.9675921064554124
0.8720670104490971
0.4219115564753661
0.06762527451522776
0.848473630026389
0.6465906986440164
0.1927381845589306
0.10282478725890778
0.5509559243107417
0.01070877175184024
0.11978664790232448
0.041706384232115146
0.016188501616996448
0.061900093863994414
0.5906272636012304
0.610124693822885
0.3079996683341126
0.12784026134915252
0.0627101049959405
0.8808246821880275
0.03121028798104327
0.3847021386765704
0.10013529328371307
0.7745466722330342
0.8808609996191441
0.13247521595904202
0.033621282529989305
0.4792079411578649
0.08612054917491507
0.488785297363457
0.28943411938102626
0.05860630140494636
0.7725367592903939
0.5534427833178901
0.3211070980987324
0.12032196912015714
0.7442961440185514
0.19626615933064845
0.32107756432589796
0.2681317461014281
0.511585551525813
0.019556904021771283
0.059270498517727845
0.028276194248751066
0.7540521515882026
0.043370371652128814
0.5898107326580229
0.40757960120554665
0.06289051649702534
0.6404699536293592
0.6709901163899882
0.14225304216036744
0.13319162561380196
0.6072003879503182
0.2522123087164348
0.719908507335355
0.38954732030096784
0.06189507255988362
0.41191869811553516
0.13991864596805867
0.7961429830951372
0.9439047878171917
0.32575474957800504
0.3863095273901397
0.987573595590566
0.0857341942606903
0.03829828073305239
0.040411535433910004
0.02123745787095269
0.6936205827011143
0.06428439537803725
0.04288980478291602
0.34239101772943537
0.4097910607745453
0.30337979878995175
0.11562452140229673
0.020129641531194495
0.06428584849390492
0.7987125207234058
0.6334690669734258
0.29502991296372716
0.060652418387254554
0.8742552396463699
0.8324942337355304
0.06234129426926001
0.18843997133276788
0.19350786701596634
0.2919176036501679
0.598695470069239
0.16420930763044822
0.27045460176433245
0.6382523364076542
0.15884771946589232
0.04824703223496713
0.4817848554685962
0.459705108832674
0.6163470455672544
0.9925271893737941
0.39667050463435055
0.6740075767793606
0.3935705932991846
0.09514070767506669
0.05762438166545872
0.3107310232631799
0.8698720977229211
0.023955563154182544
0.08191097035997749
0.19818313679544158
0.5127111896710844
0.3819809556292346
0.10041130950887138
0.016022140204926184
0.06818809819176332
0.03923063440824466
0.7939908466923458
0.19697773648646102
0.258326163441882
0.09499812686259987
0.41557548655875354
0.3022855948303899
0.643338357949011
0.4050641656662632
0.29705941060577357
0.28680124070470575
0.5272026176701524
0.9327595825774679
0.07241977799277054
0.6598276875511491
0.9697303642254945
0.09596189063112048
0.8235494093997584
0.39713392802948577
0.5878195662181716
0.37617348171595877
0.31637556986875814
0.32399376021874554
0.1368324276111349
0.3036267158700142
0.034379553640303415
0.19956764512984854
0.13446677011719443
0.6196638043971645
0.9830203637203083
0.24996732887874967
0.6430191506570946
0.09668358208262756
0.022046766464901765
0.09201966178285254
0.67292589472392
0.0107459325045559
0.7360084104677966
0.7109450297307742
0.04925070389258913
0.4006480099968852
0.4381673427805474
0.1010904698855801
0.03241068060201365
0.8003399491579339
0.4215729023859423
0.1781064960462787
0.23308712742372578
0.5421913898922656
0.22133639959305695
0.6906567312067096
0.024839247199441597
0.3392471701680073
0.4306093933179164
0.5552527565549122
0.03549499599816743
0.3357940032654475
0.23110777507512892
0.005116290697942198
0.1873956387965428
0.0728712175822203
0.34128199320039304
0.20172306904416404
0.6787760765286722
0.08469277343489959
0.4185593844823303
0.5014410126873949
0.72441246198127
0.46665120569408
0.7772648189633564
0.05268664502862825
0.781885064989249
0.7438511725276202
0.6288781083067416
0.14873419257079143
0.8428269842111462
0.7231113036711462
0.08378718780525465
0.09298623206313722
0.11040519878591057
0.34242287210322475
0.1810476677691818
0.6720969252799082
0.6750953352495432
0.4591429553266531
0.0634008344667282
0.151295796428992
0.0624968730858248
0.47405533848608705
0.18527950830851309
0.1715322029583109
0.4627118778246366
0.26564721132294233
0.03041558398456603
0.5542152876894137
0.0166471952784161
0.38913779238893775
0.1855071294742443
0.7947385405421512
0.04423446267215153
0.12356963358192874
0.6555677341527218
0.11990484442473712
0.33952897374393365
0.6998386161240008
0.08374409691464987
0.7183776243216182
0.3217623268490707
0.003246462603208873
0.7069124276095806
0.3691599694967557
0.09737922629937557
0.9828544037500513
0.6703467705672228
0.07876749347728401
0.6875521004279281
0.03635337409998322
0.5977151253267132
0.15341119227814723
0.16282531831561212
0.07405541515210592
0.03903554781526814
0.4275863127402689
0.4227660719762722
0.9568927008106203
0.14277357103567376
0.10777855528794326
0.012200864229525812
0.6526440758614631
0.14548907532074026
0.020917205032405857
0.07627201995043281
0.34108481487268016
0.3150554800106295
0.6264299556577957
0.7936517994828465
0.701482211488541
0.6349646802757037
0.16042587338122943
0.567281737168223
0.30070296781900546
0.16392337739699966
0.7471394319659557
0.9211847544945081
0.022342955296162932
0.7265533988493458
0.9962793610082403
0.0693825447217978
0.013045968925894645
0.6526190589467513
0.1351488768669668
0.19651104152487042
0.8358859933496527
0.9418402420244737
0.019395249365175005
0.041516658797210435
0.43251795183693065
0.8425403117362209
0.7251114616718985
0.03818865121167658
0.38964544618828745
0.4382914396025542
0.14951885667441517
0.1555843304350943
0.29799817874898915
0.4385086775430692
0.6810556565007018
0.8120662525769711
0.6145154962421409
0.0680633790188058
0.35671695826053235
0.7268378239145155
0.10879985154295382
0.6812561690698629
0.5859136457333448
0.42306827497987193
0.1093162417480259
0.037040882814163054
0.6945061391558908
0.18466342388593399
0.4732981615283671
0.9909195018756278
0.18841052541279182
0.14330608140626044
0.3625853770494986
0.6715658873648191
0.11753332822591635
0.5831422995257096
0.030863761292261357
0.6509097459877394
0.2804728106661873
0.28048229762507804
0.034555117299029464
0.49761403494939305
0.6858190175407922
0.041134963460706775
0.6888205670731076
0.45846236653091044
0.13248436611054729
0.7788584097364261
0.40586699216035826
0.1990720795723429
0.552557061568562
0.8627299811270288
0.08416792371915133
0.8333124834582226
0.4574260533754446
0.026368212652054142
0.2690910574809999
0.06903081035185613
0.332318288396643
0.6880488546979856
0.7966718318303792
0.22617885154151868
0.042316364774409
0.15597567180359492
0.006230159663775381
0.15412039899233693
0.55379150410279
0.6024037061683729
0.3492708312278718
0.01123084843154965
0.23735807686018556
0.45366343866156267
0.028277721868830083
0.6014475517567555
0.12007819826678184
0.535088161903319
0.8076685150741143
0.0830644783185196
0.09723551845193013
0.37029127623186187
0.47175176603721586
0.22950471017489268
0.9420913320410528
0.022601219779643203
0.42312247650423046
0.6457607832463201
0.6542649177821387
0.059277756546866935
0.25701407361217454
0.19796052335156877
0.25927574774436546
0.05901641287077926
0.021191413352889925
0.21256816722763072
0.7478908813482803
0.09693484335663372
0.8051819967586973
0.5076552430455077
0.22220298360000185
0.7672437207501953
0.2764124528023539
0.5937448341011756
0.46441120581320827
0.07149862798683902
0.1977346000577333
0.092849079265782
0.3707802031613309
0.3140728061361504
0.7212641695705837
0.6066262672645937
0.2037789833433884
0.20275299391054533
0.7036581099333258
0.41591702495128596
0.6363887234489953
0.6960885751722666
0.016950288200980518
0.2913725816992928
0.5654399850559473
0.233178297354104
0.4958670362386066
0.02972861154258025
0.10751471144469923
0.48563053583973836
0.14013053231719128
0.9005427469427604
0.40134520703277465
0.34064554224612276
0.25710402022478573
0.2075733471186887
0.3068593277894387
0.3308129997488246
0.07880252007195582
0.33410238671257486
0.0815127110191619
0.09674668156926243
0.24120890174960286
0.33581422220661994
0.380167577848007
0.02902503972889461
0.24290652503678667
0.2555280883291723
0.15236477003457818
0.19521072362585698
0.10902558366433225
0.4364099581584587
0.29284178158973706
0.8431927808292976
0.6681794914537531
0.25189156861531636
0.6249113596659341
0.648338945865795
0.13972844629748965
0.8202546082695317
0.040117413948342645
0.627834335801361
0.035510676768752074
0.3214790055035079
0.5618861273499411
0.7427587694936616
0.9910703003704491
0.05686686480538587
0.2581297462151328
0.6739600178861399
0.6528079188889129
0.5632536387458071
0.18364713144955022
0.03800021247758316
0.022476984100688015
0.7666899655228816
0.21649800465880562
0.025275875625606542
0.6480933303995116
0.145565233050466
0.5805053692972554
0.17904583995106263
0.183471232385371
0.1297030209562187
0.7479103221948944
0.08971325949552739
0.07957463691985053
0.6365811160138799
0.6082015235492277
0.33740660209302153
0.028440063933134536
0.4456810933915274
0.1152298754440571
0.03012593308755784
0.19449608344927305
0.7251979656019367
0.5212350613615121
0.6187842049065665
0.11274359401501236
0.4632374819786773
0.8429156394525606
0.6543922936280467
0.6353484255626655
0.593585507123009
0.2590809987534176
0.18831363806748946
0.11661051150233004
0.21673019613402858
0.6330559622744449
0.5999603957416829
0.3120362617869249
0.026394192929522085
0.5177968048044217
0.6189914821500195
0.1833199022815474
0.6348054186936003
0.9910006448697353
0.4161676446085102
0.7924684007030676
0.041466836131672964
0.11473039677115823
0.11864846950219708
0.025955941223096853
0.6034583826036687
0.1988004357815525
0.5860775592247633
0.7169510482624111
0.2544913562040304
0.045658339464744346
0.794066320378254
0.6692833659836961
0.6609194838744848
0.5472475022900809
0.05396219731314788
0.08015266227807867
0.09800966030794632
0.9110056043211704
0.40124534513614635
0.0325624248758379
0.4767829910823295
0.5782995032581688
0.03402503961233739
0.3951447380129699
0.20615262609373508
0.638363959368614
0.01057925685884599
0.46845614673319536
0.23690203462394893
0.15902462945340018
0.3997987402596239
0.6386803843723343
0.7817568585568428
0.24498537412465318
0.061529715692696205
0.5912032035747534
0.6700877931081338
0.9972712734442781
0.2003134867532156
0.19866594918948224
0.5190293731268949
0.6989732585759598
0.05669955923491335
0.0312544583547546
0.39975092760456465
0.16255320720344718
0.21618903846625664
0.1324473990434976
0.053204022853555924
0.10725478949658422
0.4962888406110969
0.7448699316089006
0.498663407675545
0.2384330658192791
0.07238486655346088
0.06150485036995841
0.06162835498513228
0.7010127466759206
0.013600558901292718
0.13523284602488336
0.32961301839280777
0.017413225782082792
0.011208791210245157
0.21756178847964386
0.47908882590768354
0.35883945454178784
0.23623348831747737
0.3364516296893723
0.38861529416700474
0.17758399377320747
0.5226811846077513
0.24702747754980778
0.3464461369911954
0.6576847324357802
0.6518883272126967
0.10149360310747187
0.14012657239640267
0.4235329094471225
0.5285468041989235
0.05428442583164947
0.6605813294691001
0.03202702508469877
0.5563235380775742
0.11529150547149584
0.7045817600822704
0.5393115068541671
0.1539896478047511
0.04885391787350061
0.27935516489816914
0.3972518418290608
0.5614940434766194
0.07277286860887526
0.31349132397944596
0.5911832523784479
0.24348658537154158
0.12593052790025094
0.5562981022008464
0.06379846761216396
0.19732265953571523
0.6881861837301975
0.19756764973715693
0.0552960322414351
0.6635869409545763
0.6382550717355205
0.930657237061744
0.16583550447608025
0.8770698256091837
0.2416347514188894
0.04032654550595238
0.6189665485202299
0.7567163307736443
0.038781654002194646
0.07404537260521663
0.5913031099693837
0.5123759435374917
0.022054860569802742
0.19996338161180238
0.8986596120355947
0.2609164754564026
0.631622438349752
0.251761477628629
0.5934706489570557
0.49746071346232185
0.15812793523595403
0.5055492654991753
0.14067487514722538
0.0762961910090019
0.042112284465202675
0.026647360814031535
0.6840254960285591
0.0995609256114422
0.3853750051053194
0.1373291350924633
0.7417070792705304
0.09564909216682008
0.8130722659466297
0.0766476349864849
0.8456674706250238
0.6333050719861405
0.6843485146605919
0.20079311110324033
0.5759504692072446
0.24223221356647484
0.04258608962792438
0.6795720998322786
0.07729623129208672
0.33951305611540683
0.7194843802455198
0.005117871333410863
0.10587532010364568
0.03235339706641794
0.2752875192509171
0.15186488520076197
0.30293054280748577
0.20316084887819574
0.7615660591287379
0.6293049782713187
0.25018871228544665
0.7669732690419085
0.6924451383802741
0.027672229285489833
0.6656590374285943
0.12570022108691503
0.3694963369384486
0.2055477258650649
0.03371915465156129
0.06502768233013836
0.3286052005949531
0.20928616671734787
0.6480512869731467
0.01571131648731531
0.16752013710687413
0.6779622624017041
0.5132389553307465
0.13857378829987743
0.5039361913541249
0.5780207657470382
0.9422117098493016
0.16962434479149074
0.022539994396307782
0.6511815728826167
0.5705261167810664
0.7545794664717991
0.353041178431007
0.052247893454104556
0.027137275920963672
0.6978706886024468
0.5363401028139442
0.7854789880519737
0.2615247000586186
0.8110483260492805
0.8939407444146275
0.08891234027058754
0.578377130556116
0.7791390140948593
0.050016928561828974
0.5395699846334627
0.15748075274475404
0.8833397612329433
0.15188263780211406
0.7721934024084218
0.345123103956065
0.4190292934427091
0.29975210182662926
0.5992710568481064
0.4438325831348821
0.5530617418665589
0.17685207730024669
0.02564286445938721
0.7531607796322897
0.5482833172513993
0.11295528974000624
0.3561968054970789
0.6160895460555464
0.6838704485376262
0.42382617676777545
0.333152269274288
0.3737918864973828
0.14688103260600255
0.9386070903622702
0.6693476125595587
0.024853213202274464
0.3683738660001572
0.704526670359032
0.03078694261786882
0.472980752536607
0.3057245439038989
0.7165639578089186
0.01510962180727532
0.8422322297434222
0.05376062970680629
0.14347201096553214
0.0732598002593488
0.09538232978213443
0.07080026578597193
0.059930139323302545
0.6842145558215842
0.20359698156279463
0.021024394728026065
