0.7632726229189079
0.056845957217903795
0.4765097490610374
0.12598387458006255
0.23093771404942215
0.7408742435871772
0.6437198622013232
0.7241021181536643
0.9337261378238619
0.21416649518860423
0.8187897622425937
0.8715247569642813
0.97784437714283
0.9345157340134885
0.9487334997541822
0.9341209788381994
0.07378234028916295
0.9309788351569535
0.04908035678155773
0.9686466570521775
0.9585349401125338
0.9833622043455322
0.7014912507537276
0.4646819675948557
0.8516191962928752
0.38787399196157635
0.3665950069167277
0.8657778039543313
0.9475503097404512
0.9061238040346371
0.8459833296528703
0.6087206402594192
0.8458076713939211
0.8860273105462546
0.142470673513791
0.6264812296662242
0.9635952792538893
0.12683674503601955
0.6700518123130198
0.1011719098314123
0.9490384400820574
0.26160195350244164
0.8965426435023747
0.142137955566341
0.931965828696564
0.07526397142873945
0.9855659694941183
0.8396740350357139
0.08133482698840036
0.9599763442652715
0.08851531151867328
0.06159074893902809
0.38680436439150273
0.7265121759648783
0.9668631311890803
0.8634826733458815
0.2466675839843412
0.8314966271555537
0.8230667348519246
0.16531895457646395
0.895095171979463
0.8911921930049647
0.9988552117895497
0.9293110380331742
0.9490255993231376
0.8862595806264804
0.14593708166362068
0.2811480920986633
0.9144221846400695
0.04095213397668761
0.06118066454134856
0.9086055630614471
0.239034130677352
0.9422022790767359
0.9139024209461131
0.12179217274935625
0.9000428115948882
0.11904265474530196
0.17406232372359645
0.9241271200748274
0.9343667506074094
0.5648434146541377
0.9304399575163539
0.9816794193609495
0.9322225504765947
0.05925833576398021
0.35361570598626035
0.961961341591144
0.9321295067577018
0.9225482941591656
0.33498030793057887
0.2388715965507128
0.8752664489614441
0.8614861969210456
0.8149702739145307
0.8575084929068946
0.2256230682063791
0.9509171950616291
0.20258541544777653
0.8513465140139134
0.9926140452593099
0.1335412109241033
0.8640879983644536
0.9007119362960174
0.9983657694599921
0.9019566885891882
0.04965330670526302
0.19303252645975633
0.15361288186514088
0.09662323475584825
0.8695765978460654
0.9745308268490509
0.2220525964254368
0.8882588922036072
0.16584869993667378
0.82432427877672
0.16755237004751972
0.7764307712311326
0.9578847518513016
0.8228608248554565
0.874779634742204
0.9928940603315614
0.5671135720057812
0.7014428159114521
0.17950454923084527
0.13868686332373056
0.826966992227236
0.7535067478325141
0.8153147434751382
0.865341259528777
0.17581248111038938
0.6977629365780449
0.8781793574238439
0.8752719880838066
0.054283021326617706
0.3297267595543084
0.8989296898864952
0.716665478910269
0.9111347240635873
0.09181520828594626
0.627290416827996
0.7413747542695799
0.8345686016163409
0.8307379731952707
0.8511629658066113
0.6699975179623281
0.9904570795094534
0.9313304383083174
0.03672250111656575
0.9959826013679745
0.8025444135007946
0.8332983154183047
0.8473305127016254
0.7313485002822049
0.8793207221660042
0.08637015449677468
0.7920857752185891
0.7283694861666465
0.7459357819722809
0.48406972974429624
0.8014507569099326
0.9282077372040507
0.8762998649402869
0.6777296633841098
0.9733780571494333
0.9629088390623135
0.6132618504183467
0.945647691350777
0.8984334068316592
0.2595910281747168
0.9049208872029333
0.953791102593672
0.039491693349103706
0.2965277394039063
0.6198605100070018
0.272725718349619
0.2867414654055501
0.8947219863007103
0.9729336300458938
0.8305199762452896
0.7150676526196669
0.2361649744250806
0.1462599448610089
0.7512208770723818
0.9643027906746278
0.43936945093082175
0.3346153223688506
0.6335131795865258
0.7938199188808854
0.06883421546039105
0.9413809730306824
0.34081480333665537
0.9029913177010267
0.9702237157392819
0.886773972290795
0.8257106794316877
0.22988110056860234
0.7159128145764971
0.918531072990328
0.9738318501422414
0.8862487974674624
0.09740099643915205
0.7679663703472241
0.88449186532468
0.8436109353903714
0.28090646415386206
0.8199392071002563
0.9840278444712127
0.98090845339367
0.8667141907260008
0.12916108885513658
0.7750048230427184
0.9050817478121844
0.7844714044426909
0.16074634175364177
0.9086376320174141
0.8264891068060137
0.09963642231046843
0.719956524496853
0.8741467960229177
0.9698588517830318
0.9952361584080053
0.6867141979778697
0.9581769328297426
0.9740548735414549
0.9507924007488978
0.45053192057001923
0.9349831702626268
0.08499585740643184
0.9269004090217661
0.9219145933482091
0.9084327859765106
0.9954142519882012
0.03520243354451644
0.6258238184252857
0.9045581879676482
0.3025516880225539
0.8206423510310603
0.15719038094086082
0.8375029890055803
0.8412103191503082
0.8313859197935483
0.7527250013345161
0.3215624707818401
0.06451501707126782
0.8649566691934527
0.7905999571998007
0.6595359403064025
0.15545906736296045
0.8673214643615844
0.8081968318629116
0.18321960320952557
0.7855888772740843
0.9803736216472974
0.14654160347090917
0.28397620732080897
0.8881808800838078
0.07826375680847901
0.9985885926977758
0.9032644551251061
0.5420305031034275
0.9419864435251328
0.9636249249742591
0.8512537731322862
0.9043833669442041
0.09277275022169662
0.8103297130716378
0.37698081399752387
0.9549711396506826
0.8256814846125708
0.9869492708922163
0.7632240960172432
0.9533117036487578
0.8903955392038364
0.9019809976551068
0.8701150899087845
0.749421054349956
0.5430701564214366
0.8466062402388679
0.926036385214563
0.8438701697165161
0.9183580911458291
0.8061523415211608
0.8327389840149186
0.7615593805240938
0.6957399073365074
0.9597790672700972
0.8420186951119786
0.33117890855860116
0.08076198717888854
0.05184605765371662
0.984473694296467
0.7147904163423733
0.9880493752078905
0.028473439605434817
0.8031687793931226
0.0786033927934666
0.8429752385252725
0.9217362772911266
0.7678843082708522
0.9379008234682673
0.7706767255756855
0.9228736147778269
0.8083392561333287
0.9071753057218549
0.9630180867798556
0.05144449312336376
0.8921976310681363
0.8172945498094799
0.11235964310800026
0.9195504639662551
0.10277133442945456
0.8711966396196879
0.8884924803422456
0.9189082868005719
0.9077260755456029
0.8621608580920881
0.07628469376780808
0.8994531403447875
0.6320520325257739
0.1539041371560243
0.2099353240703172
0.6889920869334039
0.9266023180934335
0.6585701103708699
0.9586090422724318
0.9165836684156674
0.7543087456408778
0.7394273758327361
0.8980489091021915
0.8649338225325847
0.9515025196895006
0.05056985791819684
0.11680110806894373
0.8346235745208634
0.5700921487629717
0.8419334627993221
0.9672942920318017
0.7999256802471625
0.726907966879738
0.8204757858917561
0.7943904904154351
0.19904201195890053
0.8083827877870711
0.7371912348666911
0.7304434197244434
0.9672859498053348
0.8644679459712283
0.9339948685521284
0.7937537415171312
0.8558732725304847
0.37854682573913256
0.7608904354525727
0.8800810249255906
0.8341461932983768
0.970920439501956
0.8770902969269883
0.9934811595538028
0.8483511938191799
0.14170650553397457
0.79909271589311
0.06340824225893267
0.8289411914582127
0.9219267926296961
0.9601948350766898
0.9437227255128193
0.8540071545844388
0.2523263994928612
0.3060517788491234
0.9577454486331676
0.12604305431550172
0.8382976805905236
0.8358545102700521
0.68085013198532
0.1876719438960665
0.13140470096570933
0.9494197250124592
0.8404053583661016
0.8414134198868062
0.9745423318833946
0.807665850126529
0.7207552856552291
0.052242835842870705
0.9838775448359443
0.8451717689741065
0.13760557152541214
0.9099950729496717
0.9472239643537461
0.8186076409712543
0.4338813879042036
0.96164169859279
0.020700750085059137
0.6389336895949902
0.8354701814944948
0.9215129465259408
0.5474455022910635
0.9147056421668952
0.33599681240895674
0.9491467658443671
0.8997310955856546
0.442834447639997
0.056298175442935
0.03911039071811448
0.9869091451530614
0.7394341121066603
0.8141044771384772
0.9674804143642163
0.9604714616452776
0.847213061189207
0.2055285510744438
0.2653188413100863
0.7985973370957935
0.907518781843209
0.7141248684314863
0.7432455788369857
0.7741176707484434
0.8471051104018049
0.8921904679570645
0.8933590537427818
0.14858236750119022
0.6958843413447336
0.7038871247149604
0.7598302153749368
0.9943540467388843
0.8303256572053066
0.7816226632121315
0.840862657399901
0.9830446427487225
0.24702670385366532
0.7276741601518719
0.40786140368526114
0.9330726159856213
0.8336649303446582
0.7226624797632696
0.7477985652061818
0.1354150634199905
0.9438007480622683
0.8747671555525234
0.2188008388767912
0.4048660269051164
0.9180891588275457
0.8894222519199413
0.9027291430666895
0.6234124719497702
0.787404783110849
0.7547836893984153
0.5123747603845797
0.9768776336318119
0.09768947220931135
0.16096078776596587
0.17457855315695114
0.6944247513056108
0.11915840576108454
0.06984331039478761
0.9962751647668632
0.24846534439342377
0.7954527030340262
0.5469635819886405
0.11430916967063244
0.19123000788323116
0.36425262528767466
0.9776211500882149
0.9677144148657902
0.9920013670104089
0.7980903386027198
0.09267128962519745
0.8876275490292053
0.7603576612834921
0.731766814135022
0.8146332054397745
0.7485856482006468
0.7569247017806873
0.5357882493497941
0.06296263946921618
0.9723578408470943
0.9028617597321572
0.852313123889174
0.993292856600267
0.8059809677672967
0.9020194763036988
0.9132786879767312
0.16541440643742641
0.7887772351388234
0.09839284792775929
0.9755419442492732
0.8338819929540009
0.10431096062806564
0.9854858036719383
0.9457707651795765
0.9841364028498103
0.7355757815923054
0.11740695983749969
0.6268619834018565
0.7616485525830945
0.9413243187803269
0.7326488353466714
0.041841500454925774
0.20611005631507762
0.8778717272457542
0.7874880781320751
0.8679180885851968
0.7616086313687355
0.042574643262809186
0.5671068168280284
0.9220212839380744
0.7922781620577721
0.9365675717510477
0.5211350154630047
0.2909622131240377
0.10263372351341507
0.2224512961995011
0.09693752873414542
0.8729110908819324
0.9529177863346505
0.163574679340029
0.9945931492994173
0.8963654566262979
0.40119681526250606
0.9885317135609412
0.9459771978183517
0.953075571613
0.8577550158780148
0.9360475687773759
0.9640539363059158
0.7985764077772661
0.9129763839283058
0.9119425492594085
0.9212253286663673
0.765432164106399
0.894180117051142
0.9330145603305118
0.8373362127750313
0.9081239590932955
0.8844828160971812
0.6950639100052465
0.8149485484435441
0.09174718361842446
0.8680952847784098
0.37769359061890806
0.9450256948539902
0.9150052904555241
0.9974354284934439
0.7598988345628087
0.8986238905539788
0.05731019635443726
0.9161644438738583
0.12891339981512281
0.22382025965255944
0.8891402106692987
0.2854700894036285
0.7618224321792467
0.5561242965381787
0.6062281650207567
0.4067136850638183
0.033812005857319805
0.9064837004249756
0.19914777453742857
0.9693900907253725
0.8109987172914243
0.15775549606317893
0.8453173247989633
0.9736908501241508
0.5642222096397185
0.5916863528083537
0.9527636697156265
0.7048673398013339
0.10545570878979786
0.9166709108519699
0.8197460630820466
0.05190664982974905
0.8630412512272283
0.8966872265064253
0.06710878313298191
0.7847822823003432
0.7495238228855774
0.8436758579420298
0.09524625813493212
0.10880024936746005
0.9519872192375067
0.9385144815387345
0.9533007107235176
0.8302143465140293
0.3185579437118425
0.7219185191136529
0.6936381196460204
0.4166260608423136
0.8179538830673825
0.07118413071756102
0.9970370924073155
0.9826792911324689
0.07991164873778465
0.7717592048306707
0.7716782591371034
0.9665009119763599
0.9189839449260796
0.7693339670185035
0.6296229050860266
0.651820501926172
0.9575654135098024
0.8923511552097749
0.8135366996320759
0.8149015707881362
0.6330645371302842
0.18642214499208742
0.9278491448398787
0.8695034297504842
0.059105928262911556
0.7973717842703483
0.7254589514892696
0.954857856489076
0.8182490622770434
0.9044921564345381
0.8254625109193017
0.22201946185871044
0.7701114285643658
0.3254101739475471
0.8242119589825153
0.9282177234299532
0.9089516304907905
0.0769273048729279
0.6514380923245271
0.6952311146525607
0.8900843951059458
0.9055323314985892
0.892116075663262
0.7886540645073701
0.0669461943936697
0.9199646462301616
0.9674745285635395
0.24468964592161763
0.6122953534950981
0.9326856751665105
0.9922886280119168
0.8524462627782778
0.9901976025262174
0.9837796489386764
0.9544086397994724
0.656639079205688
0.9580855250233806
0.6707847422576962
0.4428647909336034
0.9438146981809602
0.8956870604444143
0.938046348837972
0.9696336651644184
0.989567486251072
0.6443499129898246
0.9604471867492334
0.7791177398601993
0.9468314695657072
0.8647175729980547
0.7333251185828187
0.8743956703666409
0.3896168966603194
0.9930150972666195
0.9239806585112105
0.9443628833546953
0.04660140794693967
0.587161272323991
0.9094839815156319
0.9479705902226607
0.8753000378096165
0.731376764678505
0.8882681793557722
0.8091420910501295
0.9671610067543499
0.0632880541021252
0.8448986799552896
0.8849298275075128
0.5373300178468527
0.5111689085154901
0.13997849433377504
0.904219571621865
0.675337322697611
0.7813395412890368
0.5386080710031476
0.947673315867688
0.5210986077279541
0.8885917807620816
0.919477729480866
0.9904742494703518
0.8048968593745582
0.12485731428910338
0.9499754465557133
0.9423549556509103
0.1904557934412356
0.9698143159416329
0.8389671392046163
0.8557010811946737
0.7446055243794241
0.6671550986245396
0.5119545374019757
0.05787749516760704
0.7433502775501123
0.8615359553487487
0.8731276128258818
0.9167507403632003
0.176395674428177
0.9835183020196556
0.8818029637711609
0.9064986889935345
0.9810223198575089
0.17805528746324217
0.6913730808381418
0.9010644621241933
0.9720642023162256
0.05968150623681219
0.6949713546905557
0.8891884248480986
0.9310408141662907
0.993975751698277
0.872052157811111
0.9674658821328694
0.3598305524864226
0.7822424277138735
0.1493382252893657
0.9622559137114144
0.9270074000657175
0.9785532063359935
0.9757384290439582
0.91511528517805
0.2063016746880455
0.7460956229838687
0.9109926969199417
0.6510118857937628
0.20431516100827618
0.8864649105485358
0.8488059686146534
0.9731485083484332
0.5003469008733991
0.928255563270082
0.7782809367521596
0.8848157775199486
0.9620490216170619
0.6788410218325451
0.4378178234689639
0.12591610570731926
0.5355473451072477
0.30937750616315984
0.9854254802628365
0.9969149681868121
0.9590140632670134
0.07890690284780563
0.9394649541304003
0.6761279417948816
0.7990936071573251
0.21199010695226006
0.09221657968500936
0.6921569140362751
0.9462165813475857
0.9898016727443124
0.9997540787754995
0.517617224180328
0.27493737431106746
0.9649672030727616
0.6062280520877306
0.6423284536423488
0.996535944261001
0.7464327935076773
0.9916758603273896
0.681465718247803
0.8154900512948375
0.9316670855726197
0.9776656195251067
0.23488612701601716
0.9547808700963436
0.9247095261175576
0.07628692506811409
0.19678473651161665
0.975368925680024
0.9518120512347401
0.067000850592375
0.899913859499326
0.12675784999230694
0.7247934554041586
0.21203882306465638
0.27158514557316094
0.12311471922477807
0.9648682079216542
0.9375249534366827
0.921583511266534
0.9982127539373504
0.10483512922701667
0.9363956384640003
0.9709575514091806
0.8276049249379263
0.760981402392294
0.9710451171596046
0.7538967932751705
0.89419849530833
0.990634660131917
0.9090325033037279
0.8264382563888781
0.9586216686230722
0.20826085365611655
0.19690802415048703
0.6401654496764967
0.9742687809336388
0.6791646503469723
0.6879048713029032
0.9209412100518843
0.8684076002780731
0.26043068725232676
0.8370613047910518
0.9782399667184098
0.9678273522950167
0.9795524823670982
0.6292972771911278
0.9442747329436474
0.8015366909172981
0.8855349142055314
0.8654518343639563
0.9653567424527258
0.8318739247825235
0.14231383803252268
0.887269811881342
0.3556623834809667
0.34746418131494994
0.8670588083995747
0.917846708182591
0.17122450155303326
0.7786217868248744
0.5699508630831389
0.1731107773698525
0.8509909327549599
0.8033014930648943
0.3944291804371902
0.22936302536366932
0.10354036871754978
0.9293132619727791
0.9223308498052323
0.9311552523791119
0.9724831059705431
0.8082912397677758
0.8971707683740012
0.09725700143262259
0.5618461477908435
0.7034619924699625
0.9997662936282611
0.9202546388638552
0.3516057705604753
0.8607021261262081
0.9372985475810227
0.11415348935171675
0.9532867333670558
0.6190602073904499
0.9421324288085702
0.9255955952674277
0.8181220064235424
0.7874843731426322
0.10700581884792618
0.7408503218511449
0.027957232833350852
0.8135012333337519
0.12963549708577857
0.5917483412816154
0.9616492642701797
0.886623652775596
0.7800460412602445
0.9925763495624773
0.7868314881589142
0.7552724300038013
0.05404500610368128
0.8852186602139488
0.5944436746029484
0.28804586027856627
0.8064624997968795
0.7736002748888824
0.7825106910046871
0.058950599967702536
0.5268550892986117
0.8012039779457127
0.8494292222424364
0.8408797232242969
0.9283752127965144
0.8698525429920596
0.10253149540299597
0.7612652512311051
0.827279491804019
0.9960619802802878
0.4686164824552529
0.09582252417996348
0.8214871815191234
0.15266033402027682
0.2404203189424112
0.8877160870053373
0.9481268190213794
0.04993385179068946
0.9492414043332331
0.8750658138568446
0.9936133016889785
0.926965590831027
0.7561169128511521
0.39957144861905936
0.053640553681956735
0.9942146842897732
0.9835172029645461
0.9127718233857904
0.9917440456442439
0.8728280927623705
0.9177020049762981
0.8398885810089002
0.2813210527384252
0.5943555561532687
0.9829473541825483
0.11641927843095076
0.9944250503256571
0.9441115229590007
0.9934259246829089
0.9477529106097524
0.9511075442919548
0.7932929527927262
0.9671502915836382
0.9171841655801162
0.24655531029793998
0.9042055929345609
0.8416369100822677
0.950289648351888
0.9248223939857678
0.2536451434823312
0.8895308278335526
0.49898412385808166
0.14516852023745105
0.9163109119182447
0.09075172646942747
0.9465183037200282
0.7359841074614748
0.9686652738484489
0.9867422503072527
0.9789812460863537
0.276134690842862
0.7302586110303315
0.964075482502367
0.23036099808908136
0.055228391907447306
0.12014976565346289
0.8125172487958738
0.026036273964048662
0.9806885441779751
0.9747497023415223
0.12874800285001461
0.921523879654374
0.6384881323860467
0.8469194823047608
0.7980341335524872
0.16340050641962728
0.18195443056435856
0.7541111664511244
0.8461455300418883
0.8673431512777114
0.2630124950077106
0.8881712592976709
0.8689065750259042
0.9400482856926127
0.6900213793711221
0.8766330635351707
0.8161215434801206
0.9586232541047471
0.5861665193538703
0.9408347480747408
0.9802177038295066
0.8661115573225685
0.9022286912254671
0.9044323730397803
0.8749054117783712
0.9089964528592439
0.9453739869585946
0.41857962591910747
0.8402811221382543
0.10838670025536425
0.023250540662892567
0.8864830021293968
0.637944056003658
0.9147308478097637
0.25413248497784025
0.7864577375183142
0.7832488372710733
0.4454887133883376
0.0514568302653631
0.8275944899970964
0.19359782054232616
0.09155485663482756
0.7830587822298942
0.8664818233908362
0.28613204860913155
0.7836906112332537
0.9995917004374344
0.6154607046761242
0.9807422062970061
0.04705739204654463
0.7973203170039602
0.9243899966233984
0.10125594327689516
0.8977004447949142
0.9686408128614805
0.8427054024119154
0.8609884807887263
0.2541846910336485
0.8297212410842463
0.12659106175777896
