0.7641391864579381
0.6407024779072101
0.09369049314114655
0.9657623412865246
0.24949778841230977
0.8492640831748539
0.9383535532623705
0.9568476971765116
0.722237993520674
0.07528698929805193
0.6977610641647919
0.7179907814475035
0.7792281126556282
0.9365264378194877
0.9584405792107011
0.9516207807269175
0.923598990338117
0.9337377733729196
0.8355272283278954
0.8578928776404502
0.5665201805296598
0.7834228110082753
0.976036543648179
0.9643896431555544
0.941830354528159
0.9737642278612988
0.861540238492459
0.7175416021282237
0.9706878730264847
0.6192293800327346
0.8502899458121189
0.9958958740730894
0.04971171903933014
0.9498310454583236
0.056696128584864426
0.7362608867015996
0.8201874435606833
0.682902086246362
0.9571816251832792
0.45551141064491957
0.8203234697437999
0.9640617370638327
0.8403889230765229
0.14839716702595487
0.9787142529366156
0.7536146044392331
0.973265420906726
0.9127124388273471
0.04689536786483649
0.8640160389207294
0.9803905134374469
0.976862226395478
0.9863228382857778
0.9945536650730444
0.8282604116561239
0.9920350897948711
0.9965654302679445
0.8945567774937155
0.9078135718661047
0.14845194799760136
0.9418773433797059
0.8420985927676533
0.7095169123871887
0.6929054832543795
0.801414439104319
0.7494567704722137
0.8463366127811458
0.9541865312817471
0.9513738302744197
0.32153296982961976
0.9977609707669038
0.6514793997006906
0.08498994134580046
0.22810567341409832
0.7858381598281807
0.917569646510367
0.9895744219726628
0.0797435982539493
0.9484152320233443
0.9277790764846569
0.9235990714111258
0.0619078928311639
0.9452463742892339
0.8368412476844778
0.06614252389722997
0.9460671704997548
0.46461047566923996
0.7896090922121738
0.9394081668830272
0.8557642157876986
0.5056904715204462
0.8325026499605851
0.9629730775447771
0.991591823862817
0.9827247632134724
0.6056115046377619
0.9989784264279596
0.8575992280627325
0.07504879549194642
0.7397349355928873
0.8153717731837413
0.7336338908450895
0.9641377852968835
0.9125146993889561
0.7803092409894705
0.9669804924447538
0.8122886496026589
0.8192417639442232
0.6821026326049084
0.9817585762505082
0.1756162759911779
0.9048979556041953
0.9199468569398712
0.8551615042657588
0.12836174378069523
0.17650682267428602
0.11615948666282061
0.6928219177030559
0.16259726417904571
0.8372499319211832
0.46445002128054114
0.8725577085207463
0.6903720505922001
0.9116523066433548
0.6944995174144731
0.9518528700182302
0.8250841888538138
0.8892707296805676
0.9387279746602816
0.8254668043378874
0.9704393612507378
0.9983282741521853
0.9985059251806019
0.9304119385689823
0.9199407577876555
0.10995455034252213
0.7502794297516648
0.8643860088117583
0.14899379135804708
0.16498073727777918
0.9356044412660586
0.4140227165818387
0.8345957438989791
0.8828395838720182
0.9652900600869394
0.9771010914986125
0.6627980977646948
0.0653007750389188
0.8840705437862034
0.9178059053848533
0.992152364314755
0.9467204061238544
0.2086356320775452
0.9740200565987505
0.6725806526216531
0.505622619478621
0.14012951503870147
0.9123470472970931
0.9545010897785966
0.7701274866188028
0.93145989234133
0.13547112862883476
0.7696750516810025
0.12174240450786067
0.914760537442947
0.7354862535050837
0.984754395119853
0.932725224863852
0.7709103175797998
0.9819690628464937
0.9705499127140285
0.8446172385464135
0.8870832705319113
0.04477031371190319
0.9878678973352977
0.9912528761687429
0.12677813730521748
0.06679515254647023
0.28020075027252006
0.8106924058538364
0.9310926202008843
0.26678189770937705
0.05697238503397081
0.9787674096506452
0.9782184890791918
0.7220085613270829
0.05257595198741718
0.9967018008658259
0.910049244485973
0.7062736952434114
0.0844028449613482
0.9620720284303599
0.885359700995981
0.8964809159727222
0.8483039185850598
0.972916833117716
0.06057633375574854
0.889639314141314
0.9698380834797296
0.1545886120013361
0.7252331003887249
0.7961368352487026
0.9882452794205638
0.8338525609743255
0.7375372210826907
0.9034062034080818
0.9471078117491039
0.8949995248946563
0.09019182508823587
0.5180568338740086
0.2586120295827371
0.061796587089635584
0.9508542426902395
0.6530817462075538
0.6938119636628803
0.7923637204468841
0.07469905808467062
0.9795854580707026
0.866071909125345
0.9613259827429368
0.5587813208858743
0.9848390903282587
0.9025985852313945
0.9276867900223376
0.060013806672197974
0.7585110665770194
0.7839842660307944
0.43489047933722497
0.9208359382289983
0.9019103998137932
0.9500366152619649
0.8727694966656022
0.139360606015344
0.9603238731731664
0.52030353961127
0.05065166517538973
0.7422306933612236
0.8983093907701002
0.5925944797533294
0.8531998414709266
0.19182364887442227
0.8555841700857392
0.09036398285558293
0.8349137259192265
0.5959240588639017
0.4346469466488051
0.8208573820135641
0.821502704890429
0.4854055956210239
0.8818957695655106
0.18356636673426008
0.6762930240702041
0.8782711411648709
0.8607766593509969
0.9785085369577697
0.13647317940512013
0.9725068248789057
0.7869115469260144
0.8968299857572894
0.08922981782103549
0.8042582555159637
0.9716726889267531
0.968608434195397
0.9862444416749934
0.9479180428594272
0.9031285722801257
0.7561850147406568
0.9901298109460315
0.9730322914831249
0.07289780938053345
0.11094141365047594
0.8284541604957207
0.670211958172086
0.7146487925598095
0.9490660492840648
0.021879477898549236
0.11326763420992068
0.6319544065033665
0.9868849756102376
0.07901533627007208
0.17308792505651927
0.8220876518661733
0.11032747618797054
0.7616700647599288
0.7864310000645568
0.809452717197022
0.9120217186396281
0.12954741294483713
0.044008291691173235
0.13167664105684188
0.958521620960198
0.7665097033490651
0.2011228400181701
0.9169171037358164
0.8936821415388039
0.9429148917567475
0.8064755168169262
0.060415818683539374
0.8822591145809171
0.1651207285944627
0.8369336859841497
0.6592072353113301
0.857638122835207
0.7774029719251999
0.7447597874404173
0.9472663842560898
0.9634018483844662
0.9486727307870891
0.9028061207525108
0.9293241026068861
0.9917919699546318
0.9022448755211072
0.8427321959908127
0.16077538241316303
0.9906965927659083
0.9831269600702359
0.8749116348154157
0.8783955518953801
0.9463801272455123
0.9774870240985729
0.09116092912492035
0.2058738364112253
0.921129160792736
0.7580983126170164
0.7427688368857908
0.9433736122191045
0.8397670186733974
0.9231945594722373
0.8478597559679006
0.7970294609501023
0.158012688581389
0.8068159075419747
0.06214971599365541
0.3184554937048936
0.8162166832121289
0.9529109607650401
0.8565574769564845
0.9902299412150173
0.8168724217682489
0.9579663540154835
0.09980219548838949
0.8968680119988652
0.7147145433710972
0.8428042995216705
0.5630568245029209
0.9756655781113094
0.7915824819811144
0.6766100002973872
0.5137490334396846
0.7300106954483387
0.8321335893807258
0.8486101889016772
0.9187820429787504
0.03207471944220994
0.6226569570053855
0.9518460900810377
0.6168471867017559
0.9495914506697327
0.03821390414617585
0.752287283327489
0.8388232362732584
0.8914490115843672
0.11718737932458981
0.8859488605822048
0.771289571642715
0.9462755097833083
0.19792424254999946
0.9692778701568244
0.6564961355693315
0.8981246420108171
0.7076821816125307
0.9368341515754395
0.08601345948262504
0.10338244605636009
0.04129427127409477
0.8610339600490078
0.9206108124206426
0.7603322235792005
0.10308571056960746
0.08868115721936205
0.8230194098256465
0.9026578592429844
0.7855628448144323
0.7255674462824668
0.8326500766849333
0.5204285611110859
0.06882927629194655
0.8686357258974985
0.9957669045798586
0.9608016062788612
0.39086583499923133
0.7258382422781484
0.5933137882171536
0.17025794628014695
0.12047910876456933
0.8182200887050401
0.17551398724098238
0.8937568963706575
0.34427624702916626
0.7815953454124857
0.9378435107367573
0.8054413363190356
0.7381520383416936
0.0776130839617504
0.7435791601348328
0.8594181531270169
0.8551401076600464
0.08812354275584974
0.9724039466417777
0.9796653722175948
0.8519547133744347
0.13216344090418164
0.5420358734204596
0.7788919064220903
0.07572916661431592
0.9688782838362208
0.7676974394020337
0.9599071251215818
0.8288688729024263
0.057155294755674345
0.7742545802492379
0.9524555546184597
0.13164513692554491
0.2049380101321846
0.8186633855504987
0.8857402412561654
0.8439418240920028
0.8950386834189638
0.8687182407890903
0.7373568895127529
0.17981802246471576
0.09336084390508843
0.9973376389400481
0.98915373822048
0.15464986205604672
0.8764003795478578
0.048725948441895844
0.15350016903256344
0.06631516213847262
0.860907323078762
0.821205199043794
0.8629425444641915
0.8798613652004792
0.7997819246991631
0.9583255138914843
0.9611387958425842
0.9899584970085897
0.9828775660068311
0.20536627642551725
0.9650751157717798
0.8605712756627434
0.9908435554133386
0.982308546894328
0.4970721619186542
0.1884824226379226
0.05292811701608169
0.9278179096085861
0.9291331613107051
0.7523768535018275
0.8129553163073899
0.7404390428907718
0.9610268655916607
0.8387430493604853
0.6893127852055365
0.8775731196602897
0.9811238418054127
0.7860701040935418
0.7172262157568382
0.9494075898586927
0.6572456233793115
0.8752383050043591
0.6917034197369726
0.7905506819856529
0.7708968118737456
0.33936890952433507
0.818569171937829
0.9617931642765758
0.8573670941531621
0.9791536057734775
0.9685831636848968
0.591205840734289
0.1279736568228107
0.5248238690125153
0.9361740131112666
0.8351814004902034
0.918836042882146
0.9040833455606687
0.8590263464920733
0.9638877435320147
0.9277567853383268
0.8476080174976972
0.9805523761739212
0.8454504520971583
0.4680827824441428
0.8302814498308546
0.9586180189371845
0.7481254581445634
0.0704091555705211
0.6451509897056527
0.7454950232068076
0.837652924470033
0.8070247966560538
0.5981737733381103
0.7110710595752332
0.7443693167454944
0.7519440795191095
0.9897486929030458
0.9112824882350506
0.8236085838317501
0.9528584265218509
0.9452211466828199
0.9836335067795577
0.6289060086370691
0.22341667329137135
0.11157036661917594
0.7922000309091719
0.8582645894206258
0.3088703150985138
0.1335533556669219
0.8966292692593234
0.4795080923946815
0.9473420067527953
0.8470436061394555
0.8907039300647446
0.9087472671389513
0.8109801440326783
0.12689414382370848
0.8169797150781276
0.10041716691514826
0.756946278029213
0.9401147668411047
0.06660197580257082
0.2354283233868174
0.7652844253373491
0.15763491141007768
0.7716453691336751
0.07982073684000578
0.7556311279471517
0.9084389350125026
0.7432035274784354
0.7519756399757525
0.770111027174613
0.11066134318853244
0.808757156580391
0.9787884774194995
0.8830357539779511
0.8229109597535929
0.3340283135794299
0.8880391990790912
0.8492881784904425
0.8062046370318364
0.8393369482563675
0.9705663631343742
0.7171453173879834
0.6601037100582531
0.8855655030872098
0.09131372550450798
0.4956326443328597
0.22527868395617673
0.4243581432844562
0.2069845099828384
0.2947272294970118
0.9290680152361908
0.9442468137475741
0.9839666266955582
0.8606409330011333
0.7682801709412086
0.9556332557950038
0.14467847349658738
0.555359326214497
0.8580357201238766
0.9882259657400758
0.0685617337731121
0.4615153148241581
0.9894489460903773
0.11589023719788573
0.19701279022739251
0.2911686712725116
0.9734366816636251
0.8261635462140824
0.8238496891773006
0.9965557144536858
0.813364871460287
0.8823206917952895
0.8188909666381607
0.9271378617262582
0.1411296768562805
0.9651860680428124
0.09029985360256143
0.9021718530925679
0.4942533076253587
0.7899656855373506
0.880810240470151
0.9913510220241877
0.7166799761564054
0.11580472991823104
0.8722826560871272
0.30468586109556806
0.2955397850414967
0.8093620864642586
0.10819530371809671
0.6166994812965567
0.8065664040795075
0.7060195441571171
0.15560163933341822
0.7891440156382725
0.9235287544544712
0.891661021602873
0.9819263414453107
0.9581137220573492
0.779062875567333
0.12329538082455524
0.8319679546389598
0.04726806276577419
0.7548534526489684
0.999867758341557
0.10007569699403679
0.06936925749759912
0.10460019002004677
0.9509921826864585
0.5746740929575336
0.8539973173352371
0.9541010950690629
0.9176090169980834
0.9733022632759021
0.9381037914044634
0.8831723207322797
0.7248924187834235
0.9736311381478251
0.9476552381455146
0.24198319714598862
0.9145270866804387
0.9086869912659685
0.2633617098282692
0.9170419985287455
0.04918862723792565
0.6958136215828621
0.9106275510785227
0.8194855849509868
0.8363239650297147
0.9232774510743027
0.9114516962314151
0.8072492888835645
0.39398355357590553
0.9858751166074013
0.9827389755504707
0.09008612805278512
0.9609740172479095
0.9225552981223223
0.6930787980087845
0.766844945087655
0.739179498870391
0.9090853152038803
0.8112074385659119
0.14172751930867994
0.8770929753033241
0.04699763463257979
0.5776485952774033
0.2593517347333724
0.828813180525398
0.9017560632490869
0.9466921271182955
0.963790205162677
0.822279260613558
0.09576927483813219
0.9086180475596776
0.9468579896483702
0.8574911116105752
0.8852833847989741
0.0695107448018884
0.9558868301793388
0.9911001697001873
0.8832313074595919
0.9142049099131796
0.05067304416574804
0.722830601606524
0.11379780127871202
0.9858620796283392
0.958806423098385
0.5660910348624549
0.7206359027931903
0.7079977916220606
0.1395332125404469
0.6698301782555298
0.712141489696819
0.7755941921140291
0.7716856990877411
0.7495779343993773
0.9764632116171506
0.8878352203648636
0.7571849653603224
0.9935891265679382
0.9815169087891877
0.8322072660004491
0.9852563929462983
0.7867138224784246
0.9267811672499655
0.11181922319435122
0.8622930525603265
0.7346603375452028
0.9393785795797369
0.8928843849588015
0.9182084264425702
0.5893327030007502
0.8499149577831979
0.7028897580470876
0.55587093692942
0.706401955027612
0.9428754406508271
0.21758656392626846
0.8436326118118672
0.540525885916042
0.9770384286638885
0.06292845749866283
0.0920848900970099
0.10366367554744982
0.9444684443381068
0.6225050110193138
0.7091149766529807
0.926936546308341
0.3475325525873618
0.8306053073038213
0.7431209574430023
0.9197390582643195
0.6669722691773111
0.39996776339901474
0.9340032598255055
0.9991309482808601
0.0756278919033968
0.11934058867082195
0.970054905343958
0.07234854448858906
0.8576762807300661
0.6885906414764014
0.8521870684561108
0.9128229225211351
0.7726934268711738
0.9027847886741613
0.9819937703736965
0.9353916099210935
0.038732032511395495
0.19235145396774803
0.7904394329287614
0.806473807754317
0.9615027806276208
0.8321694042918861
0.7246914948379117
0.25436638957460617
0.9703362039065904
0.9741699038381455
0.9754358256469879
0.9554249420223548
0.8353085970133899
0.34251437721765926
0.766905922034381
0.8044290871340074
0.593472899444657
0.23719825654150373
0.9899006571439193
0.8673277652653254
0.98159933446547
0.8856747316681808
0.7512615271249687
0.09614967820815419
0.6065815881401295
0.6835366027592038
0.9678311705067384
0.5122341377096539
0.7504467102418266
0.04231011154626208
0.3016725070462237
0.9271419783251974
0.0888624652755439
0.7324668180666849
0.8647865065086118
0.9591612339710707
0.6970030282628503
0.6908964228765896
0.8747759871608585
0.9717821404116014
0.5523779456239587
0.9260818556271557
0.9424608743145301
0.03669759406789515
0.171322966018067
0.12211517327147083
0.8103200900235414
0.714665832064814
0.750018266666353
0.8886367206041061
0.9197057379092612
0.9471620336182596
0.9306960892715328
0.9596026750189275
0.9061477544691154
0.9644877931272591
0.9293700118154942
0.9271256396148029
0.9830397766925268
0.3894380816366714
0.9560051028903618
0.10897131828627529
0.9937749909000813
0.8422627963998994
0.8803728365864963
0.8582518674973025
0.9954495753847177
0.7827574111100655
0.9863223079218674
0.3060314517650154
0.4250264586992041
0.12442854643366764
0.9431327940046147
0.06698551832706473
0.9353564982523458
0.7443729249454576
0.12129556603853445
0.792527831574664
0.05890760324795375
0.8131013569076948
0.965723137749462
0.9477719012437396
0.9958856346493454
0.8197403887101227
0.6380942277251389
0.9095924474169711
0.8706737330540916
0.7955426765408524
0.7119876094311396
0.15645402229467523
0.7986400422669857
0.05740397289267736
0.8899963336207364
0.8629954179869841
0.7667825694231437
0.9746931782074715
0.05512403942605638
0.8646327830219903
0.8939644897834694
0.9369198117271662
0.9260216275701495
0.6537900461741677
0.8105360247915474
0.8446884440899047
0.9933488472403749
0.9732175926778617
0.9904944149151831
0.8316481344106952
0.8321147649576974
0.9436745051210922
0.760050355237558
0.0755966383725391
0.6255504071383162
0.9737443493090838
0.9971312836155125
0.7317313275649311
0.6896958313100453
0.9398918496883544
0.8512968801238534
0.5910945558477783
0.0785591552948097
0.1735557742785846
0.6613385099952556
0.9916719964007796
0.822530289333008
0.9620620318376474
0.8467662969563301
0.0802502662965291
0.07285868782071021
0.8539307292628184
0.9976541663197251
0.0712391309424777
0.5898170860215192
0.9060163457670724
0.2961436414779077
0.9877584171289697
0.9770787394595901
0.9508223588007394
0.842890104775275
0.12850217938542807
0.9103083061582942
0.8790459800554679
0.9469230166923022
0.9283144033739706
0.7781156391506125
0.1109511587951397
0.9360673163291635
0.5780631871865658
0.9155355560570784
0.9721647091657803
0.8230509293606556
0.07978993105355678
0.9755146189430589
0.802954511865841
0.8957498787960767
0.9037343523958945
0.8168250916732351
0.043791804201967016
0.9713866348873081
0.9064053238582788
0.9413931413283207
0.09282468413210045
0.0964737210012999
0.6607113276493122
0.13027770052961007
0.6988668531604688
0.7911910420755904
0.9043108741458163
0.7692122703778732
0.8669431902366647
0.8039768071461828
0.20126222897028467
0.6476366806893022
0.9352610865621562
0.6404098490947187
0.78606323110936
0.676143769108486
0.9763378576125594
0.7718102952913648
0.9861808197990996
0.24971696484441377
0.20671671606696146
0.6176670751726072
0.5980784748027184
0.8551557106182762
0.8493356534301939
0.799441984502727
0.31591993678662594
0.9562514371178994
0.9510532789609916
0.794421272797903
0.9205797818936439
0.7929022657198939
0.3859195097069752
0.6821905992257474
0.9143408228210668
0.15180378405561384
0.8499051126435528
0.7121774089733137
0.2567844340518292
0.4003806972722638
0.6067202723434877
0.6916503588179606
0.9159542845840887
0.0984063054828945
0.7458402654037806
0.783310563710317
0.9681235872027214
0.21646903126652858
0.8676685642833956
0.8329747681913657
0.747067595385664
0.969264668227187
0.3616561650381269
0.10805457784654009
0.9251583508761657
0.5410998534754351
0.5569130238637706
0.46468717773468315
0.13314143684391283
0.7067447292434612
0.04727711537509835
0.7830658243412589
0.09903895669099935
0.9936016451654677
0.09189027629132271
0.9710327799254148
0.862161745192737
0.9981091929326619
0.59956238902545
0.6189846165309965
0.9406555411896449
0.8884124133359513
0.7710526799575126
0.9424028090376053
0.9501226575958079
0.9853633151296728
0.7877172128914187
0.7304589675626911
0.936015692857921
0.7555473002211643
0.9625604722662263
0.3202867383421589
0.20380868519827172
0.8415201184377584
0.39222191916537497
0.910578427502867
0.6142349466507372
0.9832228502907299
0.09761735330574763
0.5600324441905895
0.9494789067424748
0.6486195902158304
0.8896030146499334
0.9133845050334983
0.7858688204279898
0.8361921519735225
0.7965799361611731
0.8833768433073341
0.0755177343895285
