0.9865063148491318
0.10047728095717712
0.015010301387727132
0.4360921724394809
0.20945163709305886
0.013570000805166075
0.21081843663272062
0.012743337349347182
0.24407284761658554
0.08983053307197825
0.2736292508929675
0.1427058952461475
0.24507895560658344
0.03272971407684834
0.1457635457747798
0.2017939750810124
0.46080335458326777
0.2417952819931023
0.03022303547332618
0.4376287635772786
0.13146438006092404
0.08337090668434051
0.026464211597865238
0.5525270632275487
0.4974235729072857
0.04765911975768028
0.19828373837870875
0.43854212607221765
0.19440198588986068
0.6790805856218847
0.6188454497209182
0.35911019112599873
0.2384544601398773
0.14803016258746582
0.44776265658296843
0.016598142942803998
0.00838447894606333
0.347928533573864
0.1835989861387006
0.41495910062988434
0.4546512699433547
0.0296745411713488
0.2192768490337434
0.29453342662813914
0.13639978107966333
0.6295575739327754
0.08396517947163262
0.008652349048682072
0.2423113150334916
0.20809447771905557
0.5550048772543439
0.14924206509593993
0.18236261245647034
0.6540094061213383
0.16432282415137917
0.022315372005436467
0.18261901126216468
0.20962063336772957
0.5950784942830923
0.666323629893641
0.12804115989741122
0.5847284697391673
0.1416845345596287
0.022090539817013588
0.5261763281566196
0.8271408931003958
0.02744550638382382
0.6221535894718282
0.2051928957075954
0.28955264878001274
0.4246495718359456
0.03326699138840922
0.023436188100951556
0.08268382868619456
0.030926383793012473
0.021323277881334535
0.0927173128040835
0.15094260514452018
0.1288198578194447
0.47156912853975563
0.4955719683406296
0.012197744439697691
0.4252257104539025
0.32746572530094586
0.2626048242561
0.021145938389814073
0.1868925252899347
0.23168820082785813
0.00828426831835158
0.24765361370434458
0.4035046472769409
0.3926773728005188
0.10240005601878263
0.385055630913818
0.7241565238119562
0.3389488401746999
0.13593370025036963
0.7730556223268337
0.22128027264361613
0.1758661900408255
0.4137453962795321
0.3650749645889527
0.4425366759738415
0.16967548305264418
0.007495082628823434
0.16682583724149405
0.25376691640965754
0.28181763876661203
0.516082738826036
0.577420393029422
0.40064474114268755
0.18208432520327222
0.03883551206759436
0.33345777672551147
0.03914764189656121
0.17508103689536236
0.013542737330053657
0.46102660691166375
0.40094726301583133
0.05744468307459319
0.33537709009153793
0.007633540749258969
0.41062596388006967
0.2554052829619671
0.015037311050183038
0.3729777397938355
0.10775847289051224
0.29012929699444623
0.7164092187726752
0.23383768321541665
0.24467310321316083
0.04586552512624045
0.2292710635882652
0.013103788536261794
0.4242638357721412
0.4196330330758812
0.25351865976095844
0.6029039511217116
0.04732115710744288
0.2550751701785783
0.3527810388349797
0.38093154893194675
0.7832779511477314
0.23094392448795759
0.013067943775817898
0.31647642507727636
0.01318390382863549
0.3093548643262103
0.01846165888970048
0.007708687669332444
0.14471451764160165
0.07865650707048447
0.3669167068828355
0.19939891953082173
0.025683203902868237
0.4589601160933605
0.18448124128391513
0.061802411700060504
0.19326974847256023
0.4390678746582829
0.2841011055340444
0.2938424249169795
0.052668961521941574
0.3690775727448622
0.3664276349118979
0.04163055131163376
0.01894825446829522
0.2160628305373608
0.22701304021580576
0.3264026336238575
0.4928916383815478
0.4662662094319206
0.08874980083769748
0.19965240752432756
0.043866726207937905
0.27549492424215016
0.005523696626162361
0.11089308294750444
0.3187244057809204
0.19674280344868086
0.752505305566859
0.14128461733491293
0.3371073363892915
0.2059930407048448
0.3589739496843637
0.6015293370170761
0.19283371452868148
0.018509151335015694
0.39037569479985906
0.23644649533940662
0.054511608423055045
0.27083022172912796
0.01582167516412569
0.6521606519313015
0.30367708974193414
0.13856661947456486
0.019542082373928814
0.13337401937621968
0.3191903951749615
0.41218781129689597
0.23281475695763418
0.15768979602176025
0.8017031361358449
0.016228645021338025
0.1373738904441274
0.07070876708114009
0.5544831490738158
0.09284382069452624
0.3590777383479614
0.39367606990114024
0.005800992085051472
0.04499447852691775
0.01328142469132408
0.38267942510256914
0.4655239473470756
0.20498856995147297
0.0221837316041742
0.19998143559209408
0.04433143559975655
0.1617456418846891
0.28298847392765436
0.2954206351261177
0.18641655352164094
0.04033631853289242
0.5179154301798726
0.1282019194334001
0.4073610440929035
0.6838792832643609
0.17252651773699096
0.29683682299038006
0.19126246061843344
0.5747588242370133
0.48053739683585517
0.09053127162079712
0.2244118630408218
0.2061951169382301
0.09088568985770441
0.5777261116446896
0.4595191913030799
0.3683850103346034
0.48900040375271536
0.09485608415796999
0.009707598046843041
0.08318967969639693
0.15915971891621142
0.19051338809315058
0.48904053317082347
0.27784397047988707
0.3137661973993761
0.2997382360647705
0.6298422844259659
0.13202940811961655
0.21688013055677274
0.0030102573873711886
0.19466904999486617
0.2434981600753912
0.09847144154156678
0.206460041044771
0.2333800267768787
0.9201470138324275
0.0264255579038702
0.14910880635273727
0.037797223641138245
0.2251382682516822
0.021787378654175283
0.34591607173188665
0.3124316750458793
0.13412561087865071
0.17933187907544362
0.1702782009830369
0.016276375649243748
0.08909839888641302
0.21688003233615383
0.5100433603690371
0.1672631489365733
0.009161731347503442
0.34037483279305314
0.36572832843812564
0.6852685935449144
0.2043702329894428
0.4716615611519295
0.14947630204182058
0.5901788210112924
0.022080915810121927
0.009147068747831753
0.4112119106209894
0.200265689460483
0.11995337043734702
0.1018199444638209
0.060382777351979
0.01501821326989472
0.0776515636001815
0.035495263223563285
0.34840394490926363
0.15618696711827693
0.31646085684042885
0.3880764429527843
0.3266287433696589
0.03422594144890022
0.050288250023275555
