0.8644149675149353
0.7932242744377608
0.8237049840123234
0.5755899902260193
0.409545188934632
0.9897867238597022
0.6565734928111218
0.8646670926430223
0.6605543468728683
0.3992883060159576
0.8864288491813659
0.825938475573664
0.9743160422604644
0.6835924003262164
0.4464591761762162
0.9098450123546052
0.5760727072116776
0.5810364240526835
0.9306340683445156
0.46085542216315883
0.23101310145052484
0.6169840886616414
0.869024093720999
0.6486141932077528
0.6267076019647458
0.8143139963401076
0.9368526629100868
0.7598590537691282
0.7017161739393829
0.5824888266019099
0.6986225956706267
0.7044585245282134
0.48190528963427554
0.8464235490480692
0.588777387995363
0.8758520929119051
0.6550882367133022
0.7962483452562559
0.8494470721931173
0.6845199554820127
0.8384789341306079
0.3218749330714862
0.4095831424515155
0.905540575343619
0.47144738692153276
0.8336169642380399
0.7763315663233485
0.8831816347571377
0.6554580197981646
0.6054086190598176
0.4553946440841392
0.39631460435079624
0.7289193731556534
0.6242459899559116
0.8680807102657564
0.7334485876190399
0.5980802564640537
0.7928595847572779
0.9730488648037332
0.6328548614610111
0.6057818733602881
0.7702176270381185
0.923707310866472
0.8197747817527495
0.8446131898277451
0.8843259487598952
0.8127238376689349
0.8884981096616499
0.8987253140423717
0.54947607471112
0.9367425677455021
0.4370876572454723
0.7601708582546407
0.38029462742402304
0.5162222423173339
0.8435375786619423
0.6411332126445033
0.973791762307252
0.3619078736964072
0.7244251262882473
0.48713840502836714
0.5147285059273395
0.6837865383051511
0.6450826687219338
0.9375419418116708
0.8418496411153729
0.7255469512859734
0.7734011308549369
0.9537943953994533
0.9724283081253045
0.6552805277073769
0.6170834900746442
0.3641985138057883
0.4320378232217505
0.3158614242487895
0.6471344278917162
0.8821987652901964
0.25838472878380725
0.7963648870763714
0.7397051461870503
0.2946564177316936
0.6300721055387974
0.6604875139769146
0.815219311501002
0.6272956986928981
0.8269588810298949
0.4010460629903845
0.6578128266361403
0.28216534036364177
0.3924506880161732
0.8164324176877589
0.9189968019371495
0.8751021705282083
0.7588908428104553
0.9937781909461499
0.25129731404570776
0.5661059488833228
0.8276255022784349
0.7429563788417348
0.95147235414226
0.7850071926576871
0.8294446003587337
0.9188797269286126
0.8470916861366053
0.3443177455473917
0.6128110426776814
0.8680850643510796
0.704890001249293
0.3579777290780909
0.5610898082109362
0.9217143124877218
0.43182418232543285
0.5816708073657227
0.455920263864961
0.6662500243273897
0.9137990245387406
0.9004704394416344
0.9204376874946453
0.5708687522364888
0.7839001933290701
0.7992822633004552
0.7519949031511365
0.6416180644606835
0.7368462734614529
0.2803234822950339
0.7420799797667849
0.7436584636072766
0.7447286226341245
0.9126923225203056
0.793320290959828
0.5270984920020866
0.46917755390270866
0.6087009038203027
0.6176078315594322
0.2706813307749985
0.7340768888862041
0.1535096487658808
0.19230135720735358
0.5446977382539331
0.7618577759281518
0.5647091239844823
0.7396364206005412
0.7707836347849203
0.3484230102568016
0.21968215169895342
0.7668183103720103
0.7046129935785866
0.6372505694410101
0.2271616149515068
0.6401567557644584
0.6692053248005092
0.7333338597727657
0.9391146066922481
0.5980817555456046
0.6224284820734299
0.8421189988886572
0.23306261283628182
0.9607947887467791
0.9783874234329109
0.34733797622586277
0.9548977730173236
0.7537536841417185
0.5546400995346141
0.7502545211543518
0.976639500236617
0.5999254086831041
0.16751019350618085
0.718698512793364
0.23646185162387273
0.7362449418582746
0.9365836572709263
0.8875478504750409
0.9996277526267889
0.8262781610767582
0.5551193452196896
0.9018986530593822
0.9056052275117428
0.8080429824075046
0.5236795932607725
0.8745948574488822
0.8383688196241084
0.9303039824147847
0.7930587320268349
0.8159209575996245
0.8094829807404774
0.6772716795595335
0.7531138983788479
0.671374900794887
0.3870532314195302
0.523176530465397
0.8098503267981824
0.44632654161231766
0.7938422033684986
0.6366918479095369
0.9750416811131208
0.6265619524580823
0.6799413884927994
0.6638589137130242
0.9415559560218598
0.6925675758297414
0.6215478731259252
0.33680198757643254
0.7685086809233582
0.8297118525655564
0.43053077223461567
0.8045887570349319
0.915084154835814
0.8499585220659575
0.9125138855620083
0.5011154975166932
0.6636138597393799
0.7046870152894753
0.9937953414487157
0.6623248872320372
0.8066136714572889
0.6013553885429901
0.8810746275660253
0.6052002959025795
0.7801739072856219
0.7811712746520961
0.2571116569831122
0.8636497862605359
0.7980667708361092
0.805991843362571
0.8766323619640799
0.23318999395621293
0.7149463696904615
0.5104398066089217
0.7614316023393802
0.7640469057848919
0.8856098764132962
0.982517686871534
0.8182599239296768
0.6182261393851716
0.7745403698888
0.9442976220936989
0.5284169276670281
0.7802588010655483
0.8828219915089595
0.7615028507760884
0.7442491650336972
0.7632490566685928
0.9010306901334636
0.7237442971207013
0.8611990127237557
0.9224460115936932
0.6839789743347613
0.9230710012680249
0.6810839477501032
0.5312800408638727
0.998133448027292
0.971786973546342
0.8854043362205167
0.7837638665174422
0.45467456531802564
0.31968259363331536
0.8856848587649402
0.4505393187463317
0.7010535193206191
0.22037924424176725
0.576935575391881
0.84990343618944
0.682644990164086
0.9149677038436878
0.8715907822293558
0.7952560626361568
0.8504146282358208
0.6512709539782575
0.3640390826888115
0.6413593945398643
0.7561771344152866
0.8533964418441207
0.6184720537200947
0.4470814940335487
0.6840892446740612
0.7666933309532435
0.5130030629022257
0.7718402961595461
0.7930972896753791
0.34895729777078877
0.5405331330789869
0.43510567646467185
0.9030417100396351
0.8821414807634225
0.787283945649209
0.8517901756678915
0.826229502274935
0.7817036212160342
0.5050373605315122
0.45032765014680687
0.9281472015626684
0.9913310706936613
0.5184991913031687
0.44161362966377127
0.5528814075802082
0.7794794218378907
0.3076260760365348
0.7732205682006799
0.8940792908896448
0.9611956626407226
0.9177920471508527
0.8331397348109154
0.4083251100824796
0.7546054006227974
0.5500239613785498
0.7169501130326956
0.48321848820618013
0.5539501220557692
0.3639541841539836
0.6464676748550149
0.6530261883771171
0.517853196833952
0.572833627800964
0.8076827064961909
0.6732522451369253
0.9757668476157562
0.6368562790775427
0.9517296182448955
0.5998789037855822
0.7151012165898817
0.9951001815476692
0.7679196918972979
0.9727120492927883
0.6901346297096638
0.811233928466308
0.6402949518816894
0.5925238266437356
0.686153493164985
0.8863972498329445
0.587336646444123
0.5353681071948692
0.9976421645484178
0.48414054305329407
0.9100937993646598
0.2362661205732698
0.8407326901140938
0.80770789073572
0.9832896090381776
0.7444493272619724
0.7347074746262583
0.25799584658701885
0.5025203969781374
0.9854625173831472
0.6653330163130765
0.3563928546686236
0.7072487770604885
0.7359902010087943
0.18694718431024618
0.7780407211309792
0.9574379131285924
0.8656178961097849
0.7788368472652325
0.6878741390713676
0.7924736791829636
0.7913101972620358
0.9834394428573506
0.7814854165884465
0.7656713566284128
0.8761227322619385
0.7082281467387124
0.8336151431571028
0.877957564989458
0.7396445070598883
0.338222901235481
0.9808061896128683
0.9035940388168212
0.9263692467723891
0.8457855183903162
0.8460962990644116
0.6990513143190017
0.8961649449088673
0.8123881904610035
0.4003191362404646
0.9015513348136066
0.9004391419901165
0.4005602884130396
0.6206822385712998
0.34094518711700694
0.259787138016704
0.7121184140937233
0.8173165572518101
0.918627473986676
0.6638712905714858
0.38788130074011434
0.7076479628654548
0.5814998921899226
0.8490840965204431
0.3655624167032241
0.9897920077339886
0.8191313752204987
0.7753688378990213
0.665197185418053
0.7086216253007934
0.8684854548130552
0.7598560422041631
0.8555315363195757
0.8049636985645974
0.9602569202945322
0.7984432677873077
0.4362160919842697
0.3780605124486373
0.4569042882950976
0.7966903967307968
0.6951112290962866
0.4894436617898493
0.725213293118374
0.563703725297678
0.7919640395007007
0.7029991070612172
0.6202996653926629
0.3860409874141163
0.9185224807081316
0.7558057466463173
0.17410922782156232
0.5678190949506411
0.5338902511406515
0.7154195744431205
0.8170911114881259
0.8388272068464464
0.8545433525587122
0.23416322115353222
0.8818095537502957
0.7022487331616502
0.8778024283570762
0.6292369430249107
0.7102111393034215
0.933853812851893
0.8481549688416141
0.7730177934000705
0.6423673313076594
0.8841616260266076
0.6484192219729241
0.3685178789027352
0.5729627412972327
0.7912300324542211
0.8091808106701182
0.6032387438994822
0.881658282064328
0.9902936251303025
0.8377978516525133
0.8729033610535699
0.3635905398439949
0.6205463271625251
0.7186119295173149
0.4120475060743687
0.6872284594761782
0.6740463078123119
0.6208035935952877
0.6773383996487446
0.5044365076940026
0.5688648807089529
0.5957516639894808
0.9605400327223375
0.6661477509724474
0.9476603278179971
0.765382382982381
0.792017562045326
0.9371139589910513
0.9957019349874546
0.9698975742943778
0.8571929462438184
0.8151949421032894
0.4281456677627321
0.8377281109736826
0.6237148758982305
0.7294035884829708
0.795592250735102
0.6602901023851588
0.8761199371011925
0.573852701868613
0.8654319620277926
0.9077733168033993
0.8670520661927605
0.8141278599788888
0.8766547071832147
0.7993720563302493
0.6129057176552524
0.8523402688868436
0.5350520727857389
0.37545797384528673
0.9281513123215628
0.924581893179216
0.7365797532405118
0.8909254151898356
0.3993318548132571
0.6200557083063318
0.8248638527880847
0.5464561834954995
0.8378032998277989
0.7874424409309604
0.9512244667431917
0.28599955279237693
0.4905378176703694
0.8694888174495823
0.9764341340766636
0.7508890843808975
0.3937120606441489
0.8409022133489341
0.6788821275370513
0.6164142269607675
0.8094165610046956
0.8496445250038324
0.22656789653657058
0.680255491805018
0.8030975060832986
0.8894771540870562
0.3034802253919319
0.7412921222165892
0.6650791993790655
0.8003313843454885
0.4399759176215079
0.8269655426867348
0.9437290467513968
0.9208751981839723
0.5518798063892751
0.8286680281603154
0.7140159588560397
0.8466020539994336
0.9471070724859928
0.6441176154343443
0.6817616843194652
0.8438718399405025
0.9609436332997834
0.5101909750164842
0.8693995927872427
0.6263303710552055
0.8960376116913681
0.49280216520314846
0.6732969084503195
0.9285702899658196
0.5777187730712353
0.528684466893139
0.5483821714328152
0.8547292884280322
0.31852241253380187
0.9482366424833215
0.8564340124052999
0.7403037981785745
0.7513250359000879
0.7528791438641611
0.8794119850083044
0.738998376098071
0.7006607172710023
0.8985264588569433
0.44857717973310496
0.9605661370365003
0.8128424774751491
0.5391686281161053
0.8272441571072473
0.6995800547526398
0.7960757113983062
0.33258785070697017
0.9378069834469624
0.8838920069491321
0.7519292711534812
0.6432704739567789
0.785812901186373
0.878488623652046
0.3206755331689614
0.8068156262374078
0.6322046086442531
0.9010637295698445
0.6016714615851282
0.7026751724793823
0.8692868605308803
0.8601646673506176
0.514370410838612
0.9479730037995691
0.31639486444256104
0.2944119585405774
0.7441114230817146
0.7506776003652553
0.743220967281971
0.8795357928725032
0.8965249843650664
0.8444716704764316
0.8495751244697873
0.5225725266365326
0.2530468861231996
0.862318366234957
0.8309727134510922
0.6834403176076776
0.46919120295416006
0.40262894756054646
0.7340052097275367
0.1491496437706637
0.8928734604798408
0.952089039235201
0.7288408905800263
0.6746189643380507
0.8618841764267272
0.8688210535746685
0.6954836693572423
0.9263305680918439
0.5404871409123124
0.5509587413187027
0.7611798856990363
0.6566310910621048
0.4195625375898021
0.9872972311006754
0.7305082955280515
0.9521563379159084
0.9326386556790218
0.52517366387109
0.7905767576119489
0.7907546810858049
0.8071791451482822
0.9234317456898344
0.9064617163855351
0.5633901556043169
0.8539801349702711
0.8877473978552445
0.5014724702711205
0.8368934569258807
0.6320661000392602
0.5719582133273619
0.553217537898375
0.42724253225923414
0.8466593182528732
0.7712600755163505
0.7561253142146453
0.808858116474169
0.9934596510064941
0.7553470071872873
0.8940581451291747
0.5576601778112198
0.942959907178117
0.545318099814347
0.9630949509356725
0.8902397027119456
0.7999177090949113
0.6470334663622231
0.6238082342159516
0.3996717309236598
0.6603754787849658
0.8022503234591623
0.6698503973453798
0.6422057219465535
0.9525536470453738
0.6180762632751737
0.5109349290120477
0.93234407702172
0.9228692219383923
0.9953806812873531
0.8810948403000458
0.7897443283016261
0.6087431714628414
0.5429906541747667
0.9272069036700528
0.6923996163014585
0.6890203616156209
0.8285416343055073
0.4226367232107796
0.8589906924895514
0.7273922088818101
0.6243657284391935
0.8827051368460377
0.6514222928070764
0.8174255435715896
0.7686822130580013
0.9620781687142583
0.8144762263378383
0.8582423447875929
0.8358570850605456
0.41988248818818236
0.9030058241095653
0.7281456715661234
0.564921937108967
0.26002681105895437
0.7677826097205698
0.6933579961492018
0.8574541938059604
0.7809411575221538
0.759597334338644
0.9087366622711017
0.9382479131178079
0.7551253590110817
0.9536751635571564
0.8497681949226462
0.8540012573532341
0.6123225942561676
0.9098270366820785
0.9328711100640497
0.7996601376157224
0.746679490097164
0.4076778072935189
0.16136167364144843
0.7932676740333428
0.7734541413163202
0.35791473746391744
0.25245415049259845
0.7652661695064531
0.6293864062949891
0.5063631166085989
0.38802918234643813
0.7466223125193985
0.3748680577191429
0.5540716868447114
0.5199742602998371
0.2562283852821743
0.9361897872829035
0.791863276915405
0.8880096986163268
0.9599560542894489
0.6310321000131787
0.6951513912286791
0.9177247554610173
0.9740951543724318
0.5121837147595117
0.798684517738333
0.8566620359498911
0.7064998527872584
0.6280980701384248
0.6295993379876126
0.6216445525059444
0.9904493958675521
0.8610218225689805
0.8409361364627157
0.9989373216611257
0.7356468387822205
0.06049226821005742
0.22888169180842266
0.47598626532580224
0.49349703673805856
0.6636092734582336
0.8955907154404035
0.3136367514756679
0.16391746373772653
0.2355548159874871
0.15094866821846437
0.8176366050322144
0.3318880724676606
0.9307792812537767
0.5281594991334444
0.8551548066365003
0.8658248957086498
0.9484754412248033
0.36987559074558923
0.9005465610996757
0.7771919997203874
0.8500407687219316
0.76987104732018
0.6505436941186852
0.8144978280045896
0.41629341925216107
0.8956604795632301
0.8639825142221145
0.5031197782462065
0.5024312362877362
0.6992227191331022
0.9557067036858122
0.502200023586921
0.7776027789020211
0.9668371281989907
0.8171423286383319
0.2614086609332946
0.2232583907915929
0.5995181803120205
0.5173525916841492
0.5963703400404035
0.7702770084539539
0.6136374574745405
0.9389638297257203
0.9075317120983636
0.8510459612203055
0.8652117779816204
0.8856028427345417
0.8074385873713679
0.9672467168838135
0.6443605037246836
0.9849713344392625
0.8203692531848253
0.7752954033735532
0.7895313264686186
0.3419224913525054
0.6979765854378401
0.7314639921687092
0.9183229026443767
0.810553488463626
0.46106150129729123
0.9681266569538414
0.9571096771575986
0.4527693751577262
0.7955937153512145
0.7057057382480547
0.7652838993021612
0.7848444377893157
0.30050620716761306
0.4489537966979996
0.3380567416825143
0.8189781854173537
0.29286583845475805
0.5816828641881863
0.7094949420060785
0.6050385473915847
0.8984373778995107
0.6581658632708067
0.5309064191009826
0.7579442785976553
0.5729133985411539
0.9036893909869818
0.2433032094781281
0.23343426936224526
0.8125309756719752
0.19004931019275126
0.8468412111834589
0.9127415684218891
0.45397729946044685
0.9378254400269032
0.9112935031635007
0.5507358001896211
0.6338195810894637
0.7184546657656519
0.47972726891377726
0.6873888936481574
0.9803614461020825
0.8364811571954606
0.9478690779217256
0.6508079563827218
0.919630569103104
0.6506675427245906
0.9826890308216606
0.9734400005410961
0.5303226066800641
0.5198929711108945
0.5888326658128059
0.9663214850593422
0.5201547899826804
0.8682766172531269
0.853685562207134
0.585246002897157
0.5635853288665048
0.3734674921641187
0.8668034545470138
0.6332439887323198
0.8215674483168972
0.5373415378664539
0.8944876670999726
0.8895794476869083
0.7380701657914497
0.6884983225005189
0.5242701444214904
0.48128636653475804
0.7036516822462511
0.9644941402076825
0.7755149969766589
0.7048751853575222
0.6998836537386254
0.7181583138410547
0.8293177681578368
0.9279673867559295
0.9710215078801605
0.7704953776782111
0.7179933873917642
0.8000471482720021
0.7496953769430761
0.3524805918522757
0.9966652853439171
0.9094696697715283
0.5828468812143937
0.9737583564556034
0.9824552334574583
0.7076792846878945
0.7153381237057354
0.8763941544430951
0.6087200949812765
0.775243406046604
0.9101529566647966
0.12221719506820337
0.9184760088256492
0.9459810541027325
0.6287374287203079
0.6138756056938757
0.2892849443146582
0.8619919010194721
0.7078924300822801
0.7474720183946505
0.8509430003565139
0.6273127754054765
0.5668821227320247
0.5645662896366253
0.5757194560480546
0.6225834222116428
0.40767731717351796
0.7660957485026196
0.9712736264406668
0.8356456498141411
0.8763513472652937
0.9379370523618807
0.5627043977822825
0.5663530466738522
0.46145427507682785
0.9120790199383639
0.7684528295776328
0.31504256899094285
0.9008977239463352
0.15658202974131552
0.7106623913936232
0.9778381626588357
0.654841088884978
0.7491728481477878
0.9468234901437413
0.7254350155265168
0.764483679583131
0.6537114926084939
0.3785094177103528
0.8380462997876624
0.6838969126363137
0.5035751535829317
0.46273815936351087
0.7662254356780914
0.8905013745057545
0.6011342408478176
0.8490731887791969
0.48636697656944583
0.6398383267805985
0.2550756254945171
0.9721080474603452
0.7570934254496284
0.3442705310941948
0.885323362694125
0.8143274335254574
0.9100172792523907
0.9738033166187682
0.2667592794061088
0.8181524886539339
0.5978657442686105
0.6172668718255585
0.6517385305730272
0.8608034064859857
0.7720428265393346
0.9390074002931379
0.6433896575673942
0.7470964083755554
0.8600802695456338
0.7524021543659414
0.5857681317397022
0.4903413070624417
0.788585643599012
0.9799639373208164
0.9433791677669006
0.9014486398855073
0.2846116138181348
0.590356923058174
0.7185181053113892
0.9720991824359237
0.7819911143278373
0.8844714357490969
0.6187026712470745
0.8546189386906129
0.787196154946977
0.7350900508332432
0.869369434304499
0.7211841108083131
0.766063895745114
0.7770412853504575
0.9881908366131062
0.4124597322242201
0.795375642635509
0.6969171283895104
0.7516389917515645
0.5126298170975545
0.428524188926879
0.6004223062923084
0.727116100732595
0.9719510673880678
0.0955887806488902
0.6719323344013477
0.486939172797514
0.711257735227216
0.6812364011874918
0.6976050255927352
0.9421936641606106
0.7114875302692428
0.2653894182068361
0.47543889109527276
0.7667773733915025
0.8836440033285894
0.8603389424163762
0.5769863072079102
