0.8152319869748891
0.9971665495050228
0.6521419183135968
0.9275815994685171
0.6825840631011926
0.866289005693779
0.9830142973902609
0.886803920996469
0.9300653265836439
0.1034205393826617
0.9560074662474125
0.9698463934382086
0.9950142899387754
0.892075219690093
0.8521184977188412
0.23859250470639445
0.9641457686754558
0.8745258798673341
0.45051849930579174
0.9724319003478259
0.884207954244207
0.8655732560195087
0.06113646403423679
0.07490447165483806
0.9291629886514365
0.18225285920353346
0.26999219251219186
0.9717992642675994
0.7473214172146394
0.898834013527988
0.7899798208993261
0.8712548140162848
0.977101728072536
0.910288097991027
0.7735930997023936
0.8661807967138144
0.05825545676604203
0.9794159249887119
0.8583109038113402
0.6948378071952116
0.7396031475074558
0.9333826373485127
0.9825024783987502
0.6462470710522179
0.768204112957122
0.7760511323043442
0.7811640765776172
0.6121033584731153
0.9794035793768572
0.9025872271675615
0.49631418852251075
0.7647431349903313
0.8140724235803367
0.5401767434893205
0.47008377786089994
0.9471166128014319
0.7861453805643062
0.4185510129512686
0.808399835379626
0.6529621696523743
0.9198257217945061
0.6898971249041107
0.9241205381128987
0.9891373965539243
0.823196621295933
0.9525389605294223
0.6973865810025544
0.8730009428253604
0.97826761847483
0.9681758629689867
0.937863458509458
0.6872263814207632
0.8756720869530872
0.6707133741944906
0.904810078408113
0.258780560582185
0.8685115876097704
0.2498577286658515
0.9715236493657937
0.8725974012552882
0.8239248334277487
0.15683171818084898
0.05680543584926497
0.7085627244589879
0.8117304929085969
0.24433360790416578
0.8489940291228968
0.8098151910273472
0.9424095179791396
0.79602176463236
0.6776525821041668
0.6482062572329701
0.07203552838705916
0.07020419372101819
0.7791134556831484
0.7606682553062374
0.8120294487939839
0.9191190827216636
0.8450106528511704
0.8846842608271395
0.9695993141607715
0.8671355036559799
0.8662019405024559
0.5396690741389741
0.9920340552463474
0.07547706522922536
0.1364861367650089
0.1344798502170093
0.7706032877669131
0.15167138303368738
0.17736146680717846
0.6969780067555129
0.8870705143413116
0.8018961834696918
0.9429205454566192
0.8389851098356922
0.4513581589458669
0.9772596830412601
0.8115606733042592
0.9328159662932991
0.39517938529615476
0.14752790709968047
0.9028984430269139
0.35935146775274224
0.8855012734078311
0.6178381628613256
0.8298065227163279
0.27069949866687487
0.935378855177599
0.9699324665156079
0.09289973477182896
0.8580600026443855
0.8604112579093097
0.17641939981197843
0.9878805790769007
0.11285732749042618
0.07858167932330422
0.9288622277865701
0.699671348564741
0.10694854843289264
0.2883570541102256
0.9953661806927374
0.9940985410198474
0.8855467860750811
0.12218866370387482
0.9050757599145101
0.12098848978013037
0.8977351443939572
0.7671484545536777
0.6896007086033994
0.7221191511991616
0.10291291479014919
0.9260104748165802
0.9169236408849839
0.7757630657094987
0.877156508122643
0.9793004212415362
0.9189693264186537
0.8899298721131111
0.9650295905624076
0.9713182698982923
0.12126868863436374
0.8394900652746496
0.26285869922094446
0.8549947966475246
0.3895696127041877
0.7856746174161082
0.029444019655789994
0.9808059065956602
0.9740444414398883
0.880490231279536
0.10314041348159016
0.5104519157204854
0.8888688990663539
0.9377511104485906
0.805236535132007
0.8601518962020123
0.7815875258216605
0.6412673584254405
0.9996683108075777
0.8797212723183043
0.06559045149941392
0.7694996234499079
0.9749878967878269
0.8746274078144933
0.8662174835011187
0.8892797398365981
0.04266646088562272
0.8199550208559125
0.7383196681062429
0.8497506726732778
0.8414264671781573
0.9878350547937551
0.3178292473932097
0.08134097835928533
0.7862891133717791
0.8998629758175962
0.8916478901234502
0.9250686939239356
0.06207830629994299
0.9565627870740472
0.9755594105715188
0.4127737245149062
0.8676330775628205
0.8428111312976985
0.4250512119165908
0.5246366676285262
0.9674796796679311
0.9727544852752171
0.8387231398242676
0.9972163649461796
0.917704080557366
0.03905112072173217
0.09619253847985935
0.10192198135300162
0.9116132943623743
0.9710063888461964
0.7100226793194224
0.7690412903761863
0.8988425344777431
0.7346686216205462
0.7042135050029705
0.717383800270091
0.818193041566436
0.8667097738816995
0.7358975477099543
0.9239946609494376
0.9919300971456968
0.6874204400014237
0.413885697825911
0.9000339514032165
0.8568412370403147
0.8156676734424493
0.9151306419168623
0.9162455826922441
0.15506442419053712
0.8093459217123291
0.9128555437973247
0.9185688598288307
0.9090221767563981
0.9266362523114738
0.6921610094570063
0.9342518378634598
0.750722990301635
0.907159148963411
0.8594587510422675
0.7713599740067749
0.6827161182296301
0.9679820857843169
0.882917489224694
0.9459051231608206
0.9121045715003322
0.9354959112627206
0.91577904598742
0.7237776441068607
0.09799782045654182
0.7830727150023833
0.44936485784066393
0.9260459798291949
0.9029408074588929
0.09394985046308016
0.983434411685459
0.4477520730577014
0.6353685950689092
0.6855676530517296
0.8809985013723549
0.2074379230968312
0.6053912918272716
0.8683758050477901
0.9214801737882176
0.4338659434846496
0.9876736125636735
0.7086813118003965
0.93524252232516
0.8265214274436503
0.12883044581375375
0.6971650921639074
0.8250881623236419
0.9896401215025503
0.863167095053754
0.9295851969374302
0.6826784200161744
0.6056865877739361
0.39430960030928536
0.5434375021016782
0.7368281181958963
0.8426988578956376
0.6350510602634445
0.9206721337184162
0.978001155815946
0.9246881531096276
0.6256023436196998
0.7538718088347975
0.3571625090785385
0.07671072199416436
0.8873526658170172
0.3070084646000342
0.9992448412762571
0.6660547347521798
0.7195839457404252
0.827321785194055
0.7955155823090394
0.9417430745210544
0.1665311941519457
0.9960000862485238
0.769923596852811
0.7198868227025914
0.993362981440916
0.2550912278059924
0.5311738049277277
0.9023439755966728
0.8519975710101436
0.9976984531286558
0.8328935197268805
0.3900530619499694
0.8952806238844235
0.9498591958843943
0.6662098186438521
0.5510825578997017
0.8624285977182613
0.9247386489882479
0.818812305407393
0.9214890237315689
0.9937368922119808
0.7306232007731162
0.8610361221556151
0.7059541355012393
0.9014957222520119
0.7237678748277865
0.9379288805742523
0.980464113807914
0.9390628080787636
0.8907533528511611
0.9126915890629406
0.8266100890646786
0.1362602511548596
0.9836852123639187
0.8982932334499353
0.15240181321343005
0.7511656550116717
0.7468936696345819
0.1499966643713111
0.5329689244529197
0.9246523519856746
0.7655394078175142
0.8522444357549167
0.7495958720902305
0.906582194710023
0.9020985261149782
0.986619095554214
0.8762583686275842
0.975911920288026
0.8776110695098474
0.9643911007807592
0.7918175712412538
0.14144521477975996
0.681585772976816
0.2875595724628982
0.6560106617595637
0.9384345040757802
0.9212647196632531
0.7911780084939395
0.9360688939307716
0.3910105695850108
0.9513380159139496
0.08872370527870689
0.44848664741216826
0.6262559369799623
0.9225614397987645
0.23453773807613187
0.7371026135339492
0.8133017869351084
0.9608374744961301
0.5357517596925321
0.6554051527898199
0.8617595781845808
0.7996165180069776
0.680623350144366
0.7685803456418778
0.9336123584442421
0.41308873245362887
0.9538096582643278
0.9482676070153085
0.8943178215433125
0.8870925423126135
0.9282406133149426
0.7123311298131175
0.9219992657075156
0.12240069524662088
0.8675923249880142
0.8054311717924822
0.548790550655561
0.21688843717501946
0.9942111589857758
0.14542666734216347
0.8247326435560016
0.8675711672037562
0.8327068443758985
0.8063545639008121
0.06999640740764163
0.9265837081917101
0.938706193541553
0.8622388441112129
0.9983196313750297
0.07679063175967932
0.9250931960763181
0.9311931493258123
0.8650203126842615
0.26625728661324966
0.20116714745928926
0.9737219658188905
0.17557756475556172
0.7054285849656076
0.8666064357702283
0.8827804415920353
0.958668027197848
0.15231772138546315
0.6818940866103564
0.7301354072073556
0.03228724997375493
0.7853868893146384
0.8443804134256813
0.7428839076899613
0.8823039733383029
0.9938728156897263
0.9724959965065698
0.16478796935567752
0.9959316787316179
0.7421229281845068
0.5293272277103784
0.7326958645077527
0.9967012011446316
0.8162463230302801
0.10107878735028072
0.7138115471327022
0.9864255439499166
0.13831046138694927
0.8392250025744121
0.7932577076198761
0.8524092688205399
0.9034973138035918
0.6668577813718347
0.036677362123361146
0.9099971227943114
0.9806362316562605
0.7476724208666026
0.7912720289806513
0.7362395531574746
0.05239676618626474
0.15987344206352222
0.9144014048662381
0.477946225970156
0.9455575419264661
0.22035294765210722
0.955841498726716
0.0901487405842317
0.3015064199134876
0.9956687246628385
0.22096750085866979
0.9211940045000588
0.8571237867601211
0.882575409483217
0.4786736443877503
0.9142977628695983
0.9485369907215824
0.8855575511324041
0.5286238247901539
0.9407555033318906
0.8917520481475254
0.9806468411859011
0.07773044399114706
0.9820650483332733
0.9579000543724767
0.5191583525643455
0.6920663183275902
0.06510393717946146
0.9481567530953244
0.8867212035809667
0.8123329827564585
0.8201344506429552
0.8979301534199237
0.7549808419722341
0.9830124421627388
0.8657352441941982
0.04178819459148034
0.5551769643775519
0.7512086708380052
0.7290551804560622
0.730060704826704
0.8659303018041768
0.8808747570862485
0.08637889690819142
0.850334702388906
0.9931521553262322
0.11340677720301703
0.8224795600577988
0.14847922637007047
0.7708278229787109
0.9980062663085899
0.9101396491715869
0.8631499592971621
0.16747466881253736
0.1303622732139607
0.11329965032696626
0.7739082790290636
0.9320519821944624
0.4262699433145589
0.9454399047636857
0.9612929561929073
0.8099052586885483
0.9233458666464855
0.8983746088439923
0.9337295286974836
0.07966193365334875
0.7797646334293101
0.8740881482406883
0.9500886182176163
0.9861922725517323
0.9769244384555917
0.8407536505937009
0.12417679723251435
0.9794322078509888
0.7772982265405765
0.8581334099027286
0.9811352418250767
0.9951985712456374
0.9815841432593226
0.9025652530450736
0.8976012060239296
0.9761392719655619
0.8164304484130961
0.8123917133087002
0.8046085653843393
0.9629435647123128
0.959134888346461
0.9762125819626759
0.850153962249496
0.12074014482419407
0.7893284682139808
0.7943752100421657
0.9813419424031951
0.8820302154048323
0.3164397761303169
0.9740551061196041
0.9647990716302205
0.7912258879693069
0.8778378625876249
0.7388444748100866
0.9089197016656013
0.808035706827014
0.47222567585546327
0.8758380943281558
0.8761099829611416
0.8870217767094422
0.9638972251710326
0.07257131722534704
0.8973523697229414
0.9380110934810749
0.7818860835302434
0.866794326414686
0.7612222936179164
0.8193819416721064
0.6801419701309592
0.888829641521437
0.8293478376833947
0.3109082128898469
0.16030291731844937
0.9279226287759179
0.9131737919698836
0.7438246757190063
0.46945578125500764
0.8344899039450357
0.9144255011097797
0.767306864744155
0.5262041829198747
0.8571230140706376
0.8437922416202919
0.5788556968420628
0.8851674694315097
0.09789671616051612
0.9099685040273877
0.6479647086861804
0.9778487798423925
0.12438381684385552
0.7290070650559861
0.4087916510938435
0.936624816317817
0.8815945575196396
0.8401054424310574
0.9307014594109553
0.8792975065831425
0.3008670187434383
0.9610712985008895
0.8002302675475765
0.8162127700545863
0.7327161731729933
0.845761229145582
0.9661402670975735
0.42784436818258337
0.925891897686546
0.15128081215413497
0.13870944254194595
0.9801669131294124
0.7873424797786024
0.8720259541614579
0.5484256743998751
0.855953728265225
0.8975632221099439
0.385172753954547
0.8443081540247583
0.9477225200588566
0.9228148755423103
0.07301037380117777
0.6560189124814966
0.9305000700024602
0.9338650507796586
0.3743224925882881
0.5031165184350158
0.4922994467773586
0.9318152490022742
0.7529424324443427
0.951433125669902
0.7287863805615403
0.23604308407332752
0.8468365778690238
0.9802476360235932
0.9089931976441172
0.09241756699960237
0.8069117655126439
0.9391107707080797
0.8064947999419787
0.8454212211811967
0.06759195373849869
0.6977135033378281
0.9387037350632798
0.041435873490576064
0.9185422250969286
0.2722310746599321
0.8999080157893438
0.9639158648967161
0.38872303694381816
0.9648272544176832
0.836710059831866
0.8349864462296008
0.8807619312019477
0.7236854487499007
0.19162110944371952
0.6727156555818703
0.4011562686037064
0.31403335990489945
0.8786612977678088
0.6291902293597131
0.9962780025243386
0.9354536145874464
0.5843828327762415
0.8087181048268174
0.8604257646294289
0.6948064277013662
0.9763864496012353
0.8977467677747377
0.6420830141885934
0.360141375157201
0.9528573598620029
0.9639006782603243
0.5228915890063563
0.19519317747509501
0.9048048769239074
0.7748475567587387
0.6539664941803345
0.9607782382774039
0.4632445804555516
0.10807813001646098
0.9957098646485609
0.9077015861584408
0.9392411243713817
0.8448149844014845
0.402361641254096
0.9022696719261301
0.6388427010697799
0.9407971985347403
0.32136851654727105
0.3395346155044785
0.9068105445382941
0.9279804353626415
0.9245080872484843
0.2055538875329258
0.9224670380431178
0.08057553502650361
0.9341856665951002
0.910706518821112
0.8098710872895338
0.9502094941309798
0.9642371136455943
0.9248601816276975
0.9844518753791294
0.6858104523968571
0.112381804253841
0.6809999286028212
0.13072105687079996
0.9483306297952812
0.6201725808801646
0.8683989181565169
0.25157352235480823
0.24167521744781295
0.13795704209298312
0.9681564792628532
0.30491228952497396
0.8841287368841858
0.9441736771503254
0.07848445049428289
0.9276685383553022
0.19122636986363645
0.7624982564602825
0.9537881519305957
0.931916833754484
0.9276958519352443
0.8651903414812985
0.950346131707974
0.7897527461008956
0.8374809145593034
0.9897574236224487
0.7702064060478975
0.9600117713985694
0.7494138899129619
0.7568349175630074
0.7941677517543748
0.9683467262623244
0.9614490073696632
0.580106937500299
0.6720907274339194
0.10768445955802344
0.6737225920344028
0.7662619598622777
0.3168665364280807
0.7635017948551623
0.04225788290810216
0.7049412020421202
0.157887211067257
0.5932096370316251
0.707681525753568
0.9522767776593852
0.7756713035729382
0.8049845827202267
0.0857726071465337
0.7474511576642925
0.8383588552619929
0.8118965564779497
0.7490261700994807
0.05117186685320825
0.5151423368665367
0.6839640993226997
0.9779212701726206
0.8381804932979545
0.715737957526916
0.9502716028334912
0.07660257963435874
0.8501059006374332
0.8695932334793135
0.4524720507661936
0.35527577250021525
0.6473085095148383
0.8233053992407665
0.9399725648737132
0.9354204484337432
0.5753866251064091
0.9466176781128672
0.8996842518781347
0.30754281428108166
0.9454912732014815
0.09517406141739766
0.9242320584176247
0.35720196371671553
0.9997946583512363
0.7553346094598049
0.9713029981861836
0.8944469943940278
0.47903838216178574
0.8081913502984379
0.5322443938973922
0.465108039008998
0.7936684696894836
0.9501845250436645
0.5931749014488639
0.7991553032061677
0.7921391637886589
0.961679138598651
0.7727288045774587
0.2295348057733636
0.948992911497706
0.1546820613463175
0.41322824583344897
0.756936073310837
0.11149127633588628
0.8742051677981133
0.9369858301321
0.6209278076746776
0.9624855127882366
0.9858536923621674
0.943864241291114
0.9374716441802577
0.28750450285357787
0.8426681742300868
0.8794378501682172
0.9789248199827867
0.5655415204648567
0.7408818940610312
0.7005631059373658
0.959424660452068
0.795631658979905
0.4971195394197468
0.6834249847565195
0.7714130431842297
0.9658421150811325
0.9122414104272956
0.7929433512400422
0.8948538879225824
0.4552461008806468
0.28011380592149526
0.6940785428548352
0.7422567436191352
0.1008760979762843
0.9293982476887722
0.9317382165679351
0.9643742564117712
0.8341574113183228
0.5858242965550811
0.5757079295105794
0.8924555069481881
0.38163813349395126
0.6298535868693687
0.9940234301596237
0.8940465413837599
0.9102900434554693
0.9944632315567052
0.8677746760059933
0.7347723916933707
0.9392805956845243
0.8237648639697004
0.755993122235272
0.9265434523508571
0.1960153046190733
0.6926912114905827
0.8265586162641965
0.10356452954314743
0.14004238616946046
0.0966923204531131
0.8616091147672043
0.9716007553463225
0.8888707031769387
0.9594353854239841
0.9164037305271943
0.20303156816105494
0.7234919544045757
0.9860604687224976
0.4627005537320622
0.08907154115887635
0.8923508969767178
0.16927253257134045
0.8926452290019997
0.9152599493435765
0.879500384119725
0.8414261068624572
0.8831932180574832
0.029632631772373567
0.824670832722329
0.8888085536956838
0.951155939162901
0.9843491508628275
0.91054405446909
0.21126392405221017
0.7229888185874317
0.9724537450214156
0.9136370860784944
0.9467118465502073
0.12839335163379706
0.635884769360767
0.8187361626259371
0.4185027029075632
0.9698491129247743
0.9648211524738228
0.916996125091998
0.6275173001292682
0.926272309659112
0.3742062884302885
0.6862490874466105
0.9212708596577519
0.7988330267691128
0.7916771296653702
0.9880125328850944
0.5255873704784261
0.12194549282879676
0.9796898865643037
0.8218082798420341
0.24204190368677847
0.059169640892416095
0.8985712833914368
0.8806291948660319
0.8075598689943874
0.5333081386523026
0.9171704755396228
0.8613706141220836
0.8812554571107628
0.8392138298428915
0.18442972563579854
0.7596212701169742
0.5394399547848872
0.9063356537289877
0.3773413678404302
0.7723865616415803
0.19651509043013446
0.44763544458308907
0.5289522261230256
0.2610393925297271
0.7173943211382214
0.7099334589854485
0.8211001946531589
0.6342270077806591
0.9978193706890133
0.10143628227051324
0.9923458313878954
0.6522888071739604
0.799806105753578
0.8822911155564223
0.46864307781882875
0.5453794207470941
0.9596003843876026
0.16947666052857552
0.0460050534910007
0.9890461244102797
0.9723734096105634
0.9152442546490202
0.9613196735027856
0.8652037772790337
0.86226218343079
0.03790008295647351
0.8770145780021639
0.2360096877596815
0.16612869363065527
0.8431651617773456
0.8701174902727136
0.9750356836741696
0.9862384539551501
0.6677539607949626
0.10658537923611044
0.8218081581698891
0.6505731709372458
0.8875941459411616
0.9597931139381274
0.521555307629326
0.6414026499829033
0.37058565343617567
0.8618815576531476
0.897499910351514
0.9717234629244307
0.8177291959292752
0.9228173924140102
0.5175008698407617
0.9182604924369144
0.7267462086736064
0.7940879748982751
0.8669346256938864
0.9735964388036451
0.8712075760580098
0.05875988731270389
0.9811150732766802
0.7765593057005109
0.9210431767143261
0.7944051854694492
0.5440863014313554
0.9571024982478704
0.8392739753585563
0.4245380980470349
0.6086504712890821
0.11715207843359132
0.9551421905816957
0.9575505478709364
0.9157924410513711
0.8639768401553417
0.3730963187704864
0.13983594660655982
0.9666320261160591
0.3830355886679729
0.9805620085778057
0.24154624409465222
0.873005355222253
0.9343237963571023
0.9841218984157762
0.4560082903798962
0.9477258733571309
0.935303240443925
0.10527787527101945
0.9702508032142508
0.7849555925344496
0.9714707463707224
0.9124999040912518
0.8067002882042994
0.8171135231423721
0.34819499312785573
0.20787964087087973
0.898755956770591
