0.5305805337466574
0.5339750307671214
0.12406601582046932
0.5099919589840434
0.6537314652931316
0.9288347583060804
0.12756924980055967
0.8588396189923588
0.053100234470405794
0.6441416750257576
0.9905049493794128
0.8117613817412305
0.623311334546512
0.5585396089612222
0.9886687389347089
0.9886080350952577
0.7669493408245719
0.1566521936237757
0.8848736074411414
0.20820508391672993
0.6055514467565757
0.830712410148849
0.8129366179817371
0.1670414358568585
0.1993040475381075
0.13786357394814538
0.08889875693968484
0.8839287076617264
0.05245347883316467
0.20887767189470813
0.12263372184798423
0.07690260401540651
0.17939332865926236
0.8619997039921912
0.9340094762463675
0.45329548803788877
0.4374149762984657
0.21243443604159606
0.1260253697493261
0.04576004065683112
0.9598388017176795
0.03852911672750843
0.8928801542402408
0.07580344995260435
0.8288581026346429
0.7918751118138836
0.9988264015871715
0.07703166171471343
0.05540525430478286
0.6839006756492532
0.9402883517317202
0.18529546821983495
0.8241894232195475
0.2472497856103702
0.5468043444872868
0.785903558944892
0.25660584857093205
0.3083692651267973
0.7315797739936675
0.8752503357045771
0.738275768307018
0.9627615472994816
0.12494463126395404
0.8468637961552362
0.8373127111705687
0.473971144824064
0.06748701963136823
0.751973903331523
0.37438639901564486
0.15311037071006636
0.3910215630271935
0.9666697743059236
0.8803642132977607
0.6338506401061484
0.1145463242609005
0.34187079196404124
0.8246997544018434
0.7543408187471925
0.7334781864520222
0.5116889917711412
0.5598483296594416
0.8955188287499423
0.2286422133240889
0.8723091053586615
0.09080286440951071
0.6010769158655509
0.43654962550306853
0.3149579758218493
0.9018790579261238
0.7029356435843885
0.30878401394657795
0.9389469892032609
0.636381477164262
0.6753950894913934
0.31011581144723716
0.11295624943553982
0.6702636855256989
0.5136138425294892
0.7610237003006153
0.6184550981210806
0.14108834911056334
0.13419395433809767
0.3285175523494868
0.5124518061350914
0.4639800617287246
0.5823171880317691
0.6845652895866691
0.26182445882831523
0.1320200532486078
0.6006395258700189
0.608074702655862
0.959409319630232
0.08754582914495153
0.053874127376914674
0.8901730641374823
0.2350518364788399
0.9893954725112382
0.8498001285509159
0.714638122925631
0.08128677736013709
0.8364026216126557
0.7576391622759547
0.057200247386270525
0.06993818061814676
0.6801612501270708
0.8562047807387506
0.5333350278064279
0.6592524714655044
0.43722942863828407
0.5865764740755779
0.601886530734649
0.969402331860906
0.22685901257161734
0.7866019704239928
0.05398083150578611
0.1510036002261001
0.8485650702953826
0.9056889178723397
0.5267690970092974
0.5418273369127973
0.7655419034006754
0.6084230455060623
0.3135801639239857
0.2884896841497992
0.6007970190684064
0.31345553432644135
0.04186353626247406
0.484620030822223
0.0776287742435976
0.3837827015116178
0.19975949082080574
0.2440553785455848
0.8285419046398934
0.7315847540136111
0.10611997433983023
0.33490137975980117
0.22599587435626145
0.6152145301958681
0.1573685523829353
0.7361131577367359
0.8462605274530797
0.2900767094669391
0.4393715065196133
0.0840662578047294
0.313996459180634
0.6947169140351672
0.8660043023999651
0.8780597057013684
0.965863849201978
0.7730794433142634
0.5361043496522405
0.5796118538655344
0.0732405924147083
0.537209729209743
0.12783217592192367
0.6201267203923395
0.25613234035162946
0.7601587317065023
0.5970942440565159
0.5553260719186677
0.17178724973819895
0.052769674842406855
0.9802816917558115
0.04007222883955029
0.2951910318810657
0.4853816195058585
0.8501592736445965
0.6547593737895641
0.70208372658859
0.9651071367157471
0.6128718956751069
0.7385221687042013
0.7053461241590283
0.08487637527459434
0.6553899017600917
0.254471827570747
0.5434995840144293
0.10391010337672565
0.24628854173494588
0.0908328642272221
0.21250767664923198
0.666093433929406
0.9623973547455502
0.3618727784682372
0.07014901187756714
0.9319700342012849
0.7523673465770229
0.3049962764862997
0.24339056210679572
0.06943015682911326
0.6409354295334808
0.651663224423119
0.12556662676708866
0.1545031140682212
0.8964247636501106
0.11571128213471729
0.8114361108206021
0.04765753649848599
0.1744170635598512
0.1562034254511828
0.9357423796843609
0.8834160156898526
0.9830993876502141
0.6224011365096596
0.09656292577899818
0.8405231816145076
0.7854562087891408
0.1792371066478557
0.7839126964639036
0.42022085893603234
0.875902848659808
0.802520683231159
0.30338393899542837
0.9647936242214716
0.8036894788886405
0.9802148717218866
0.8567566465654683
0.12544580056358534
0.8673224309025847
0.8776865784578088
0.5289884424178667
0.5815137478267469
0.8729084041561325
0.6556222271655647
0.45843874884161284
0.30628039073148994
0.0821985088490017
0.5993791049880535
0.4928908032548197
0.7222684047233974
0.6307021024943757
0.9299292479854844
0.7311301496103615
0.623366868741378
0.8538580699668816
0.8082668156257127
0.46533042391253887
0.8611403837209395
0.30021023562727456
0.5839717059130449
0.9912913778682926
0.2766808876137046
0.65760633481707
0.6236679026604728
0.07828307171148319
0.40055773606845546
0.7514079175443364
0.9323833909654484
0.5598389851651622
0.10012020649725101
0.45340974403747614
0.27502701667571644
0.4452314816158083
0.0681094214133384
0.7450933350132944
0.9282561717155251
0.20724448964263886
0.7539885159593969
0.7043276426920251
0.17009502882985997
0.9534897983645676
0.3096953563374205
0.8654251780090328
0.8593321453826089
0.24697605341846846
0.9691253458203477
0.31642290048393207
0.6889739402295211
0.443245844303171
0.11743838923352631
0.2473581008234714
0.8017525528749129
0.749016639653847
0.5982224572694463
0.31414932070652335
0.0742096236866696
0.7920531310578497
0.6572091317397679
0.8243654679938359
0.871370316125627
0.9355827765361796
0.3783840000464671
0.08510513075589822
0.8900438977905356
0.9099565926589052
0.7722073565209716
0.32595446479373263
0.42644467653889984
0.8447766039631392
0.21065573673991503
0.6150377239452367
0.37530291313575054
0.8864855204922729
0.9775325409576876
0.8241406521724284
0.912321735840452
0.3805390203930883
0.1869032737237355
0.8796666127542636
0.9619301355765613
0.5549611331186408
0.14907245745432235
0.4835256661070385
0.4367759843892425
0.7861236854345908
0.955746790377266
0.5458727942206981
0.6358974774296464
0.964405199369543
0.5612955077800847
0.2638349154264851
0.9442667873338932
0.03791136954427034
0.1786545177680604
0.08549971453496655
0.9403320582404018
0.714215868320154
0.8325832234301842
0.08771509971328337
0.6701303327990777
0.5660403234492739
0.8091602128902047
0.9578863854859394
0.9609471995696828
0.1371472146276215
0.7098859420994262
0.9941720835163618
0.9261832950822075
0.05660366021857778
0.0782434847573969
0.7439164980772511
0.6065577665830619
0.06958910393339676
0.8539535254044641
0.058351630613367796
0.05379071842862434
0.16329593044867743
0.7793448177456388
0.0437048693418785
0.8270067655516737
0.4218085272520514
0.8128410346421071
0.3624567337763671
0.7297224295427518
0.4496128428820049
0.6424647728259967
0.45595204627107844
0.1424367802189881
0.7387502280423036
0.8601796994489495
0.6496097022620766
0.9649375101840725
0.9151765053083177
0.9056659631509989
0.28269661632524223
0.4425306878233731
0.11795729401423316
0.5318256437548883
0.8433515613138622
0.40139521433727304
0.40747660541662817
0.8009393915976974
0.4280789631203876
0.1711622535849839
0.9197509276604303
0.7726206144573549
0.9518357313480232
0.4036429484744921
0.7994542498776921
0.327453093241887
0.6647412722833244
0.16344620742897276
0.8467005117370117
0.08035066503345764
0.8913426175821062
0.10084571714900473
0.6643973296550929
0.21661340374876137
0.8227398509974424
0.9282973686250804
0.4926349044775049
0.07863670037608124
0.061337089641303556
0.8379243797146192
0.3782059263504294
0.3135314014624897
0.8492121336427562
0.370305662034201
0.521930340051883
0.9104394095173075
0.06592364796672352
0.9814473308963066
0.9055840416932892
0.6841482903012096
0.41078466642289096
0.6363510206582815
0.1652890746772237
0.866271924092787
0.06603837918622249
0.359635325969261
0.04088219497611474
0.6463535868493968
0.5773998045920461
0.10405772287269563
0.892156627333333
0.5640575399805047
0.16401874737273073
0.3463638605905453
0.7929720825089748
0.5068172820727987
0.92076673476546
0.06711559543070827
0.8173335309042091
0.30915847165621735
0.9634879705685945
0.8854467446325645
0.9698943564973601
0.4541764723234403
0.9660324651880894
0.20707929144674547
0.8187616843314359
0.7308934013266526
0.12691106768914356
0.06564942938751595
0.27312704713091296
0.36187210813530546
0.8871911272704227
0.8404924202076833
0.47996803771024565
0.5810167558866197
0.7059296258344828
0.9670234753398368
0.32224614037313193
0.8451092569690788
0.7793625522800223
0.8940245823567909
0.6116009101404549
0.6523030478034915
0.41841815767993046
0.29251343258186646
0.5896201090407016
0.5830890216873179
0.05680720105956958
0.5033942598142386
0.24995967010397935
0.9389294698377573
0.7989097285425867
0.5152260064289805
0.21617797053621277
0.5756911863127835
0.9791035009207545
0.44764912654439404
0.29724189861553113
0.5699435734300979
0.5857279221336004
0.6120842683624854
0.2955370978518841
0.14620818369622662
0.7480784996313936
0.8648665329132337
0.18319131363121433
0.052940453423789176
0.5066213265877859
0.8900492855510449
0.08147327757095225
0.40636555096821514
0.9704840997263581
0.11095027274995001
0.6337086224425448
0.47135314674002915
0.75643166368677
0.5224945424319561
0.19889485193303508
0.6474451328910716
0.5314976309735275
0.09602054616768783
0.6532023881367155
0.6162772274215781
0.04020836502656708
0.10128440233988262
0.758854615921707
0.2615187273635337
0.7541928208424387
0.931979559187406
0.20441397778194959
0.07540235851734181
0.3472498320290093
0.753771916228851
0.7393849031350567
0.09015644418485082
0.798435184553276
0.769291596714856
0.08647398397075445
0.5297866173119075
0.7329157290277498
0.5494283561749533
0.9993418976038029
0.8215421574649427
0.6050875747361248
0.3851691741037348
0.8387125941649152
0.5013948667989387
0.13567513003062032
0.7870613371059413
0.9201602000299717
0.03056892144998203
0.15947656920526826
0.1067994594276092
0.08625581654548505
0.4976236340092256
0.8466449092649768
0.4787762318687814
0.11149756380220666
0.6280931715752167
0.9300501932623861
0.7632957014054431
0.6559031385216578
0.674378156125464
0.7817199837945094
0.7291126385658806
0.8135530131807709
0.03723493721700685
0.05832585846827325
0.9627797695866847
0.90366913869836
0.1370750457921488
0.646576680379075
0.7968457078066977
0.9120100683718004
0.7803334588487489
0.27747633269183014
0.620328726641217
0.9777104748637857
0.23530960543840795
0.3928665101318488
0.5841530580573111
0.40664345690981496
0.2131383505304968
0.03966477204773615
0.796253272575849
0.17265113097076584
0.9299658595631293
0.7860444072639898
0.4678964673500333
0.9805528548905431
0.05411783736974016
0.8649207916684067
0.9451359234746657
0.7545938828325197
0.8864641859814453
0.7336025021062051
0.9493992976829648
0.06052830580623636
0.816122817913049
0.7620220440989507
0.3591895220795083
0.49138436606757113
0.7407100936956978
0.8345708860259923
0.38159126336637816
0.744296972931596
0.03644800591013242
0.7857503199372011
0.563775615588227
0.38233048200672526
0.6007443822094202
0.8722512713554461
0.3362781007277148
0.9557417707341617
0.5422068270775074
0.9331484560508383
0.683145605891836
0.6912131737737086
0.7568879565638917
0.12462389755809622
0.5975201738983489
0.11081645761553274
0.11441892134018274
0.26941302501184816
0.5963955740797829
0.5224845974842313
0.8838064312415168
0.31967442662241286
0.6885341649313486
0.5852534758286091
0.42895054289484713
0.2549845588345898
0.8644729774283708
0.1270699720041363
0.6772348189779103
0.7508039813613999
0.5460047359481747
0.9337105396152178
0.5630912461149669
0.7307430607846708
0.06656255313842781
0.08947731621654725
0.06118383808707223
0.9483217730683031
0.9030239934034585
0.9158894989518188
0.610114288212621
0.6559926581334885
0.13229529110581384
0.7398176210919707
0.125042795112015
0.6131334783274714
0.5052696544742148
0.1568191369385406
0.6594744495385161
0.049630836999001074
0.6801420031684959
0.4500716937607339
0.8224616515710119
0.333872668498021
0.47872783068137054
0.04234716660519574
0.06437584670080039
0.6954661071198429
0.5351990339630547
0.8496282568850664
0.9376715067889292
0.2653086972481444
0.15556884595429446
0.8894086852110847
0.4267630113142766
0.7740570433769449
0.5113645357824796
0.6635388280182457
0.6607466883374837
0.39360803361496344
0.7133232192599426
0.4408121001380035
0.9523704207229042
0.16291369126907013
0.051491770235934806
0.5110896804460544
0.03540973582710333
0.8968956712986047
0.07498182844515157
0.2854077093480197
0.9515692281916917
0.7275539441454711
0.0404433986254807
0.9745740221621606
0.08060173996452526
0.7048945054141695
0.646443870912627
0.73886587766987
0.7455732585264666
0.8924806714567832
0.5535378211336861
0.634972536534008
0.029149301908648388
0.6863941522830364
0.05732270843638532
0.1846896465997771
0.3556620814494912
0.6483142171874883
0.6469785259244298
0.6965809209533484
0.6062061563146899
0.06423297580786397
0.17818778385185632
0.6287420874723306
0.05262114595476247
0.9782231061372457
0.2701965100634503
0.2859794732581531
0.39174125797311554
0.7732243989382038
0.975717833617509
0.6865432483796986
0.42525681303465046
0.776800471076381
0.04656465670997346
0.9019440459168786
0.3924996806361077
0.7637676352664692
0.6239321205475705
0.24648835397830562
0.271876146468018
0.8898524257251015
0.13973615761828315
0.044741149709956005
0.29189203791142787
0.8813657360464943
0.16057786623435819
0.19441077240994825
0.8758708328320106
0.9037440421646593
0.918453052573561
0.14703645043883312
0.06040896690964956
0.1135893236678209
0.2343276224144328
0.9290480063409331
0.28707615005230874
0.35902051303178556
0.09314126487805945
0.1136160046907872
0.06553500778597707
0.8593148904377956
0.5461280298798904
0.3412090660428105
0.9837049427150697
0.047305759508120375
0.8572070032351997
0.6226821733102141
0.3487466785813167
0.08041225946724465
0.8332850850336315
0.6616599242462889
0.20061361888297685
0.15665176099193925
0.5284422972233538
0.8133501200784329
0.8364374703187734
0.6014203249429402
0.9617567416163364
0.5906560837566756
0.7356178647679631
0.5917511364796892
0.22866613464418173
0.09628503469058627
0.9895148589726365
0.7895197927730648
0.8525564757795283
0.6456950561217201
0.3484567032109984
0.6439004078216762
0.896605266377783
0.07607171261755709
0.07964009952197512
0.7557284076040678
0.8950235555833121
0.05321433912338975
0.8568657441280068
0.9681708612100497
0.5845728383872661
0.6879278522876731
0.263336111020567
0.6139345732127623
0.5100357423956614
0.17394511955270525
0.9258497772155589
0.15472389268475178
0.2526893202774664
0.9177458787042218
0.2821045130431768
0.6408562153775823
0.591842228178259
0.1930263679042643
0.8511793327119286
0.9804159977575899
0.6322905133359271
0.902828141137284
0.2735289446072953
0.4701993220711464
0.10840633048913238
0.5845017349236897
0.6448139699630415
0.6800632931429126
0.058320803512777686
0.053916070395150145
0.8653438942833506
0.7019249191189351
0.840378153727944
0.2050700802589785
0.27889767460772835
0.7575486890244832
0.8812911180746149
0.6938006173082225
0.25985393385428035
0.9146737034080601
0.576644518075117
0.563287760710363
0.08823337014940444
0.4303286788837384
0.9159586342776452
0.44521641250324095
0.9609291969477869
0.9869592168432082
0.6308711600821152
0.958619262191478
0.3868865066407466
0.4763830893443258
0.32011885021623165
0.46391529819901794
0.8895444224769078
0.7753551284509943
0.18637416046357855
0.18230679515200632
0.6096628976211691
0.062472828336529854
0.9714939550990781
0.9997735171714274
0.07081735402333747
0.4867726432757894
0.5572112208381921
0.8549883426687297
0.08650073850525489
0.17982091833536246
0.5503865445639305
0.4822022891306099
0.4019249046279409
0.16717019765456645
0.4800789098721393
0.6377265749744983
0.06946224521797982
0.9935498284866273
0.4874638135702303
0.07535177656153978
0.21856373036100796
0.9900126082629908
0.7648016607693451
0.8893068048042982
0.09797838137652054
0.08905313501791046
0.35365600823106613
0.7027834882850947
0.15110063893022221
0.9937042224947599
0.27079089288322367
0.8889079985133512
0.5100786979186844
0.3775630419575353
0.43453633735042463
0.6896398479626681
0.03277067865284101
0.243409104712191
0.5736334664370369
0.6822930260712348
0.07270999958548627
0.1308089870090371
0.3530873774814519
0.08692948795351908
0.1252890129905178
0.6768109599607461
0.1845303533927785
0.08052622516051805
0.08472712301250826
0.9934471755127097
0.3733583685424824
0.9317729881185663
0.6402937964407498
0.12648273482286881
0.5475303654580845
0.8204039508182449
0.961368083074561
0.5558027725234173
0.1896437280568345
0.7522216213083726
0.9618023182532427
0.4459556080307314
0.08069042637759344
0.1065806087449515
0.04952068422443524
0.6936420253613952
0.16318299773942804
0.1048045452115009
0.04861331718564892
0.6007227172075715
0.26924979676367294
0.7920764425071072
0.21476623394611294
0.8158429767177218
0.31004971630012257
0.5768407630925542
0.11583831234302666
0.2548274434386216
0.6990847607812007
0.7459119516062711
0.8530222418453043
0.10434486714678369
0.8009576380296499
0.7454685574473923
0.4598057813443538
0.04009922168176912
0.7375272906809783
0.9066593056139434
0.9059987437672048
0.46658513996455614
0.2057324503284595
0.7517483178776698
0.9019418549299234
0.285127856640771
0.9301420806866885
0.7428421283795188
0.25834182016867524
0.8129978225178875
0.144359618026017
0.9156947804699762
0.4786303203705871
0.3502750566508976
0.8507640325277763
0.882836370258306
0.8030087550140586
0.508880524266448
0.6408939878949801
0.734020824205583
0.7470880666313419
0.3004984636239628
0.11382494816428103
0.7974604947329482
0.03940325801230356
0.3327127699526468
0.825918965318115
0.5424223686227297
0.7390124435731842
0.15558374313138262
0.7069639468361125
0.8074959589852853
0.6229806782109664
0.01752311909459319
0.6655837680453554
0.72141873562428
0.9447329541489071
0.949647413139053
0.6767156415547932
0.09857410075950016
0.7865806751262585
0.9528373858534295
0.8591439437902837
0.7949731481758404
0.7375947617771117
0.08841254569893509
0.6101120634986282
0.568692344370862
0.9591170644540365
0.16064066661995793
0.1774191078007441
0.49678157436040177
0.993502309316668
0.7407494036309951
0.16012847082414594
0.16709414723423166
0.4203885198982362
0.8989028819242072
0.11696966007986229
0.9593643078339644
0.9947051674428636
0.7633963394130941
0.22902696509392298
0.9823205593060977
0.9476549179429432
0.2781746452149656
0.5215142891799651
0.8766861477279833
0.7949540653402818
0.6209597551094929
0.9688673694515137
0.557051331087612
0.3354114888587827
0.827898635493175
0.36545837400934855
0.9090166387901935
0.057282615975963305
0.8650541279320665
0.17628334551716224
0.0611447528306127
0.6393803261234103
0.9781813035313318
0.10122435514648953
0.9854120760874989
0.9654744998553202
0.5699470296340112
0.29138133343365263
0.18083283764951666
0.6344687277583221
0.6516515783829746
0.18791474312868348
0.9379241244095466
0.7097130035219854
0.9167088462661921
0.7724939563816362
0.33298404846999186
0.887362834551507
0.07830590913866184
0.24195257147474697
