0.5023507841290202
0.9385308601057423
0.6082433163523502
0.9302154396783338
0.3782848421175457
0.28530291347204906
0.8301891636023097
0.9387190057099231
0.6101785099861272
0.8777714870603076
0.7280818827346558
0.9095419912797644
0.8202501746465489
0.6298621096788728
0.8910294133454623
0.8256013897394254
0.7771767464710108
0.9648118109000307
0.7290686728771103
0.20237390687568704
0.1809457377873105
0.9125059646409361
0.8775084567357203
0.8107132665937848
0.8815015957422107
0.9933701431423732
0.4533294325940791
0.987916805948341
0.4709941725246054
0.7199485142668939
0.8600760903980815
0.14002095931292435
0.8160395502094104
0.46860735138234755
0.8470277821192713
0.8643625019936941
0.8220826370251553
0.989223213974846
0.8979254539568589
0.6430891468658663
0.7933970127873593
0.6334240830963673
0.1757016104128727
0.5305417393668397
0.9476728360324529
0.8259466052658683
0.4972017126585177
0.968201831839555
0.9761082099531346
0.6246088596051502
0.713979046191195
0.8069373738890051
0.8527466679104657
0.8039430288953506
0.9984401677694501
0.8184801790506606
0.993939640963587
0.7292713695665054
0.47767377523338395
0.4811829784583612
0.8869342183182514
0.7661398015396407
0.6997134400275588
0.8072724318473584
0.5845307652561734
0.9446644291922597
0.4760142511937744
0.8403359927908604
0.9598271385385906
0.8071137384322773
0.25893322579054645
0.5119075624289064
0.9350554690907354
0.6987497809007125
0.96697979374779
0.9775125207508361
0.7275713898083593
0.7393616777029713
0.6389621801376406
0.7636261754849818
0.9740917153252396
0.962583449221377
0.9393580009751861
0.7623847154738901
0.8617513315449425
0.34602835100779555
0.7062491725148412
0.2998646855887327
0.5757921663899177
0.5790786594156545
0.917445872915453
0.7319627279779992
0.9807723080174215
0.7418047432116824
0.8221669876427351
0.8719382125803635
0.9836215234380952
0.9522415657273995
0.9169500033399486
0.9701182688222427
0.7756070425282455
0.7974222529486967
0.8478785981800145
0.9342050817989209
0.973911688258411
0.7544245019902461
0.6659542887213141
0.8746931716987065
0.802356863167395
0.6522557980136319
0.7460329519025504
0.9594473819049427
0.9413576030403623
0.5189654544739166
0.7450849681286503
0.7712038448674468
0.7005314930447074
0.5508453419055827
0.3681889033655053
0.996308213807239
0.19068928360337178
0.6599276170073192
0.30330955524395575
0.8076301957505758
0.9778687263052618
0.7789371817855214
0.841631410169489
0.9850047731702469
0.9770361676928502
0.32593336484252533
0.34600479017997837
0.765822990854571
0.5694789046610107
0.7288915466715391
0.7669784815665692
0.9190551506237182
0.7594835883104917
0.9265794309583475
0.7562503702016556
0.7414979618481234
0.2821565990335997
0.6167896592428646
0.9096497276547049
0.5313656492322111
0.5818272584083508
0.7971258777489354
0.8066155222891452
0.7970011289108789
0.7232689511580292
0.7444843285048428
0.4141652118257955
0.8098642968830131
0.3910238010483419
0.8965344625634515
0.8664117597889338
0.6233350405030174
0.6557779445493866
0.3768503102163326
0.5062134229892971
0.3718896600139153
0.87091408010986
0.7896601112946566
0.4871203157013234
0.9857590359074495
0.9715275887250254
0.27565720197884275
0.8599417571981501
0.7515851276082877
0.6594402859689078
0.738685438781247
0.5598375195993108
0.9048006496852999
0.8410808215047322
0.930908120069678
0.44293328625123984
0.9414461983983016
0.5154402498638766
0.49666828129849283
0.8573337641743574
0.3633812150047341
0.965130963233809
0.8514584786351813
0.21525411686634682
0.4435700695590383
0.6918000629799071
0.8758327952786493
0.8572505426754382
0.6947436560915569
0.6774216475224742
0.48417364870093016
0.6751281570445353
0.5991878839691369
0.869379889889305
0.853591386474234
0.9376214154594296
0.7675063385669447
0.28462290975834503
0.8820526587582651
0.9908139060025554
0.8445139758541714
0.8335889363539026
0.3002156840408289
0.5181313216336766
0.6087575895219356
0.4377728131804072
0.7753798842084904
0.898149591622915
0.6032646097275431
0.904184355397524
0.7110232053522526
0.7268301018149417
0.9213408522927402
0.7009200541758203
0.8166275193651688
0.887454687836686
0.6717523824121291
0.8898596816462754
0.7308753191220351
0.9145448482956898
0.7759141429355029
0.9541147551051862
0.897488027685069
0.8061576394130414
0.9759400675646654
0.7182985322830729
0.6054502240779503
0.47321557508645506
0.8622270654871427
0.9398542687551334
0.6784004195421871
0.7402631346294333
0.6354286419764803
0.8319860850486615
0.2704755876060638
0.786612905904857
0.7695383781095065
0.9334455057340694
0.9420678419651112
0.9748002379357688
0.6749459179777327
0.5873253818754777
0.27922794874854545
0.6352938329800002
0.7323709662871127
0.6772927280875984
0.26566457576785774
0.7128987233941664
0.8263377719131542
0.9075017566291035
0.9615617760649047
0.6199567848574291
0.8104469211317894
0.833316299327068
0.6115285338236859
0.8067597837568126
0.47496622504496955
0.9895008520597164
0.7506382058228898
0.5540601624613605
0.9687585617115018
0.8362944906260343
0.7812535903995811
0.8554730970884492
0.9296947832607888
0.8632227666244268
0.6501425920114139
0.9766659668897189
0.37798239271711886
0.8026672136026798
0.9875287599144409
0.355111501496304
0.9867293555050525
0.8877144471174552
0.5651483663676112
0.615843107201389
0.717296538994073
0.8947756515041337
0.364853528663666
0.7458289255545105
0.6641253383591033
0.871486550488966
0.9707150294267484
0.6319681505708707
0.48092134642088863
0.7272685954094633
0.7998323067270225
0.8138331480037748
0.6992127808227817
0.8145765059989976
0.8507843491374307
0.968215743844865
0.8342062537521585
0.8766742811383285
0.8684635878612832
0.9025559564752863
0.966668086708183
0.29088462488087874
0.6437553535803034
0.9302007432785323
0.8737371289510215
0.5792427829594142
0.9601487824917534
0.45471300449570856
0.5331234872688346
0.24190330746315547
0.5704405027310322
0.8835147738389658
0.803028056758704
0.9658360895554907
0.34687866766865216
0.34852060613800984
0.8801632388370471
0.674765528285941
0.9800879708305428
0.7368397747206263
0.9668341204117941
0.715473072936496
0.8992320340340944
0.713447131430919
0.5600234957942121
0.6872088579516081
0.4677941104692357
0.8823517122412982
0.8812092393232054
0.6134232091220506
0.5239242191906996
0.3473271324845736
0.5092204906574971
0.5036114634730738
0.8403910716797608
0.5401982302936537
0.8272828640734944
0.9844282348496528
0.9504189887883677
0.8780057443192715
0.7828142324951697
0.8281979198428262
0.9689897732529229
0.5735905654544389
0.9579402548579652
0.9941855257893624
0.7736975219356537
0.6758736208327529
0.562132456231641
0.8177941198632921
0.5953618572154559
0.37310310112363365
0.43017313352047
0.6339482969035166
0.9936908360462715
0.366549596273582
0.5589946182963952
0.9209276863996594
0.31684377330711244
0.5126395738673512
0.6856707816256375
0.5813155179626044
0.5908818527416737
0.8823715981971894
0.5525031211716352
0.21817867232072374
0.9180031394366945
0.6745881197175958
0.9120976469266888
0.8076223195747065
0.8503590043644833
0.28465936981931206
0.9143416869624421
0.512789036130313
0.6065602417306378
0.5467282309648962
0.7339353081899535
0.4012406071785021
0.6258467556936046
0.7372779764770084
0.9373667067991083
0.6315849303661956
0.9190985350513219
0.9816400518373494
0.197615652872514
0.40650728553137355
0.5086851992114706
0.9267034212637939
0.8805337845669734
0.4919308950410993
0.6517259710167134
0.9174948128298261
0.7904438261019223
0.8392773470804411
0.30256551347336325
0.8515788728268847
0.7591836858184471
0.9080419638745775
0.811034534514263
0.6418628988115822
0.6746517511178753
0.8077146890209834
0.8349234539535
0.6185912153596407
0.8450005237084901
0.7405987973841751
0.8068849937841046
0.773978392818673
0.8113485691422939
0.45837379600411077
0.8309367688067824
0.985962918109496
0.913612622689457
0.9540237289417082
0.33848469087559285
0.7483279146901765
0.9779323598674086
0.9912532104607994
0.5295178656209545
0.6182197331409971
0.9570202894592148
0.6998112124117728
0.8200342785520586
0.5280082523731247
0.5541030055268519
0.903178572429066
0.8318064086686243
0.9237804303348953
0.8987216903190753
0.5307981484491993
0.19276736507050626
0.8562454626213695
0.8546929232984014
0.7921786092380956
0.9064787883657901
0.8490661061381637
0.9705804720481048
0.744966086960253
0.6461937827025259
0.7092662994838864
0.46947463145896573
0.414607748584054
0.8876226371591716
0.7111089101595086
0.9910718519685086
0.41590181397000836
0.7325082105069938
0.8809978082049066
0.46792346856092504
0.6367364964554666
0.7671047807364788
0.9594797978462681
0.6214477768495441
0.5059078420332642
0.8540005898673824
0.9199329092038403
0.6785535516512168
0.8423274174814064
0.8296986628842055
0.8314486347293024
0.7608434360843536
0.876779559869169
0.7644429182379091
0.8438092915128423
0.807298806702661
0.9647420528481789
0.8617612504405975
0.9328230221293978
0.7231194867151733
0.677204279848246
0.7840521073901067
0.8478591527923397
0.7576748383242321
0.8331583708849564
0.4795434451623448
0.8497976192089052
0.6984338060995245
0.8753860876683303
0.7503881921428099
0.7256940472729236
0.8266636919118053
0.9400114089769995
0.5876163902896745
0.6194986055902312
0.7573614832269334
0.815675155577663
0.23696201168386505
0.17135311937285624
0.9301497198118249
0.9383584642634974
0.6781163859731738
0.997960715831449
0.7499997309693631
0.49427514957872704
0.6141792631864051
0.6296649802666352
0.7305615985590279
0.9635722791553758
0.7272599679961906
0.9056469142730965
0.6652348078182722
0.9640824120360142
0.5072704870180652
0.7663833815295599
0.7251265188509127
0.8325255325554817
0.14590952804332813
0.6791247303652703
0.9858758737172403
0.4756936257816089
0.45432440963133713
0.8250352031212709
0.979069365728287
0.6950303667242168
0.9431366616381138
0.4439443878764745
0.8724730915138404
0.9924365795751239
0.5175184935657571
0.8820251678903528
0.8551772355814813
0.6673093569297863
0.890294405803773
0.73838298087143
0.2995868573087358
0.9290237546066966
0.5454250691355572
0.8686738398174001
0.6445598403947795
0.7455106700242726
0.7652445612341909
0.9339913355203346
0.9235001608105156
0.5118257024347727
0.8729475556093277
0.6483359409915793
0.4173523516625886
0.8597926811588277
0.6363147640765041
0.41337402183231137
0.5428139878702549
0.6839661986720675
0.9328611835492592
0.8959518678979632
0.6766034310792342
0.961151658589584
0.6938861271798988
0.8310933986487357
0.9308085048048607
0.728749339686694
0.6160727792260914
0.33947410066951184
0.7282080653427748
0.7584512410934012
0.8789271818889575
0.8349192917939743
0.8459878154690216
0.8117464667440714
0.5069082911274544
0.38789569672450486
0.6510719190517724
0.7495668030534547
0.5676811564359854
0.7846437014772246
0.782964069726368
0.5850338889765371
0.5397322930628984
0.288226412654295
0.9028801651408874
0.9918284224625056
0.6161997101508607
0.2738512382558268
0.2590724043899697
0.3646875856816606
0.7635436074826961
0.6733144992345896
0.754640291704562
0.4704833165090201
0.7125986065093844
0.4744270405298264
0.7291812110191459
0.8629833914921226
0.9095271679873226
0.4381368615595321
0.861700198506087
0.7936400205988664
0.5131396678001533
0.6351006591073471
0.7588166065872639
0.7523636390499138
0.8923574918023456
0.3404684621287418
0.8549714586121322
0.941931515413434
0.3170122511713538
0.9550259788354898
0.9258624135059643
0.5745458598339521
0.8995835938853741
0.6225983961429834
0.5033688228859085
0.9501735222928642
0.8022828935829229
0.8160943482553011
0.658410588826584
0.806907578836187
0.6937062950292266
0.5340708783989405
0.8454824498267715
0.6941702856736623
0.7932317628706671
0.7989141893357061
0.975265524544576
0.2657748285064634
0.9171777913958437
0.9255899633103349
0.7996795595127736
0.5416184608203619
0.856467831489646
0.8154489471996439
0.7521024963144687
0.3389251625673534
0.4621319954476467
0.9355358130715867
0.9106800277361
0.6883437299876829
0.7703348796097562
0.7900536465680235
0.8065795312182534
0.81710089397834
0.6060114875227686
0.8202016276244896
0.7758800914185481
0.3748934051017595
0.9175911071011442
0.7719087811406169
0.9533298121034901
0.42083991291918843
0.7094693709750926
0.313129873336948
0.8922555967562396
0.8085644470711955
0.9801509509496251
0.7664517302172517
0.7342908730444517
0.7798394760465265
0.48779313103426875
0.9652060108705451
0.699187111896454
0.7817947548113754
0.9982364524213616
0.7554926574648673
0.9147865554469694
0.27464553585112134
0.9314246867598716
0.956358497003943
0.7816310844246857
0.886304818675435
0.9732319360308803
0.665937673537585
0.6131905002171882
0.6296805167532087
0.5917076403247389
0.8771678467391855
0.633881276894477
0.9381301138933007
0.9843057343148418
0.8800942126667786
0.9806760368072658
0.5034407175538383
0.7475531816316459
0.5172373970328383
0.768252340902324
0.3167706134281607
0.8804271083352231
0.7861840195809214
0.3619061379906535
0.8026254260611823
0.979333248412195
0.9521118274606545
0.7318742712756374
0.8744178040039993
0.9308965212246917
0.894621678618928
0.8595446208277616
0.9312580119439373
0.21726893682312298
0.8176918674522626
0.9408790521621662
0.8513077380930318
0.9956298694769552
0.6891123343787948
0.6931077330388186
0.35376780513141426
0.3936750065228035
0.6961031520899268
0.875006440076205
0.9831930921705512
0.44221327543490685
0.7432481685101254
0.7085353196594161
0.552217811206285
0.9482306739491796
0.4000670598011514
0.9325254304544139
0.8274926398932096
0.6529393122339615
0.8047041914231191
0.8856068291653594
0.8196548598716011
0.7782342816985692
0.9054464960777104
0.7938755318958755
0.5174116222935858
0.687858451442728
0.6550472814947016
0.8376009217719917
0.6165499525878938
0.8247282875769766
0.9881607065234637
0.8824012402675366
0.6216466762550515
0.8569916981171448
0.7855052940417158
0.9293533277011462
0.8231916420498148
0.5491545152573123
0.8432790176575177
0.8836220250586384
0.6077310419630283
0.9791704890925963
0.8571761945299536
0.9384606039897521
0.9776221999173769
0.9254427831054617
0.7607744734219426
0.5851766164208864
0.8989605453920299
0.5016623581342741
0.7114716511879247
0.591778458637938
0.6622496150893433
0.6733369534385523
0.8832618301172137
0.5514736853328261
0.7750515330485115
0.9669197729652035
0.30577591282530786
0.8228996189277644
0.7489417027442014
0.9853872789986522
0.7373174089744718
0.6036785195668829
0.8424162820816896
0.5702421547966041
0.49804178919004505
0.3187239645398968
0.6590366679023048
0.8685016466011124
0.6956759737191177
0.7537745596358758
0.7739627984061372
0.9216799559319808
0.8297694172716704
0.9766780081133781
0.9664264324669674
0.8663237259104449
0.8099954527515844
0.9288552885145339
0.8914837605457231
0.5918682454299193
0.8063961566325901
0.6468522577727127
0.9672215545788286
0.50517922304302
0.7630933295804505
0.261386989922738
0.9858463260503505
0.9254638547914884
0.8585085384163931
0.7865401569361374
0.9111409300285234
0.42983857430342076
0.8248511737309436
0.8444775686168207
0.6112190345847197
0.6201257276308508
0.541057436337606
0.2955698859780477
0.5715303319758446
0.9389952991571637
0.7337041797102632
0.9934052251864236
0.7859947076441836
0.5527807215672864
0.7709236196904607
0.684689397343845
0.8965479598934444
0.2399429977270241
0.7906466049865692
0.8432412333511347
0.6415664794413591
0.8790281514399685
0.6493786379999541
0.49713079511499814
0.9874841987131546
0.820159104347441
0.8829902381382588
0.9770654267380225
0.9288102039308419
0.6911882275709049
0.6687949387438238
0.8869906798345097
0.4538128986700316
0.806053148888459
0.9015702157160107
0.8039110751255649
0.8610929840577831
0.6819163013254543
0.3617441233367279
0.7299183052148104
0.7424916911792623
0.8735918912393754
0.5118401097233771
0.46054488178974395
0.9407461537819028
0.7343894699343128
0.6231879161073526
0.5479463851746067
0.9744463975839133
0.7691675857787214
0.888570564860766
0.8948876090603386
0.8920902761234739
0.9743802184715237
0.6311072474373587
0.5712672391171505
0.37590055009922463
0.9261862798000158
0.5987907288372776
0.8867482301969134
0.825224330298211
0.3442513231212428
0.6124702805993628
0.4352892255586228
0.25831849397444523
0.5824011972433116
0.7170406078657487
0.8705057439511643
0.902109194717136
0.6232585593479524
0.9480876302991104
0.9150558085154608
0.7780638890380926
0.9267917421340119
0.6699324352925031
0.549360029716775
0.9662430101017663
0.5958394148520894
0.8681258107102462
0.5568578219759308
0.8711035552342637
0.7634761769481274
0.9213265118188775
0.9634655290702336
0.9014617607173574
0.571320946757565
0.3675095266276093
0.9060393660372158
0.2980637431514247
0.9767334027586785
0.8863651735100676
0.5207015755720102
0.8864769110563013
0.7638323186927813
0.7325864381639173
0.786389335587945
0.8234290908700516
0.931047001526996
0.5520818898096991
0.681028006020692
0.8981554349613754
0.8390149263059758
0.7066739460144896
0.4503873854122619
0.8057770647396165
0.7985639858763557
0.7650095939703113
0.926289028727531
0.7399257899661204
0.6748214079727152
0.9840782028506007
0.7639235777927597
0.4859779148965662
0.7580081685199113
0.9448936257009121
0.5747836264044375
0.5154213982698665
0.5946845766580391
0.5710521275902566
0.3279365062007086
0.6054509079382959
0.46928822849275076
0.7122764209478767
0.49010395225913284
0.4415117502039927
0.4838076026481649
0.9219059775341927
0.45887533548369897
0.9156899627596622
0.5922454275988089
0.7778314140592161
0.6472429716073747
0.9243871194372284
0.9764346607384502
0.7553827554011122
0.9819578792730603
0.8248657046733652
0.697677214605412
0.24531437424601524
0.32631632564352375
0.9626119806440712
0.8813248411782821
0.681825559041789
0.9474181771194102
0.7846598654834145
0.5691083879059576
0.7815158002410838
0.8845493458977851
0.9688792068532186
0.8429816448210933
0.6537042303130045
0.9071109018007018
0.8130286069247663
0.8987691286004216
0.33332243766010544
0.7149778717803007
0.8114210759358795
0.8215064947192445
0.9891968980674758
0.8883338109982346
0.2744736373040647
0.2948961829431661
0.824242554368239
0.780820650191884
0.9335715788695684
0.7196940471016557
0.9952840643227575
0.8096069720207548
0.5855839876919127
0.8476723956152623
0.21799315729828206
0.26619967140371925
0.9652882562082237
0.918126838967706
0.6574863098005916
0.7245447333789057
0.8891825025927561
0.6006640558096404
0.6011067118308108
0.2042218574803601
0.7866468204998539
0.9501155506149492
0.44362483149803156
0.6804594844919316
0.6658018777237185
0.17638973552455728
0.7877517612125164
0.5871943034348803
0.6536530827054967
0.5169936613274346
0.47834862608901885
0.7196755664692762
0.4194151149208514
0.9325980926047381
0.6314168876309127
0.77489541227581
0.7658553525863614
0.8011237194308465
0.7537571979030914
0.5539317770584681
0.8807895327104158
0.8774518674470173
0.7660000192060523
0.26337545546351737
0.94510571888725
0.8052299818032354
0.831832821738252
0.5668336548009245
0.9129768053570124
0.8076225908984167
0.9366728111376377
0.5856335528252393
0.7334258166967927
0.8721678052697213
0.8252592250882127
0.9301574942660453
0.93640237233699
0.81235990896219
0.4851854786927763
0.9088407181199997
0.8874770600846565
0.9234612485052373
0.6642024703862351
0.8740689183707202
