0.9442551202024934
0.9325906773499982
0.19164543887561297
0.31179163400264376
0.8378636424585395
0.8636588265760934
0.15382381366434733
0.9575231216963609
0.29856955940823443
0.8948822314481487
0.959050415252543
0.6983372124547267
0.736796781974377
0.0518196486222738
0.03172917950553204
0.9759031579752074
0.8708787986156586
0.038079531185970815
0.22775541927133347
0.10177583437895008
0.5078367782240009
0.78991933931731
0.7142000541443688
0.9525935954359617
0.8094134557512503
0.7624234595684369
0.9399722458663435
0.16225549889718469
0.9501556569442551
0.6727616154976581
0.9325944550947931
0.9621054863667617
0.4878067323652547
0.9826529011418345
0.8180310676018046
0.9736859034817682
0.9574747752581774
0.9776794211901604
0.9033750359153004
0.14959170643175626
0.7698475189764757
0.8012635287873877
0.08010877876490556
0.9979657810819654
0.5616902795971046
0.9436779196996907
0.8719523147145931
0.9966796363577538
0.8342388375586871
0.9274810572491601
0.8470401639091335
0.8026348032392713
0.885827000227252
0.7198728174672735
0.14902955809471943
0.913831446793951
0.8899825857644145
0.6312063862435837
0.8385418682708248
0.9881077828906697
0.9561368709405642
0.696584383196436
0.9347901613407763
0.9634760857970422
0.44664280368985376
0.9590479256176233
0.13731556462506317
0.038569375593895415
0.8730726201077517
0.1505272957378359
0.8309205180658711
0.8250441859962856
0.989320364838264
0.9468316055384287
0.7222002280995078
0.891158247012389
0.7956123856642879
0.3169502477442192
0.8283004023829577
0.8078927491963354
0.6775689715929212
0.6381985222546954
0.7305785948279955
0.9689064524989965
0.9596203344715891
0.7391192972654879
0.9555135057306247
0.928910242778654
0.8850899619930024
0.8803658782789752
0.8983522456615565
0.9867054896367022
0.07158087632555787
0.9747412545973966
0.9313155688723058
0.9376491100540584
0.19068281676107768
0.8401719380908672
0.979765880419041
0.6381271251353466
0.8154686734771073
0.841706135390353
0.9482018868571261
0.998019180576599
0.6370226119769465
0.7010092646235577
0.7920388999220146
0.958193959186187
0.16150588219914358
0.7893952041597787
0.8689149464333492
0.9474474186848767
0.8330498439814151
0.9612369508901963
0.8365860241520802
0.34521962985313115
0.9642626844913771
0.8993640369014665
0.9326666708499198
0.45059758187107934
0.7849265478755967
0.9383597569964461
0.7971674332159376
0.15265699518167514
0.9779767443640472
0.9024130075872377
0.13053992329668293
0.23671409585620967
0.061430716728228626
0.04140383018153551
0.999690567692251
0.19047914608358213
0.8816111948009662
0.4701126814705473
0.9954512133178383
0.9123350888677706
0.9272480537833634
0.508734913209252
0.8445854671977414
0.6435572488070191
0.579821050734
0.9910757311990699
0.31173455353725904
0.7842448420787432
0.8011696801060751
0.3096581581597892
0.6273588924953737
0.8814199530658237
0.8143800037878397
0.3998933273301118
0.04015837399220512
0.7541975609267509
0.021115627790742716
0.9432408386600155
0.7334014446134318
0.953547515041711
0.9969678331714681
0.7512811124396663
0.8431250256048923
0.8828552521148307
0.9878659017143937
0.7991543309742636
0.900199203854249
0.8240497327475952
0.9850720779955301
0.8698856360817322
0.8658843669737906
0.9907873990897726
0.8980723051778787
0.8792241336667703
0.9411466485820892
0.9465663346079378
0.03461192023356535
0.9104429488274123
0.8120823450727304
0.5373186397528484
0.1389618561794943
0.8463358263477678
0.8489457414840769
0.0776537314068847
0.12370841526489515
0.9441274172967925
0.7530309289917099
0.23223345151163347
0.9761013589045943
0.08311189324860034
0.13942939983133673
0.802017251762838
0.6147109348033644
0.9490969899366879
0.9999219407995832
0.821847910283497
0.9322979657730084
0.6952055160219959
0.9008023351210558
0.797024145835362
0.04822735241541401
0.7374592827645818
0.9689493302140103
0.9337071353572235
0.8674588457118659
0.8867610030746463
0.30038142741111074
0.4625621212396679
0.9837858801615464
0.9835441200867127
0.9086242427350716
0.9978339779257659
0.9457418196206682
0.7146595093636434
0.8965509096885081
0.19327156511200191
0.716314805470454
0.6840916670767763
0.7277606375691306
0.8418383952052757
0.9753349490672545
0.6959281347182115
0.07356000285957394
0.9613176433302552
0.14110206244950646
0.9830575776551369
0.8629789780177504
0.9899444500474062
0.7399729999610046
0.7539615918504298
0.929722491514748
0.9876486647390601
0.8274824983591191
0.07125406073575519
0.09663236012502509
0.8942073841567735
0.8522338104188023
0.7914773501119045
0.8236113021743272
0.7950695382878759
0.8343240711462475
0.9506882073616623
0.7952103555571269
0.8348859782043545
0.9038873167458086
0.8548913484868172
0.19317592881693615
0.790799471769909
0.997688797547174
0.9760433746514054
0.7521429357926157
0.8482026450710649
0.7942706104412793
0.08438055704323175
0.8901457491308029
0.8076388214790848
0.6663452812521177
0.8967258238444519
0.8478995053519716
0.784092266443866
0.1541804053549667
0.14202698811315012
0.7615306982055278
0.12707730689815588
0.9616103122601293
0.7529474804484896
0.3752578800429386
0.940868516896137
0.7337113982253738
0.9226460249754238
0.839978004027074
0.23759579010043408
0.4109809566704106
0.9431837096947463
0.14638913699096487
0.9310570048406408
0.12042126710668599
0.1929950644172621
0.5638732973587782
0.15733124985531766
0.9824877871674056
0.22384982513489143
0.07894777712521649
0.7962116290060828
0.8830930662865932
0.7674177675645384
0.3862568382653697
0.9940063735671116
0.8561780132506603
0.9371206438774264
0.8081989896730545
0.9419326464102016
0.9548414716061788
0.7788125526142442
0.9767412445641876
0.8921120835755529
0.19117955139063525
0.8282307159447628
0.9484523336499369
0.9625110901590279
0.22415717272114194
0.03274678040075656
0.050044953094653344
0.8036495952638489
0.9994228589089126
0.7945839816564311
0.9113500773742165
0.19660662129553108
0.5066768406259872
0.18176995447651087
0.07937076667593351
0.9918650327521533
0.41813506008686796
0.14588530529817195
0.09774794856211874
0.24054497853093276
0.9326104440408388
0.11612089952062873
0.9350830130281984
0.8605505620090611
0.8520454805238904
0.82468335722359
0.10580817211560777
0.8839166537969098
0.6137829684598415
0.882599781460921
0.9362944773953672
0.35665356743303167
0.9156222556629561
0.8863642941658865
0.8936851136015111
0.9332340961208341
0.7277733817337928
0.7145578175671378
0.8356102208635843
0.09319553790318891
0.9250909914606026
0.7906054672090947
0.9029581255358803
0.9962171536013057
0.07355026625669556
0.9792799080455825
0.9880464779349436
0.8055420838670324
0.9466946338851747
0.8170972804277639
0.6805469522400769
0.7297371432332992
0.8859682094126892
0.781734723060707
0.9333401738971476
0.8475635736492768
0.9375676580597114
0.9249855378565373
0.9824210461022858
0.9352708633777218
0.8650129576962307
0.7057508293938092
0.9962887027226283
0.9544686304945671
0.9505404250803602
0.9098131315793523
0.9137245624322079
0.06507685838839217
0.7124133023815419
0.992308263115727
0.08712510895706613
0.8914388039828118
0.9726768182178143
0.5045809496733604
0.14950220503063427
0.9502495018574648
0.887789082941699
0.9860527595779945
0.8780019760846968
0.07507122646750192
0.9030191850279126
0.11912766701340995
0.15450455067483432
0.883709677640371
0.8010392675824779
0.7164452454594993
0.9404644239295236
0.8002408675344774
0.14364968775627657
0.9642082622710095
0.26113895437867735
0.996872318523978
0.17855628459478462
0.7512981030818158
0.9020652721110148
0.15589724116567508
0.1692446142712515
0.8310348732750612
0.8590059308762055
0.4088305933369109
0.9316743900252361
0.07301657859650987
0.2669806110934204
0.8825379565321336
0.8865070087361699
0.2963701170596542
0.6248233792552325
0.10292127447136883
0.08433883989089286
0.9731420942630747
0.09697719133956856
0.8445069547920577
0.9969323736958062
0.9703096593514275
0.6763839258002032
0.5647091719982786
0.8022560727919341
0.17675142854555906
0.19908234104628997
0.1368749441891864
0.517840305308772
0.8744925082703098
0.966191425743617
0.5296997302576957
0.9527964730133776
0.6537099119068666
0.27016241406958785
0.6137261389243474
0.9873720556669524
0.4411141334983151
0.6153659668707275
0.9577681634361994
0.7197421847994497
0.19845466734630857
0.9629158052719895
0.9640652479584182
0.915937547061032
0.6772881948504879
0.9042427655515434
0.9217150975835777
0.6010666450421707
0.7231675253093933
0.9151428781933566
0.6500442210042051
0.7028426239671652
0.9834123611364328
0.17537519201338336
0.08124993459253413
0.8910228354719845
0.9305056139535516
0.9775352390054738
0.9417452598523213
0.9033262400095561
0.9424444187730854
0.06790793482548534
0.8603726197032369
0.9887054750394779
0.9796908781969649
0.8953673277002354
0.08494750988421837
0.7932487258721137
0.9344619407316055
0.704730915485728
0.9118111538627183
0.9816292477042967
0.644717819877193
0.7067735101110706
0.9926053521293904
0.9958692328130607
0.7196762031930966
0.9507366546388237
0.9777161663391728
0.8375447208082256
0.03410500757332703
0.1730458865068943
0.8651017201131226
0.8922996663021728
0.716949199074911
0.9818277989316256
0.983960335570281
0.9502232306276006
0.8478898097275739
0.8168810080062319
0.9559102279769337
0.8471457909872298
0.46627995905196207
0.8960098758888901
0.05226733594143436
0.9568438225427474
0.07048699814903653
0.8377778412953604
0.9753714265920179
0.9986633655206972
0.9172079639534954
0.9756412880215
0.78667319080664
0.04959402966819032
0.7896677434293725
0.9912364432743268
0.9133858619495538
0.18046429945537282
0.8575404921404273
0.9519459778562538
0.46730826814550885
0.8073671857681635
0.9264797795690888
0.8127953023663561
0.8302562222759784
0.8877875723982404
0.6745325524338986
0.9646907318497338
0.8512527112083169
0.7141788819911503
0.9931160130893111
0.6900578570149292
0.8570543629283787
0.710964004518396
0.8804946192904475
0.8113799955178713
0.723719871240835
0.1480357387703735
0.08410678775832398
0.9320732998186048
0.14411202238543352
0.7680406937154709
0.3335341548506159
0.38221078336133296
0.8211704084089152
0.1946625545678553
0.1976839994350632
0.8562497142025149
0.2755225859567433
0.8335430531992667
0.28972366970652474
0.6420382123880914
0.6389178953155881
0.6325294019759126
0.9705639027062728
0.6611003370542177
0.3319887362199763
0.9974611765512109
0.972085783877022
0.9786557417184356
0.9115426653258324
0.8636935369712552
0.08394239527339308
0.29551305843472964
0.8702100437892433
0.8246976465992351
0.7777365237935565
0.6936916417197962
0.1402987128722255
0.8638003526593967
0.8959846038158905
0.06466212440950067
0.9660864580077413
0.8543268924200123
0.4501002634787704
0.5604078306965434
0.9686554562847365
0.7786872306749318
0.9072091960482236
0.924311237805556
0.4764793131363685
0.8618904328166332
0.7524666457164411
0.9857855948503784
0.8783101768479835
0.9548260619250247
0.1143638122742186
0.07945685321538473
0.08943542055108525
0.2430556782417186
0.9776810215403771
0.021939365107810062
0.5361555103114715
0.9839202750563334
0.9254540669386728
0.11880687176909543
0.611235391401088
0.9761870360499425
0.8702562335239061
0.7536634373472553
0.9226119606081047
0.8372457314917362
0.8747890276989014
0.617708903796948
0.9871540138996778
0.9576870379430507
0.9859383496574355
0.8625997529060999
0.8385350919665684
0.7687319638631958
0.07881005165174416
0.9525749999027492
0.08143862457831946
0.2604769158967677
0.8860562865940158
0.683900450030571
0.9969381109395162
0.3341253761656401
0.9199059868988391
0.8764334355766914
0.7839363656883744
0.9688560577596292
0.08410007600172892
0.9280592518697464
0.8096181509994944
0.047985804020804323
0.9129397775086721
0.7985166907809769
0.09530669906378003
0.053203403428507
0.9279879319219461
0.939328122789965
0.8963914372949926
0.8013325023557771
0.7212598972526094
0.6346782412803101
0.5443913531762976
0.9954680987445357
0.9261768768848364
0.04483243913079772
0.9929020733007209
0.7674174617848533
0.7384259834302587
0.9825283350254892
0.9405233413964018
0.8771571755537448
0.6023558079645432
0.757752570085972
0.9447547057641112
0.9757997447840066
0.5698235780884371
0.5874851623019852
0.31118169944264595
0.8135668890974117
0.1521827076657944
0.16413055896077494
0.9398866513135672
0.9239124759351469
0.2696488309684002
0.9894472677697326
0.772551822904103
0.08289964156754911
0.7044014130985548
0.9074505795459084
0.7108823152473898
0.13731961896511063
0.8444263779825416
0.5307224130670922
0.7980844304396675
0.5502186914414983
0.9902263317552599
0.9988895141172105
0.5958184686795667
0.21625464546087278
0.6015289674452831
0.9916303822724888
0.46692953120906766
0.07555616315645991
0.8587346712315813
0.17914563724059543
0.9979422181541262
0.06491870466475397
0.8062215672298771
0.8543383748259303
0.8966699950183513
0.3369060067014641
0.9290928126206328
0.959248760186988
0.47026602627261227
0.8708804730066111
0.8850470929453438
0.953423210414799
0.9495595286107562
0.8519463096965787
0.107221774061666
0.7703263077510172
0.6761027887438911
0.891585961756169
0.9414350829786515
0.5995854900182735
0.9717896473910106
0.9212770496532103
0.4514839285437548
0.21400011807533806
0.8374448627509665
0.9667739283526866
0.8079173283779657
0.7990052554589431
0.940686826004111
0.6714534396226112
0.10641050784998936
0.1416028796785565
0.7690750969535256
0.4991553098310121
0.716669902585835
0.8217472368752752
0.7214204699268992
0.9852062820677974
0.917542113779883
0.8076087109892818
0.957070070386749
0.9680231805361156
0.8447273414251077
0.059256838669715574
0.8600449608556824
0.9830785779616307
0.3130115549351677
0.9831469544748059
0.9050488496791171
0.049020939634440736
0.44907569042532935
0.7794944654732825
0.7687761212860593
0.09261620702475823
0.8163531180550527
0.8466901488204586
0.9706358036407421
0.9335980469876697
0.5873470666938654
0.9466771963448579
0.599470423129609
0.9004710139949956
0.8693622521443768
0.5978206658186842
0.8684897090200727
0.07694316182371375
0.9950042919412582
0.9943516882144328
0.8383525133483186
0.33397972680601573
0.987391056573633
0.8307725182123059
0.07998343555250059
0.9929937842000933
0.11472043395901205
0.8976863320887287
0.12990644524661937
0.808171168738593
0.7437305032774231
0.9858972402046755
0.06884536241620069
0.8237325148616187
0.5297152371592974
0.033697238347726415
0.9026047236587802
0.6784766207773467
0.7892105650232799
0.27559727097927555
0.06543616617003196
0.4562845113218785
0.12416165616635516
0.7431312819459162
0.8807035128682279
0.9456443004034047
0.8224784671028811
0.6043068453182743
0.9003710419244723
0.9888083810273807
0.914631479441789
0.8856370921745713
0.8701392498962071
0.9756964454607203
0.6886945007149994
0.8325570716729953
0.9841403647928866
0.09625573732522015
0.975083522143543
0.39182707975458037
0.8608080343203771
0.809833450319059
0.4168686891507991
0.7246054394914314
0.5501097731333184
0.756639897914887
0.8053507515379188
0.7725119136197839
0.20925737469400368
0.1147442892206911
0.5376504902317192
0.05219574265975739
0.9633797030116957
0.870047326054436
0.22117619553637408
0.786409752426114
0.8376534009822536
0.33717812017352444
0.9415533926789736
0.9144283384046965
0.9038771846837758
0.8245550831153806
0.7778779255043771
0.7141425582942115
0.09861764595975168
0.7346852294652191
0.15788900847951948
0.041258499610212857
0.7855225501968548
0.9200037462797219
0.7225395357331954
0.8716247831721968
0.8553348105663752
0.47587687261938494
0.12282861992482044
0.9670208729385599
0.753044229633788
0.9997082866283895
0.6448168774936434
0.7136439692005208
0.3188995808771231
0.9949074373445141
0.9426860654503468
0.9550032987450641
0.9417348619811854
0.10690515252817984
0.7184881389584702
0.9460660295597544
0.6999381940353198
0.8710601896270257
0.8154786908705833
0.5735129122965815
0.9557644597293347
0.8347334638586428
0.8741230173990273
0.9399342766099082
0.8813129219994784
0.8444758239455277
0.04420003851815362
0.9365709996408231
0.0786455855082645
0.06705680446613999
0.8143448594721946
0.9771319855865461
0.9810030420640141
0.8124176821627925
0.9952815173791947
0.6954974749159553
0.8352060295732529
0.6831624355595132
0.7997097888893936
0.7326356753761198
0.9240095253091993
0.9236055425717624
0.7548059979306441
0.7205734448037402
0.6383550555574791
0.9554652435795499
0.7016003484700056
0.9337288099208545
0.7791457638872064
0.5837190845750357
0.9940493671489155
0.8930034667768978
0.9461776838731468
0.9108097432689823
0.9832594325065479
0.8165607730302651
0.905214426400146
0.4502275329822747
0.763548671366417
0.7303802164955938
0.8434304755866353
0.9355664919458679
0.9287851717685528
0.9434021194687268
0.8348628534099558
0.7937184191686253
0.9325847260882014
0.47471492148904115
0.9587452150822755
0.9560126236376643
0.8816913546810279
0.9868686019252224
0.43640801568485865
0.9089898044363418
0.5241275312584037
0.7930427718945592
0.8851571668029153
0.9976682501567224
0.9636694109227522
0.8367857331907358
0.8662334519743895
0.992636404422838
0.11142356523209825
0.9375967701252923
0.6565581749218462
0.6364095638415922
0.9236329483036609
0.9284039604236693
0.9788588462763235
0.7695041698827155
0.18250754995323634
0.7176354226128241
0.9995768307545383
0.5388854238284683
0.14384706180241014
0.11007253809141558
0.5570637850806716
0.991153112772903
0.7933680146197245
0.9836426176679749
0.108004421123178
0.10685918831865567
0.9980124950356488
0.8566446925337671
0.8744629117253916
0.7000907478384051
0.0778477605236201
0.9247889044109394
0.5164202612635668
0.8742424712898156
0.09419573150851117
0.7840210282403658
0.15147811285594764
0.9908505887367254
0.23645037470513736
0.21932401572966298
0.8474602499524251
0.9080062834941717
0.6259454143283105
0.9263832979306398
0.9699431104385433
0.6529534443764561
0.9546380134828989
0.1456331083921769
0.9067708087801258
0.33045948004080195
0.8670318511077417
0.8325889069679253
0.9605107927402352
0.9562580221043342
0.8807912639343021
0.8980719857491424
0.9265022578073239
0.7796783300422818
0.9380619588318734
0.9115448118767766
0.613661519487112
0.9996218160284802
0.8961375104563918
0.18841914197818035
0.4723447452740255
0.8705095027009495
0.08455719796478525
0.9899590241104632
0.8849648307389086
0.9624780949467251
0.898607917850677
0.8446993939690406
0.8430116612288843
0.8065951483613266
0.6757260142285773
0.9541588357603664
0.9925155604574143
0.6429688611603217
0.8584125397117977
0.8968983130497046
0.8891358772979419
0.7247608779900059
0.6983394218395429
0.8677219856752489
0.03992899705478328
0.9557934417580563
0.6442237065194831
0.5131282159985048
0.6781049467614346
0.8478819068600996
0.7186913730203686
0.9349325491478291
0.8353437395709153
0.32040235958004665
0.6644846135878222
0.8274318168217358
0.8546845087555721
0.8020912755110476
0.9857888680244336
0.8889323926038674
0.9103183668730129
0.13585569140133485
0.9923213636943959
0.11435773021393598
0.7578244808366565
0.8135753858919391
0.9534329414159701
0.9000564154931994
0.8634931803250381
0.9165715935698932
0.8000801933885047
0.8565714483880684
0.9108352731206255
0.925700271189579
0.7913592993987756
0.9822581130335876
0.7549185588804879
0.9905787812030304
0.928824145086474
0.21244247686548443
0.9070979954921291
0.7446558792336158
0.48790169368369685
0.8039017418614334
0.9466434920280361
0.21283709466984513
0.17772837860261229
0.14910395539886495
0.7714380939008323
