0.38748884546862383
0.9375520693681727
0.8021923803685655
0.05894726247369117
0.8420658340129661
0.11642733889486373
0.05459457295461881
0.7813024762019076
0.34812421301848734
0.5884925184530542
0.12158744069196507
0.26951995856731803
0.06165247868560719
0.6637589842849783
0.7731399787504951
0.767037673555628
0.4869803938455903
0.07483620748377245
0.7805973231457362
0.887033298267004
0.8548641308832768
0.912250294462698
0.6818904874086065
0.8247246358816646
0.7599154957507791
0.43807185557392186
0.46777472386831986
0.6059745184217161
0.3198355250057959
0.028065832442839916
0.8466866548067805
0.9083308931731591
0.0492409503103391
0.12062829777058096
0.9434739830293319
0.049774039257377424
0.973135053711159
0.053222281065776304
0.8318759495954067
0.08225010241929434
0.17464160381226881
0.5221351413254545
0.9243679749572771
0.05684162226168042
0.038878606296261345
0.9399008254192376
0.08218285883536966
0.16551397788271063
0.9832679731649535
0.8440010857812366
0.49102000231233034
0.26469147306399693
0.7639948740232507
0.06806575691324848
0.42021408466558086
0.7111493262872826
0.9108711278294095
0.8940177001197331
0.8146512766066909
0.02195385608096272
0.9564582467962467
0.8532008877110777
0.7775865389865282
0.2230263642208005
0.9052510931278074
0.0872015870607657
0.7163095650422291
0.5064722784183485
0.8674625087200313
0.4571951233159484
0.05805817092506986
0.03250188535638778
0.5130721381559494
0.2753659615832777
0.044608214896368584
0.06759439841716335
0.4783907398986362
0.8492295209482255
0.967428002410141
0.05127779997525836
0.735346433644669
0.5655615487980665
0.10986163781706196
0.8213123624666033
0.6648162786307901
0.3732594552153742
0.6311985977709758
0.6145171772757307
0.7777960132256834
0.7452455573143152
0.9953411129315255
0.2342011446514941
0.06127770286130092
0.12389993113860415
0.9800809935248356
0.9045319951263973
0.8254841585574353
0.6499896375552481
0.9840698477575018
0.27969942368801276
0.932324610835235
0.12187890840668625
0.9871815607508854
0.1268722469037765
0.8949431404807842
0.8894355392584413
0.10041309613712736
0.3626763461096819
0.744513802942064
0.5404688879535454
0.9755420646511301
0.9466656075793748
0.5475326410407745
0.6188803150654675
0.5925172089518171
0.5726609031255794
0.6963779646206487
0.8078605501905644
0.8848890060610372
0.1086888763124075
0.13802255994094256
0.8851603049335729
0.984102954903116
0.1527345215407253
0.02374861964909098
0.7798751239698634
0.21065328245133955
0.7726887251310062
0.0881683329526308
0.7537625563518249
0.09949864143687795
0.5156486980922622
0.16991071069100844
0.11123341379198898
0.8728144587683679
0.8519950287972422
0.9297338652852879
0.9635765920896227
0.38735618397281707
0.5330971277591763
0.8572809838438665
0.8947247131565773
0.2653351626066271
0.2755223783813394
0.9953748897536232
0.8534943791562091
0.807428318453942
0.796345023328658
0.37993880313376993
0.27120609532385986
0.8399190060822106
0.026772893062928474
0.725287104201581
0.8446157713080431
0.7949740043173766
0.782612470417968
0.6609490481911757
0.8268656347676375
0.4926074558281356
0.2134588555977857
0.8207155481613141
0.11045671348645775
0.08736398901213994
0.9895079837941572
0.7094976942716547
0.058980597792270696
0.9804841536328729
0.056990591176969016
0.11253365479277386
0.23716299824790504
0.8591796142447119
0.05382940767676617
0.7685313326983132
0.26754584296841777
0.15558171288234257
0.6942494882201644
0.3420845890787474
0.6856817432298312
0.10954728907177877
0.9033871687033275
0.5236634531389684
0.12847958582581248
0.6656553969472863
0.9026495981071547
0.21382064887719243
0.4432312552003058
0.7019743652652728
0.6713736088137707
0.8738346080396067
0.973446132719545
0.3847806181590948
0.22449905152595742
0.9455292480339825
0.20614731728886904
0.707093779723386
0.7418217588556293
0.9847733277937999
0.3949916905286478
0.6875819049706828
0.829027964546943
0.9045254783203743
0.05206288554776467
0.06535635769977524
0.1183111945106696
0.08310145667700655
0.79213331965144
0.6982272020872169
0.03787841665592166
0.22496201711866098
0.03518712559084117
0.9544192129363107
0.25763441147193983
0.587205491077561
0.17718127796095148
0.4441462083482003
0.8761239655702968
0.5778988326288145
0.15382118137046202
0.047998573152285534
0.9924113294967263
0.12415405241729785
0.288862734910051
0.5279264933178666
0.9637198064080075
0.16744414772114619
0.8778005139877918
0.5346142153064979
0.176109922469386
0.24549370858054978
0.6492797202033718
0.8127883477840261
0.5456339085872739
0.807180755456679
0.046465566347304296
0.23813967636426897
0.9754095622120147
0.9988641397735696
0.26602056351529124
0.843889742553347
0.2858197091314931
0.7440772754331011
0.6688810258081319
0.13061702602864833
0.8999906228387505
0.96327735589398
0.7996373366859366
0.05675930053535977
0.9856840023125278
0.9615185354011361
0.03070422756900332
0.32430935777014736
0.9804934274891592
0.9983695944395727
0.22705236994482583
0.056788836598226894
0.37294894358267705
0.8760825017259031
0.7947525598311131
0.8758870407917133
0.8386455462907388
0.4554790019645062
0.9511967017446761
0.8024664623457336
0.923594098214217
0.3110986436287247
0.8942061237350004
0.3659230306596198
0.690018674921814
0.7852666613794539
0.9958216804326603
0.7578278155490856
0.9822217477249952
0.13885651168672108
0.27102169895897854
0.0896294170349625
0.14701157989734628
0.1354743656727056
0.6485491799661927
0.06470498452194655
0.059252995638721134
0.9532375670303268
0.9463829163743405
0.7670768434894668
0.8635958699655102
0.07878180136302596
0.7808450383082312
0.8815759050086402
0.7070487677217011
0.8761826576414167
0.9854913515248942
0.06120930768050721
0.9428793856497348
0.05473203519113665
0.8033381056921796
0.6775281910236405
0.7337761420459018
0.5697156060236299
0.7572317209942332
0.8732825731476044
0.10485840340448943
0.6837557503410059
0.9235971571010937
0.13662048233543223
0.5772260221558433
0.8051132585102736
0.9703433363619138
0.543956765360305
0.7912106139556273
0.6335718332967357
0.67550104688973
0.022836282253819
0.9246504897781695
0.1804038397425551
0.5470824121755125
0.3056087572699576
0.9380286926156346
0.7027192402143616
0.7196713454122614
0.1971725415876209
0.6741437544262788
0.9224458044402187
0.527290460029863
0.8428680038148053
0.11304368477531929
0.5017116882025247
0.8620779529332182
0.2650253558098616
0.5778289349207374
0.09300466821764877
0.061292398772178236
0.9280534720035838
0.0924890153284216
0.7072155987254316
0.9353163471176689
0.934737404877211
0.9884596963321335
0.5975168267149686
0.7554400506165683
0.2670150339712225
0.8351418114531541
0.04761205977242025
0.34964661388482005
0.6532389128637681
0.8143356154793187
0.9817164153666895
0.8482535709190006
0.10505675141596713
0.8662509032281591
0.32256101853327207
0.975147561491111
0.7465767952526011
0.9970312174877124
0.3206332364590194
0.193954496009591
0.4683332988973162
0.3820627526336853
0.2847655572160314
0.887605508661084
0.5764040636925445
0.7122279075123137
0.9601445696104849
0.4050511118832921
0.5791456152089561
0.9602484455638234
0.5998571465850966
0.671983001030215
0.7254267103264912
0.5663211021782365
0.4908399900098678
0.75245324965896
0.8280587952965787
0.8088063261354951
0.27132243972706815
0.07661733865795507
0.777551153195602
0.7769519566643812
0.5902274119428347
0.7503530560082896
0.40877588419855837
0.867582981247947
0.615655815599133
0.7924158938024145
0.2745178875902284
0.052559260473974176
0.0554577053219054
0.9541986886810534
0.9218904863129547
0.32751610328719083
0.9296799473161258
0.986874733505952
0.052658900576687734
0.7607883390721437
0.28386536423143705
0.9716935795057526
0.24743746073422862
0.6385980544913525
0.05925014849804906
0.6045602435004942
0.9091413517058652
0.6372229099868573
0.9226957594127823
0.29589057834100896
0.427004918063673
0.06921068202768796
0.25245004755165973
0.08852341156194383
0.5593381420154027
0.5985050165420421
0.26438943453194463
0.1387621899188483
0.36332510247772953
0.5865260834424111
0.7101853933563473
0.679542106160776
0.9619108820697144
0.12002570397513021
0.8722964290879818
0.919592244339902
0.6423790567032296
0.07699807855884204
0.7552125659787796
0.22710192459845263
0.1065796074971138
0.8649593290506676
0.79280870458208
0.9510807960944316
0.0633482561147054
0.05523899959765667
0.12521847843369383
0.9344842550017378
0.6826934244880234
0.8228434895000367
0.986469826328632
0.1361462924011468
0.8098141459533879
0.1526799379260833
0.868249436514027
0.15188001783153066
0.9298494092141985
0.6650709743764638
0.5414562294375651
0.34113645232463186
0.8563937487121303
0.8329202633545746
0.8846705043224186
0.7456542692527666
0.19825810661192028
0.650317439701579
0.7768464657645711
0.5945021243481744
0.7574564564750372
0.07728407520480253
0.7963497745033987
0.6308989230274659
0.9707134073138015
0.539670709742075
0.9181296388311734
0.30041969944605584
0.9094943492981296
0.10908195608776733
0.11932086602321931
0.7851311695332424
0.06417816232784349
0.4493686792981764
0.5863931430481296
0.5523817216566224
0.7256680327830758
0.9456119524403339
0.7248841037692232
0.455787321789723
0.15213263387102988
0.9745779693445727
0.43305330851382956
0.9409036862730742
0.05319721913522238
0.9312101528334061
0.772114051695443
0.543279707544256
0.13386723320886368
0.9946664764432189
0.0940588759259383
0.1030782365357869
0.8304093077119543
0.9422158630086634
0.8117842749639397
0.8751128593479534
0.14811998632105844
0.8299143841926797
0.9349135045088454
0.7927020293589125
0.11266052662866617
0.7307650419136755
0.7797249960522757
0.08384726336823543
0.8036659130728088
0.69779987518144
0.8742298041553074
0.3479388299329066
0.0848673561649776
0.0474361177658043
0.38516939734478006
0.32563264997864416
0.03688386305283462
0.546787360263847
0.7227265273491601
0.9280256678736463
0.16450935516083487
0.9701734050543436
0.8915290948008852
0.7540373618336438
0.8969959737620009
0.12935739279935854
0.6955241048783749
0.5182785981776266
0.8765274560276817
0.19789327467131834
0.16232653100357225
0.9020331140729205
0.4301466491131693
0.8553071575877347
0.9960270618359586
0.9666340792541079
0.2224249745330653
0.6881712106908551
0.7055018523178643
0.45425239671132916
0.9454008797964294
0.6141919611032165
0.9773113263058189
0.2591779721805012
0.11408912069289845
0.02907390931647455
0.4528148502123925
0.10151267463567251
0.9524286276357714
0.6038125149316188
0.6386239470396751
0.09061961904085686
0.11295007754166979
0.4792654284768607
0.9310291114812197
0.051685252465394904
0.9866568931785855
0.3895620454973685
0.27642197696341175
0.9337147465348481
0.239783543620196
0.07281232827262649
0.9801615971054147
0.5964785782898874
0.9657668001453248
0.14985315573577399
0.6938117795281159
0.4346558295438249
0.07098350853923727
0.4612020111936715
0.9400988563722783
0.05307871790755748
0.8058633070944901
0.24998042475518692
0.4752385108079801
0.3558976751301254
0.46790006408426094
0.478870542808155
0.8744385928618241
0.7493868566689037
0.939897441566149
0.22503976452012042
0.2546986081530216
0.8118615700984365
0.049324532423305006
0.07232132704633734
0.46661940816352343
0.9774554421907776
0.12433870035098193
0.9350455431472731
0.2690879026624936
0.9105621047985394
0.8482318024615031
0.6079575491219712
0.702536800739801
0.030209636714278874
0.5763157335038338
0.4359947273539875
0.09659284467740575
0.8933610064292905
0.39539902582648206
0.10331451600922786
0.9611995916527064
0.26149834435609953
0.14843187199138969
0.6466559459181584
0.6004981584912775
0.997048500332947
0.6818424697128187
0.9497154631792837
0.17993191900170105
0.5618974818083777
0.8035554351002662
0.7541835833343007
0.8829483622047254
0.7513466727869142
0.11524642297474534
0.39424951983123957
0.6248295917579421
0.8458715169592166
0.7802032955483557
0.7360753152042804
0.042454542427489875
0.8944541423814403
0.8417853382769265
0.133186950975376
0.8995531416852377
0.3291058279045899
0.6968339704425776
0.7365419625268324
0.9569669748170997
0.038124119120890795
0.9466482289152851
0.9225818024731026
0.6407363234343595
0.993047064883412
0.6812808269601067
0.9119126225202716
0.7880600236578921
0.8267897149998749
0.3041112785889793
0.9736285810411867
0.10886008681981395
0.9855134307312982
0.8615532554422729
0.4886382572445644
0.5297130166741176
0.9369830615265498
0.42158539274631557
0.25618646462878686
0.934512832364877
0.14163389006262078
0.1386849071608565
0.8444300376228482
0.7199530155782021
0.09145450708136398
0.5938334510648823
0.744046411883399
0.17462993905952337
0.05787442169944679
0.9338524644019459
0.10316144427563037
0.7913189856618961
0.9600470447794984
0.7431335103958074
0.8897575292285748
0.8885950214443623
0.22446300125234214
0.7861099882366454
0.7662030565322143
0.8473188568192824
0.7096340984733296
0.20379451098153611
0.6829691329046734
0.6747681163614572
0.8403271115325543
0.7179278921978867
0.8119785112703111
0.20263498161620894
0.7618296134609895
0.045061628544343604
0.4708539837764587
0.03987690259319303
0.513099604098872
0.7464614020389879
0.029207826771234922
0.8018201005704817
0.4604430403869511
0.6569729240483702
0.8206663343941172
0.1400324091943072
0.49935212786822913
0.6889752792284404
0.537815495792682
0.7815292782890673
0.6336990686576374
0.26428654475373603
0.652859295829545
0.9538703330504383
0.8553354929191703
0.7829556861868949
0.6385909586124336
0.7719227335867652
0.8895299578327016
0.02426299720927761
0.050219465791024404
0.7884524328194289
0.09123040045599648
0.04527937998371996
0.9711459766587944
0.8886103621896925
0.9191286253523911
0.9091536459104224
0.7291404969133272
0.0575617296784944
0.7359325051303487
0.07841716333770149
0.6933681383151622
0.7801395331807571
0.18873039621468773
0.5635179760994142
0.7762295646214401
0.9480300636517842
0.8488870283314514
0.1097321071321091
0.46135498860988977
0.8762482967802834
0.6545083661408273
0.6448384402963955
0.06717653518369746
0.6824938142760351
0.6989571579695938
0.13622833589427263
0.6591488595242572
0.5951463063176218
0.8915068742856487
0.7500838135679397
0.8466323275190549
0.09846916929584917
0.9684489988600373
0.8787994711672081
0.04567468562310563
0.1609677449508235
0.9380100420962119
0.09465399647199096
0.10518424805202811
0.90144857376557
0.043708790992823154
0.9061561285210173
0.05136681803630219
0.7645713337446429
0.7679366266995286
0.3361379278092481
0.9697893069902648
0.6217286254433435
0.23678014203506056
0.9937423325192443
0.06541715967512253
0.06500768610701846
0.9689067760225454
0.4066058051245793
0.14932197776847828
0.8074600381330803
0.8934723946239069
0.12931514001926978
0.5265492825007876
0.605130884573307
0.8595959711561847
0.23221175331825455
0.09328948970007445
0.7990598027220952
0.4607454693806711
0.7542544780627827
0.6554842643329164
0.6610814179165034
0.5313658762529
0.5267738432028397
0.2926219444523813
0.15121224739229816
0.05832803987548216
0.07437530336875418
0.6136297826131083
0.6826677372117885
0.6804401196994457
0.8683416755378714
0.04875712848091582
0.06457264443950529
0.922608814120482
0.6309307140071198
0.9961190673816092
0.929975611958778
0.8742903343463413
0.865779726572868
0.9410336068487317
0.7217782724662927
0.7148604303387148
0.12810400264303207
0.8064966394928043
0.1421474274029283
0.26397315354058615
0.6430090242081831
0.6947968435022598
0.06623528691847262
0.8824821976791973
0.17328936723257315
0.7880427381107173
0.8122224593184015
0.16077916839226147
0.778380850562537
0.04384871284252003
0.9158764593434101
0.23579764570800046
0.31585922179661474
0.5279994955526895
0.3779093637871904
0.6302350019223719
0.637703337112529
0.8910919811842184
0.2024821399163941
0.27613383244523887
0.07986071083018995
0.5944734265253167
0.8688919591739709
0.1905741171301909
0.11144151616610248
0.30970273756841765
0.8101481254286009
0.9962083647282994
0.09340077172668047
0.8379512689222726
0.7770800344777836
0.9136734608812569
0.9089963297694601
0.790913989684801
0.9437538598985022
0.14660828850486568
0.9065973009135064
0.1280935190110802
0.04751976277390901
0.8509976451536378
0.8924782754357633
0.8715576701667558
0.315998570084822
0.047718533155278256
0.1990959496684766
0.8197025065995972
0.5557350743736411
0.8816119868644514
0.7855329501461182
0.11253071568716473
0.0888470608578139
0.6709109868321141
0.5673045078118348
0.5374259526657781
0.7814523079770055
0.8493292153015148
0.7953040985672187
0.5349613256663106
0.7046283929773527
0.782007756897716
0.052131614808405315
0.5653636068652306
0.05897068673258876
0.814274677564814
0.059173351215189976
0.28382352342140527
0.5029498591735388
0.13436949387908864
0.6220659688506474
0.19437283770637856
0.4372433922180249
0.393641061674359
0.9308429490666623
0.7611644947258507
0.678568412833991
0.7958424902450143
0.8281841977166533
0.7566033726571586
0.5042041138295008
0.053090665618249
0.06289109107757362
0.6128639758508153
0.7445771435127534
0.9342798286215559
0.8380072973713981
0.519396325446762
0.9396092825093524
0.8054269207070264
0.9360152188564022
0.1743286532661404
0.37503951305920324
0.23417487675598986
0.24654067052844808
0.6364064990997669
0.9437227016761236
0.4601030162548015
0.8681360661288221
0.8683162727724381
0.7635215119196551
0.5570932975035094
0.4156561176960727
0.606954689064132
0.1602681257192224
0.6154533151263022
0.8576912089487396
0.41751022935222193
0.8759363994400229
0.9976638511201443
0.7996655629816688
0.9937627565803495
0.07155207110149639
0.27337807346384313
0.8358564654862642
0.943045963719602
0.14799875680196636
0.9499531201481493
0.1417984173696089
0.8111267652316605
0.5070902104844326
0.8643476533549338
0.7943822199100434
0.6004508189427551
0.29898202095505133
0.8275111605602725
0.8406961579588035
0.8580560531533444
0.1725492577761502
0.3980733206055481
0.15322797527841683
0.8691482064738694
0.8937561293396306
0.6078015786240873
0.14835991984085678
0.326201845799933
0.9186663857863501
0.08458310746177428
0.9498143264243977
0.09696297096948425
0.6557163691700895
0.9157164729341845
0.7907899695378732
0.8030719905028807
0.08377189612631204
0.23409311595278764
0.9821661429939459
0.9013312760582546
0.4748567192987896
0.29566095112479895
0.028358842509776067
0.05555864859949808
0.8790058132006251
0.24022149366965553
0.12064416083249052
0.6994468384120225
0.92462199315289
0.8313955734747022
0.8835676138728321
0.7766629362624851
0.8669887371194251
0.6364723592472583
0.8676059678510875
0.6296522307528244
0.18522095184665635
0.7139022625472226
0.6002163367668684
0.9434851313732988
0.09220365653448695
0.8207246779744559
0.5523810128457352
0.9069136751024642
0.21597847852612023
0.5791764727029738
0.8300685650965218
0.029519611516171027
0.15842958339424984
0.9949250180293439
0.5559738273113133
0.09079194556372168
0.8284496975348955
0.049682316542044885
0.982826418293712
0.11031984004190008
0.9599460885526558
0.9060141656052124
0.48831219863612074
0.5390182989814625
0.6388018478638284
0.6561973741968594
0.9947385775774586
0.19614939202279336
0.4591328348312511
0.9050779124770161
0.9281227569964142
0.09672261478875047
0.24956027094646088
0.126468676393938
0.5121912481803439
0.07003267534634104
0.2055249345562927
0.9234482931075138
0.5377241436740561
0.8401323737052577
0.9191480019277318
0.10808281597445922
0.7515988312219628
0.907183136157052
0.18314273417869725
0.5485317131282323
0.06580640641588496
0.051098539980422755
0.7757795349098221
0.32083640995307794
0.9372909474371954
0.8593833979379714
