0.9094106558430177
0.9613526444403752
0.6309958515185586
0.571455454543363
0.0140134814870787
0.852417276836639
0.003187248711294438
0.388071924849131
0.021245487611196226
0.7654053993835928
0.08183310788294582
0.10789829940951585
0.3041986543809396
0.7492850959702005
0.6593898752173306
0.7434296789643126
0.5113625339128027
0.683461460430712
0.8907611802957085
0.49658288789934935
0.1990136040062817
0.5417629337846479
0.2443869434110406
0.4255384070556418
0.1684986654919976
0.9191061767424565
0.054970032064747494
0.3344783429977922
0.9763989922837981
0.03796135674079202
0.7151771468627496
0.5555876700621636
0.12958845663734922
0.045948817673747255
0.5184861272604214
0.5554782333813892
0.5799070230359432
0.7093007448130761
0.003276967236262165
0.6055976015655391
0.09381268509425927
0.9879719381759804
0.5840214945313865
0.7394660163520879
0.7961092682917414
0.38051655670972306
0.03286287252494347
0.6978202224039713
0.7102248279339725
0.12747108102459992
0.6392980345212271
0.4724143233168999
0.6693998746102777
0.9285104797073607
0.2529985103816894
0.009729233933115415
0.5977296289788905
0.8209325321298214
0.7818307502313426
0.8154371501827244
0.686306322642295
0.8171740574607549
0.2471063876378714
0.5760840725437502
0.1939166542938664
0.4492699576456902
0.7759773109101494
0.09807643680765192
0.02457380072882631
0.3838448819131631
0.07308458822952854
0.5887344572417905
0.09667489303427589
0.028562544744875278
0.6119787178199021
0.5341645831404704
0.5927977952439358
0.7054277400143941
0.028643723320100317
0.6169988927771533
0.8233005180827475
0.6592823138120553
0.47250087607088775
0.46293951091433827
0.754749989569244
0.008633765118107517
0.6437866810758077
0.8667237315573865
0.7048730913344653
0.01224395932414462
0.73503096234364
0.6210749582063935
0.24934662851325093
0.649853672610196
0.17453317195783766
0.3217331693712635
0.04640802323771265
0.6611911602164742
0.4118891468699697
0.6992962783409932
0.0069462169648676474
0.2968443180009385
0.7514546571289201
0.49245342104132755
0.7699389104966574
0.29849674249902214
0.4230827826541109
0.13169250427382762
0.645451027768503
0.8855142793505509
0.7176467845072334
0.710487862948021
0.34512675461563347
0.7987100728110317
0.05323300315758893
0.9240920796202731
0.6125468378476132
0.9381944587839361
0.11980463860240427
0.629123940118087
0.028475483394981106
0.9736575531264926
0.5764890402048675
0.16870287618081617
0.29685890885418426
0.23529545507245253
0.5712115898694257
0.4510538265477114
0.04241375409609083
0.24484667735313778
0.07633352000160709
0.5733976220263767
0.6430861571477887
0.6134367627991654
0.9106697310343936
0.981126558269539
0.6374845688539714
0.65303197227433
0.830191430574149
0.6890716162546622
0.8339341879257962
0.7046887063004473
0.5801348592712199
0.920358726610861
0.10850907937311363
0.7128642043529563
0.4163431248328923
0.8276031074571182
0.9174004252549406
0.7170895780278741
0.989423148214168
0.7317489197829652
0.8153225477400077
0.8729708320400689
0.5179798842188613
0.17903877079792657
0.5819178372778406
0.8548764792615736
0.8691286664358486
0.9538979928625106
0.654639984937042
0.014207167638857604
0.9787439482006012
0.34452211149396494
0.09600071544905829
0.897094784703074
0.5650279979717774
0.03347830434161429
0.5114466458087252
0.14894604997691646
0.37529052144126146
0.16954690370646747
0.0071013141459253725
0.11402583107909191
0.9862230311152269
0.6441618027874213
0.4768554197587086
0.4008651446603608
0.007370823373358946
0.10617000058171293
0.9795031444839448
0.77543411705622
0.96521870697531
0.9345897099886133
0.5085926144807167
0.15011207930411097
0.16283714803758104
0.628170038389114
0.14548354931329366
0.21203190401774397
0.016430657513104293
0.08828276681167202
0.7471837467350154
0.6851626452255661
0.6114799486803634
0.6508503009653548
0.8146484338914701
0.7144376329639892
0.10041535573274793
0.8068252010662842
0.886877545344293
0.7227149477566255
0.7258846774768295
0.07248583300376822
0.05041709386909326
0.8645355788618044
0.3489231782179175
0.8515867634507449
0.9715895484006729
0.8347362329528684
0.8017935650452535
0.23552401649107457
0.4677439927990984
0.8754336631855577
0.3876695314200712
0.11625995868959324
0.7566657064957164
0.03949712727152671
0.7905743363781731
0.048764017284736574
0.6257727109861606
0.19432877699207834
0.9140581417090061
0.998512953593242
0.8021548223936039
0.9457834711344645
0.5712134307888804
0.07950743784055998
0.9142917038152543
0.6555515929988396
0.02530254384951909
0.672595282360963
0.07981792225671408
0.679411732529659
0.8336843811489509
0.017296694343651088
0.42931726630800854
0.6943375897507074
0.8492066259678215
0.43907869559701984
0.9262717042669848
0.6200746220233346
0.6361650465088706
0.47525420880376923
0.6062265303645366
0.7251417091426786
0.43588396965792353
0.40572392312101613
0.8990837867554651
0.8946186566549585
0.7079142609317324
0.11430253576621772
0.546437583837813
0.11314624983414112
0.21431408110451133
0.19222116398178404
0.5196917061188071
0.07932666910421453
0.4072579919412661
0.2141500771131569
0.025637346467683283
0.5002460850512832
0.6971714346571987
0.8722797394819759
0.968351842960628
0.5949484593062302
0.20368642836762926
0.23370361163176662
0.49310292687723656
0.7275749775112057
0.532895979091875
0.9212509433848419
0.04814664222316552
0.7390311827275089
0.384215816948708
0.7074729287834781
0.8391054517658625
0.6347904214830803
0.002791539582973837
0.8377528076689569
0.6564368958558195
0.01374014502373575
0.653695138927622
0.8752780599571034
0.6255936872562516
0.76777028867999
0.898727371824988
0.44873221986588474
0.13334988265266665
0.15201187477824502
0.7481239744545631
0.8755258919290718
0.49590634215375146
0.6581037548702959
0.339197079590807
0.7963176980129707
0.055251738938602496
0.05819614952102427
0.04799153712318618
0.9115910767108185
0.5575509151100382
0.7200872922700308
0.8647204982976879
0.20555628483692395
0.08719241442933662
0.6693038586162137
0.995237808650052
0.07696180306212147
0.797298158646103
0.6813441833342903
0.6060613221898871
0.8234970972159619
0.5007118977275006
0.9349713184982777
0.9561303340055292
0.7824813358149048
0.07283014711549668
0.8926810114822588
0.9244858155256714
0.6769138219060107
0.856887570371786
0.7398294920339465
0.5514218755520985
0.8397532919303348
0.6325514889838876
0.6795990427797887
0.5682815626198128
0.02523051572904502
0.7556519396358413
0.7766609055346361
0.8467368850583981
0.013651193780515838
0.6354772107522602
0.4286090153483545
0.6241226935031826
0.9088638687328392
0.006355327412134345
0.03382322721129671
0.5500774029444693
0.023851865546283792
0.5580272374332309
0.2748012851146322
0.3378340551378246
0.16376149471791135
0.03779724847402144
0.8487146465744791
0.18053107902324636
0.014422477880160232
0.028319144465434952
0.9199509666931429
0.6575336179284491
0.9966919971132274
0.9591021615618778
0.3171196317636663
0.009264085859894921
0.2930142670395757
0.02798441420658017
0.43860599723353155
0.7177937235062942
0.01221028463155577
0.7366734077779125
0.10560587057878905
0.30755563970175653
0.2874373624579674
0.40577350982898674
0.45480307539720666
0.6762571189729278
0.031154020853843698
0.04651003917545079
0.9057520356831972
0.9955908654531118
0.49336822386644325
0.9087659201410753
0.9844647064330426
0.028416328244773276
0.8826844484889349
0.7963914006961567
0.42763241612768715
0.6351941313814685
0.3024613925664248
0.41404419331866493
0.8263504453011787
0.01596383557315883
0.3201952227784808
0.6161077398676791
0.3972647856462037
0.18243401504070472
0.003478531738647317
0.5242978378615132
0.8699380348815468
0.7488101029647334
0.5476436303698874
0.08144065047107908
0.7361911771773861
0.18989072693666956
0.022565771382294382
0.29901295158457203
0.031704415188943284
0.03249296686913268
0.3185802436737208
0.9306300224819919
0.027976358417814692
0.0512000766740004
0.057536348358198146
0.21182469047934765
0.9933411215700232
0.7144964165840442
0.5881388394905213
0.012968778066124446
0.6839584674392205
0.8615069800713886
0.7035065221379666
0.4780210156125533
0.014407168381649557
0.8608326491565603
0.44551747148508813
0.05879837328964988
0.4657872138636978
0.4960137183724198
0.6186150378631077
0.8153354319244369
0.5409289521089896
0.8592502366808663
0.06301892604128484
0.6524047099964498
0.8862309496200815
0.4212819189946631
0.027433108279955175
0.32228399189528517
0.2919077688133893
0.4473867597312592
0.08538043841900295
0.24530938454982248
0.7056114832149458
0.03179083407193224
0.7988247576596199
0.7336015965633362
0.20096612220488544
0.13315176614857052
0.03874175422848864
0.8812933797339516
0.3505953137299054
0.8041887694824132
0.034527938889577316
0.5891125484814399
0.4976500779434785
0.8329861340573632
0.6124181241545926
0.42047786766263584
0.6059228620518401
0.3988813993047563
0.26419967051895255
0.8434764891227233
0.6382590967556827
0.5979066386163594
0.5645903649710147
0.12546921262229774
0.08404042876296841
0.42911533714762995
0.41232927538182435
0.4392278575543342
0.8365403674847202
0.9844436550423439
0.8501402705117798
0.7374145873546674
0.08997440531131953
0.9739076715792939
0.7918607836741535
0.13351153271646327
0.06022171454038361
0.5974357884933693
0.1140258776579215
0.4596200809002364
0.03618154853136824
0.9701173077231771
0.6760338946576814
0.19740046558691499
0.09192275378485128
0.03156731577949904
0.6666941691211139
0.6913394731581766
0.7150072844533881
0.16233353920654867
0.6413294308521696
0.46300306147431125
0.18388208267743913
0.6682166921386437
0.018750197352363305
0.029761232134041755
0.8091658497377578
0.9771493075048344
0.7662579977908357
0.4007646721654117
0.8008709281735122
0.36457553805185255
0.6607788364735774
0.9439958793473889
0.7325455726270766
0.0334399606965286
0.37342977144820655
0.9108004629669584
0.03624688867734809
0.06329074262116041
0.9065285773074145
0.2951843997460778
0.04453179161712528
0.8313416972099731
0.688062237368829
0.7835980010691184
0.5830411275737301
0.6669836221929408
0.6976379526452468
0.8654436366154643
0.49400486122924747
0.5025805727064594
0.07235301321068978
0.16838131060014977
0.7078855862086476
0.7389746613674234
0.2436588991529005
0.8925415502570079
0.2932727791787246
0.6969449770482048
0.46410182667426225
0.5018785797050285
0.773862235537736
0.29733805769938204
0.6534677859741365
0.24888579431478808
0.2766498446782174
0.30545647883357474
0.7957927831570053
0.31025399715767427
0.0591394591729153
0.647763056672058
0.1390417847332099
0.16365429358026767
0.7315276674615322
0.7164465461595404
0.2175010496109321
0.34920552404519656
0.7093107694234664
0.6492205438103726
0.9346883513844118
0.6941218670775445
0.6482888974585586
0.6244386112697174
0.4177396216689405
0.06580012567215646
0.9690080754047061
0.03888284268776142
0.7372332727257124
0.46807016350753383
0.7260255193096407
0.7359517017823106
0.9899542337474168
0.9035430542446328
0.09864627944482393
0.6880171306916361
0.2078024886486276
0.5184638512906122
0.9398860076771236
0.018696444106469822
0.6434190545363495
0.8948347856341228
0.39835151061671153
0.06471480110831038
0.4338840885360949
0.15543378902892185
0.6118851787929155
0.7779773017679901
0.20237222211933836
0.5555030129322072
0.18457842421916776
0.15424927484724638
0.031101228072207537
0.010836575088050847
0.003110650259181648
0.6601889628150465
0.9844480718226255
0.02283315373314848
0.16807151199576328
0.6349175373816552
0.053904789927096214
0.23193918572268646
0.7338555068888662
0.7272811491326507
0.9658925270541892
0.9410096457373682
0.7464723913980569
0.04927412319746895
0.18749795689010823
0.6025353146411356
0.4931492495809978
0.8575739154887487
0.7177404153481454
0.693716578575391
0.7812139508609773
0.633739384721039
0.6323117874573764
0.10785372848593204
0.8204625601627302
0.038684213023367456
0.6857731928806844
0.022038478639184948
0.6172320038347883
0.642056258010592
0.6842483461399929
0.5116007247579666
0.7732384960271628
0.6159380522187824
0.6223153147792413
0.8050983449655416
0.032232100544378736
0.036086170451030894
0.7132924466289748
0.3467436514664056
0.9798885205501943
0.6037849130170241
0.03828351737247361
0.18919283604237844
0.3161295055740233
0.38872166525311264
0.6203321572258447
0.37471187986285814
0.7921971179017759
0.9101505110055794
0.8979057577881923
0.5849031853254975
0.7236123583023202
0.09201632495913006
0.7199497830255404
0.9049778347809475
0.27123900089358455
0.5478600231014121
0.8141676882176263
0.4089015167172648
0.18897204701097148
0.791757362989026
0.17092815992219146
0.321948038091764
0.29284268147162057
0.42289859344966085
0.8763660042183592
0.9652127382278375
0.014100133075553332
0.5977530203860881
0.0543126254787597
0.3339593230986095
0.01806461927460057
0.028429033262311415
0.03078567380827872
0.549819825566898
0.8512148035599054
0.6698312123562263
0.8240462342564283
0.5095159961249174
0.23110864570023468
0.9523353571499211
0.2600458001183277
0.8843175224446054
0.7906526968049865
0.5628639920301632
0.7041330760743741
0.04636267792824357
0.017763002967414596
0.6622529105299836
0.6611972690217462
0.011288800750086963
0.9862202629964165
0.03013604298650337
0.6356856045956578
0.5218361926202776
0.24536553702327676
0.7333712914675097
0.43022569774297537
0.66723126183092
0.16300982422235388
0.7407936450240737
0.6608907440734644
0.29713918629017705
0.29969106841444676
0.08558775854210411
0.5575667269574786
0.19185296732933027
0.5057042548094707
0.5883068790461736
0.1673145936545738
0.0358828368927511
0.05777841047641607
0.9623619860461705
0.6552265296649613
0.35062844264585774
0.02022668704029756
0.9499654775642833
0.6010963369991805
0.6320134181833357
0.7494399527531117
0.16079812150981562
0.6501365315860655
0.6501613386562977
0.9268759963776432
0.8650484373247166
0.6360531706756872
0.6704324820084163
0.6643961396021522
0.25953236716099676
0.6342772189578567
0.023396636833953724
0.05141975936527093
0.841148168634754
0.274889430290001
0.2627808336505258
0.44608968148225575
0.7112013989069055
0.7883873669791428
0.032444112674546784
0.6048910449851412
0.8622520263203093
0.6121041584661753
0.16402508175194386
0.849246236335871
0.7880893522761988
0.9884335747707005
0.06701215686216942
0.8087977820020936
0.870476695010531
0.8130734995502944
0.8798514728803213
0.11766885567038578
0.30619161673546524
0.32248534569353865
0.6468389773070458
0.09969866664328393
0.9061911398972777
0.7235032098298293
0.6609275108910189
0.7109998714242864
0.08189358016976961
0.07032375055305794
0.9973642842156885
0.8213205499555609
0.38794029639050837
0.006614097149664364
0.6708643237120455
0.05104164753444674
0.811261203200619
0.07113983322756445
0.613157220146502
0.9004106945638399
0.6829813084507358
0.4664557049787288
0.5903089124773022
0.1352218434243856
0.7552007932506828
0.8542337202264714
0.7323776827153061
0.7696906316618505
0.16557264578085465
0.5401023351526835
0.5311601842641671
0.6200351443048577
0.6503952388562286
0.6535227311795464
0.6130244094271162
0.8180578123762254
0.9042171007691124
0.3968901057518789
0.5075718285658232
0.26989117230366827
0.9907254512122634
0.2509008309649212
0.4843221304233982
0.34567662006467215
0.04120703816246125
0.2818659122586672
0.7572314289819062
0.08003435620333144
0.8033077214071559
0.7949656577151397
0.5619510395728958
0.676445280942548
0.8599556548999971
0.6333923737598335
0.970418108556723
0.4849516718617444
0.8519135803828637
0.6442722738932691
0.2502309564473528
0.051937945366592894
0.35608609543067793
0.3432522559964137
0.17486477146979232
0.8732345799399489
0.5464747528822187
0.7224649534326518
0.7961416873367068
0.7450813960348692
0.7281968684427418
0.1990932288057536
0.03249598261401589
0.7841887509062546
0.9664886077849565
0.8783647922653557
0.993633258361074
0.0071818378697180735
0.5687051552092589
0.13306425432080943
0.5458626547240628
0.5227245498646175
0.6220820606952246
0.07851000846658676
0.7488542617233467
0.297058902601088
0.6080654973514368
0.06639840118137197
0.9019948902093664
0.02683722822524894
0.6673016920624106
0.7629835090623609
0.25589096075364737
0.34642154898995237
0.28994225397561396
0.4668953239706869
0.005686017933776611
0.5255957517673188
0.484441214348784
0.9124303529495337
0.2615402057763903
0.7569299818088069
0.02522953174151926
0.7328460881188682
0.4678654715424916
0.13692726633312446
0.7899883310061773
0.029241716758258623
0.051952322484335026
0.14784092663706505
0.6208289080420342
0.708952831000469
0.7005067028567904
0.8602535719056748
0.49723886163407466
0.5810507433957743
0.08027230327800604
0.5466937636678432
0.5629369549575425
0.9131508041731601
0.3524323082622514
0.20829773654804098
0.6556394219348476
0.6458405550081789
0.08968352700071261
0.6970318342197628
0.67525796550765
0.3649659425584332
0.1109057424278596
0.4717487561735306
0.012216068000284755
0.42778917762892554
0.7650852931459782
0.0572193515236782
0.5572028304220151
0.6770144098136375
0.8345333097557482
0.42293510819216446
0.7645663020357809
0.344060969213027
0.40541038757143893
0.7444727981734435
0.37388705376929265
0.03440046996373118
0.8007154426842996
0.7346314057979549
0.612420307747287
0.6363916821921278
0.6838105723247838
0.3553666300620858
0.6507319383865471
0.4638982940748249
0.5518866018721614
0.8131162089360087
0.08247505299693175
0.08298790615608034
0.7365873532957604
0.9730806315377191
0.7601284686770307
0.1409460086262483
0.29310913611549844
0.9651142447750949
0.26943741140996663
0.6320771284882218
0.15207034460153546
0.8095333763129872
0.5495411607422162
0.7243765897020105
0.2836310042008249
0.09315664023586707
0.8086359755162851
0.9151305078136214
0.05616149461229479
0.07463173752640297
0.6949648748487132
0.9278212010933908
0.7431415349020659
0.42555042865823134
0.8042934138634021
0.5390805862674644
0.32414687090607874
0.747151245242694
0.3381461767746283
0.1107548491756278
0.3761128039509135
0.7591431563074215
0.013539684265542251
0.009791236379582027
0.5661891028192224
0.9808016996053411
0.48658759315387845
0.9331622164781996
0.737571978846195
0.7562118757677437
0.9568122730217113
0.5777373501742262
0.98037147671103
0.7223933338684113
0.620544725519074
0.39660946934600494
0.7208177102977404
0.9597154415202345
0.5094300104064373
0.7002936424306816
0.05414211977497668
0.021256310309830724
0.011389466642216557
0.6862341293351124
0.23593911333801598
0.012371644936455248
0.3503374195902723
0.03180438547840714
0.6319293469953202
0.5274380890003804
0.36458015576462305
0.752715442402203
0.19990827018986046
0.9445867285181093
0.34197699397984116
0.5833401244296776
0.8309829862141427
0.11427638915883809
0.8190528988789303
0.859088069892274
0.08804396714955792
0.7271636304221316
0.18413671338370913
0.8472210399632941
0.799016361872097
0.774911105818779
0.798676257540611
0.8713627906686734
0.2077274059227536
0.8588827110703018
0.7678112896832799
0.6087226905513179
0.43465310367683635
0.8859148951706999
0.9239653215570648
0.2974774841067473
0.8563846029678974
0.269612978577498
0.7711215481542546
0.7853500185434039
0.3345898356405288
0.7912487106510022
0.18284897636358988
0.413701237110103
0.033522872839903226
0.8856194938928579
0.34438564403883704
0.483633008614173
0.3639451012902658
0.9284439910754431
0.6223933503484221
0.8317267877731691
0.37960118144405985
0.09026331600796292
0.041263799015479635
0.5192075617376652
0.9622167322891324
0.9998431332053341
0.4765987858810225
0.8048810567817754
0.18034989338941565
0.18857358638647032
0.9491866317065016
0.5126139974386728
0.7724495795560298
0.40284915351314166
0.029256464803106917
0.4380460942999701
