0.7535791879727923
0.23821178578280933
0.008104785439679497
0.6866346706208049
0.8984175077684561
0.8183373300919112
0.009887329145284849
0.9080988926074143
0.4404606000133594
0.07441499584712019
0.5407355086471122
0.5862983075072212
0.7870188041847683
0.10193029638909135
0.6758328524410244
0.7182887522968591
0.7029496113846481
0.6062866317428177
0.6877930725440925
0.5463300484123164
0.9827582986661183
0.02048192999543103
0.0052659235499525545
0.038541929548742714
0.43785234423757435
0.730557090778029
0.8454692167892626
0.8088760296469353
0.9123981637905804
0.8116620577833135
0.885081760020145
0.04952783666811217
0.6932108077260993
0.5867597168784398
0.0027371677776967373
0.005163849465059338
0.8281032650216408
0.2760904810506067
0.0025846129249656414
0.9082968801550694
0.8952086172814333
0.04384192502979496
0.7612754481028507
0.8634485794069955
0.9746772451775289
0.46353477108086805
0.879181681538387
0.9076167438076994
0.6037963236124306
0.03663979092413969
0.006948506359539663
0.13040381166088083
0.5953036236887557
0.4813641947172467
0.8004832857080635
0.9542106153217441
0.008468264501839157
0.8137720048843677
0.8372656565493278
0.8881949558277593
0.7883693184910062
0.6938621922965134
0.6737920237420073
0.38187052598902393
0.7493457305920403
0.8313520624436659
0.08691338011489674
0.08156872628576944
0.35838705981852303
0.3364555359017009
0.32332905913355325
0.62754769317653
0.7915392363029434
0.701195062488356
0.434373184904635
0.6367916635673248
0.3063716178771665
0.6422739279636478
0.7029178802948179
0.6326654490631959
0.05243840111314589
0.9716441638740623
0.24510372096979666
0.3548603519514574
0.3106194557340662
0.6298092491128962
0.808251189121929
0.8094817834505245
0.0056466814822458
0.8049147578377315
0.12525389919036578
0.011166231008358438
0.8747184984885985
0.6846546929692573
0.6204790512059828
0.014660586342539072
0.9609519594975561
0.6270738339608295
0.8023469915939078
0.09807944841574061
0.8613932177261581
0.6447845183301179
0.695306922365104
0.36356580197829436
0.7167370592634816
0.09573706224998105
0.06137427448462237
0.05346513062706326
0.6678884104956558
0.31915909361124484
0.007581377034109825
0.02635773644924294
0.18414936482132507
0.9838493084457302
0.9329779053949057
0.6772580435438421
0.8835655989397462
0.7834257058601978
0.9832285750763606
0.6905327347273066
0.008768084160981971
0.8544455267270852
0.6966544838589116
0.8129372437209612
0.7173066303422481
0.9827554709980566
0.6114585746113296
0.18401092144175155
0.6421883552716616
0.7943419642331069
0.8770754487249157
0.22776020155374527
0.7505083642898589
0.7426686815971405
0.005242542104383709
0.06147299839932602
0.007777315475152189
0.7789078265376868
0.7960220323673939
0.05282962296196665
0.2913500911006657
0.9235977989384981
0.1818643943451103
0.9592141118550046
0.007671185749521679
0.8812271479259449
0.8936847285297586
0.8980352139856502
0.7163633555213539
0.02692842480758649
0.04684341735592983
0.6724043390060226
0.007714607232153316
0.7322512052832411
0.009679949878869712
0.4991298850076415
0.9211736591192929
0.8001198223113257
0.982365639245109
0.013984473540546636
0.007576340091442522
0.15557886629697248
0.9043933336833416
0.02818988157137916
0.9567495588970839
0.8747389978962608
0.007296774835447986
0.7809357362587317
0.9350347814167246
0.713942162283713
0.04541874459229722
0.37329656322439664
0.09955093862992517
0.3910909383024304
0.4585401999005364
0.5005700029386865
0.964128643962344
0.705630585821884
0.7727890121698545
0.9591682199052487
0.42369315455210865
0.599366575368774
0.9860456696486651
0.04462256689182977
0.08422897835297902
0.9029103600868145
0.026337959051434816
0.6078667734917501
0.5783948404532335
0.14679237963129366
0.8967040651742423
0.668391139480294
0.07549820812624489
0.9861077695948366
0.8324765560094454
0.44764513532048017
0.7025139855959055
0.8512245070426097
0.7464691064394846
0.013293224484364766
0.3268403876052818
0.32295021310386124
0.017979222612132667
0.8242315937293399
0.34593599650037954
0.8993267980524029
0.6978805501729868
0.02191706577351055
0.31914331400635243
0.9195109434398925
0.7486778593588039
0.002815930828921257
0.8432870750112434
0.6489731514050645
0.9570518029276199
0.02857193413397418
0.5320118584895006
0.018440475961284307
0.9195475686249908
0.7684490690377059
0.013047676407604271
0.0020216857700629835
0.5964236792319748
0.9196628607190233
0.30364899203078494
0.06201726057847129
0.7910000735364404
0.6040507485883826
0.8935677891840953
0.3416282185699577
0.7562914548968943
0.7908665880989318
0.9014610747374932
0.753351459759566
0.6209604457903832
0.7563309750754206
0.0277350756451987
0.18734509041483363
0.034963265297766256
0.016244506318630208
0.5834664491905425
0.6163269894649543
0.7958094668417593
0.33775725897402453
0.03367969888770597
0.458013134372318
0.0757018693019464
0.8004790319829284
0.28143085077960656
0.45962192085649667
0.8017499917227745
0.18919591350378234
0.6908796795273318
0.8762979567865512
0.36224092584934964
0.7169640092965887
0.022254979136265694
0.8064275360355565
0.7969478019470013
0.648262782452115
0.13987613805239696
0.022689663791640845
0.9889238614492686
0.690971983509405
0.0876862317705615
0.6930397189855318
0.01873040427974945
0.4835863088364817
0.6906980831283343
0.5337823629290115
0.937778141712885
0.22331137405438467
0.6479303990466622
0.5475594426585358
0.6493915863139345
0.8020072962987426
0.007172455143827762
0.2785478859260132
0.037362131564094646
0.4508874018596066
0.8303896959486535
0.715030858306301
0.7859900211028226
0.9710541424776724
0.736401358692494
0.8864599328266061
0.6974677922533427
0.8959869064105008
0.7226695409014962
0.8333845217465831
0.08449262837767729
0.34662961480099264
0.025309164688663975
0.01974371864021307
0.4536513308696323
0.06650095308495299
0.931423239114331
0.02299689013395107
0.9679683200541441
0.012409748475778533
