0.20708019446253914
0.06835440644665623
0.8859543760494788
0.05496115054249007
0.7701611242998745
0.8963235382562414
0.8689311135202288
0.7607904276165948
0.12368439975905501
0.5516167104164171
0.09951397036261984
0.20409955317102538
0.13538993204566296
0.5518737758627024
0.39855006533542797
0.09456522179312689
0.2539777028916754
0.704090226765612
0.6074311809138455
0.37566718491838635
0.06177746595235719
0.16102678884271474
0.13294111620108467
0.7242715670406008
0.7964096966839335
0.6059030518723105
0.022187800703412787
0.5303606077338314
0.6378560522996246
0.056183312665204356
0.7866193587434069
0.1798493130058581
0.8749897894215948
0.07315909061170678
0.5635043342739253
0.8480978127246489
0.7291808091057959
0.9015361362345118
0.8531374530436359
0.19106998241911705
0.8905783274637121
0.9413309952719096
0.4519531449788948
0.865950694546344
0.4115646816204084
0.8094556177788057
0.038896951278900804
0.5693751577159146
0.802771869524373
0.5606453608248281
0.041926575022577454
0.19695601386175818
0.3340303060758357
0.9372074586516406
0.876371585245991
0.9533120395494239
0.4112653043803308
0.9649506897809106
0.5415018425117135
0.26073195691099016
0.21232477427545624
0.3540921818857289
0.020036758927929794
0.4661901402676426
0.9200154528847604
0.8906236549696845
0.8362094654826991
0.0236765012517025
0.6638423876556425
0.8076197384173687
0.6356735021806685
0.9280696765202874
0.13494240807985317
0.24799155454536737
0.7783263510149971
0.7700041744647246
0.07188430161611024
0.9064327099064791
0.7289889852245686
0.704190497579803
0.3624685825750489
0.7342216007458338
0.1530825668811078
0.9673124821508476
0.9196453957675274
0.8701027932010414
0.48804030560377115
0.7777101615083534
0.8721830109257621
0.6740525700951547
0.8912124383796072
0.9231097490406266
0.8389558928163181
0.9223362638939023
0.9425236599667046
0.9720127361659405
0.8839562322432919
0.11479849629636862
0.8742985484200118
0.742885481553758
0.9394549879050927
0.6442792856656505
0.5235636690919401
0.05764059285663434
0.6366845998468503
0.3371166853720616
0.6595787955729722
0.8836526742936315
0.06862348423536616
0.036322882217457886
0.804827397574144
0.8198282422056782
0.8242960335655416
0.8887130160951286
0.2048394843813238
0.05634946144270011
0.6695175379524878
0.9885313258228862
0.3166275968581973
0.8634399696245917
0.6863182020299574
0.8037818712380383
0.06338603464035099
0.7239765014173177
0.7941574230463659
0.8012457953323486
0.8617245380965186
0.575586419901372
0.47942377134147723
0.8194577659308232
0.47225757577607486
0.9701759955293918
0.7550948708487506
0.22823718478620048
0.10137357387946822
0.887141459418329
0.7584442161894881
0.9078687840875271
0.33914846506947083
0.1280049299713687
0.37827495562380464
0.7453199755885526
0.5202420807343826
0.8983690510582891
0.5039238480131628
0.4028133090898651
0.6475081242425526
0.8216910803276072
0.344501244024173
0.6351199662094724
0.38953568763393254
0.7040955341750008
0.4913914091538406
0.0374807766483638
0.9332432127459698
0.9763964454807856
0.05827968003905348
0.6925261455503876
0.17778465214383699
0.668417288204907
0.702364437339041
0.5949017689326599
0.8664338047971799
0.8969465490403707
0.9055010819956533
0.22083565359952745
0.8492524218187492
0.6405142838640969
0.8071606731405312
0.9457740926700504
0.6997915140847704
0.9057159806531647
0.09290867608430303
0.9721673397368589
0.6993532129028777
0.36535280593114466
0.9578196201478217
0.6770839909467501
0.9419342445435221
0.591221761481792
0.021696615934539764
0.7560988469225857
0.18978255671836144
0.8366339998712738
0.15069878594031974
0.9216263511108977
0.3577570450072506
0.7774759750808704
0.9570559582307452
0.7735614547392236
0.8307914072220103
0.837254531272253
0.06406418719942505
0.8885410343846638
0.5685733151697812
0.9712949157339601
0.8088129217510613
0.24374497540852474
0.5535124678606728
0.38749504507821214
0.6806785391428699
0.5175104057134022
0.7721033090806548
0.852741596983779
0.8341350586616072
0.5936231356862199
0.9538412223138426
0.562654240369554
0.9365723878868568
0.9920826723880707
0.6659949899745665
0.7147741546911268
0.7676254129723493
0.8237046916104812
0.9751201820041286
0.2765052498515822
0.987074558290371
0.15819533242483036
0.6475510598745153
0.6825312285081622
0.726957082614074
0.5477786601879368
0.39786200843285824
0.9346929685148466
0.6604265050237594
0.8769236052219205
0.9396180858103176
0.44148462281343775
0.8640048218990526
0.8466230412641187
0.5396674362742928
0.6140884386881365
0.8767275474128958
0.9370988035653596
0.7698501644918054
0.9011807339768445
0.9417691823390821
0.7817756879990294
0.7971731135028214
0.16578848949094407
0.08387084062639433
0.7586104344589263
0.9075164155698934
0.6386984032414157
0.1854636025794349
0.7138684059980942
0.7326887818843097
0.25498910172521316
0.8249868976048707
0.855793048975654
0.07154115162430906
0.17656133797578735
0.8311709005100439
0.47163653476009915
0.8744582692742706
0.7722900287040314
0.7004406525411523
0.9849898479439245
0.053568826029607025
0.8935318835777659
0.05532285163910734
0.8939914723829072
0.17696790333321133
0.3976796696780496
0.4731800585056279
0.9329490480215987
0.6892572883237499
0.9756895170022875
0.712285309786808
0.914923104178147
0.974653307759412
0.013976387516455004
0.10752875427412767
0.8237020789216775
0.6878577896300112
0.913777001904024
0.8911612824963284
0.6805344242956295
0.9518147343431345
0.9419743526866999
0.677075499675416
0.9950622765010844
0.9176098652280643
0.5756876516706425
0.7351283768779948
0.06882330258743292
0.9435313924022077
0.07122571196109169
0.1698642257597368
0.966896051679009
0.8750595447463991
0.07424776088616666
0.4750613657725083
0.38024617890694057
0.8573723858119925
0.6558244095827895
0.320845702359844
0.7528840837706516
0.8248685992412763
0.1980730958591847
0.1634178992615726
0.9667977239980248
0.48192836794460064
0.8686217881790006
0.5561475967861407
0.9368239197819157
0.9826329375666638
0.9382133805191155
0.22371829969275514
0.847584262228235
0.46288611545712854
0.6753008361587272
0.6390186173309047
0.14807219510252081
0.9515205865033121
0.22047181785507358
0.09627775597779595
0.8206717000212078
0.1116098050173456
0.4293632350677831
0.6324946506324025
0.8819671116731047
0.7607876538382526
0.7938026032061161
0.7351742473110816
0.09518859725726975
0.05389303060456028
0.1370663443732939
0.7187960019028472
0.8280754854667968
0.5115292738665187
0.23104246300981862
0.9841950747864021
0.04459788236898746
0.3713685646443235
0.7312267481550563
0.08616686981552743
0.9199939909807622
0.8164375015614032
0.9153079499696324
0.6007339854129414
0.9405788112598964
0.8293153021215317
0.6485854971754723
0.8040986192035671
0.9264100359020517
0.73602243114851
0.9318437489584162
0.9152584085408426
0.20518037147057855
0.7777203024605033
0.33087069820062187
0.853542644310912
0.03255817749808789
0.4639365237497778
0.44280846849197375
0.9173937120101926
0.8598366565536775
0.3086842689400096
0.7670187622480679
0.8979024887463855
0.03926610076234536
0.6769034320892002
0.7455708083737635
0.7194482228728538
0.7648895035380898
0.9418581853473365
0.7434937483929981
0.9796574841919039
0.8532848291895653
0.33528477867529605
0.5754294607582481
0.9508676487490337
0.059319936229920885
0.44199350420499267
0.8673709747856164
0.9870691517054363
0.7977934936961788
0.7962882759351275
0.5387377814676677
0.7201725616923924
0.9967603931925444
0.6602633280965893
0.8013164734552252
0.7600461368902104
0.39057427753418117
0.7218093587502912
0.8229036910439993
0.1581234710896473
0.09611825054868325
0.11779468415748576
0.17529678473635796
0.06120049072469822
0.07658581692949043
0.9005419134801503
0.40490889573186156
0.18801792498220432
0.19552811172425733
0.14171958971532136
0.6716527624770368
0.7922829524802985
0.5434827843851063
0.6040433063335269
0.18124244666564532
0.47565833629593846
0.9002076991635467
0.9694732715674408
0.10432495809334472
0.7481050203641104
0.5546611558826936
0.15581583885622044
0.7229753544970489
0.16182234233303622
0.5680434714138826
0.6497754030236752
0.08092306998529195
0.885428681362158
0.5150428078472036
0.06884520663882855
0.5361845684888595
0.7219960320145614
0.9260380829937105
0.1778355642596005
0.8663623986511106
0.055189727781474796
0.41474960083435625
0.9105418298640204
0.9065447542174292
0.9438759766659945
0.07063539081561705
0.07019635740408789
0.20159373053144247
0.23395897401710108
0.8404264542804113
0.9393184080548669
0.09929605516745192
0.9250880732039872
0.27169599741408373
0.06679370002267972
0.6033442224158809
0.7141723187327913
0.7473996294057568
0.9649691020912126
0.9131670045089415
0.8526875234507534
0.8438411671550772
0.13895751166475914
0.042148673467750836
0.9049614879469663
0.040518212568859006
0.8124082640676211
0.8381146993744674
0.1297198509665505
0.7405515669661492
0.5161813106352233
0.7272848369392256
0.6223055278278548
0.38522404249769215
0.8636624707580864
0.7803803785305732
0.08810710902348948
0.7376897130190372
0.9784441438287774
0.601934718518955
0.8280209554947928
0.6266475915702574
0.8659240815220937
0.1552339234609037
0.24542408267366395
0.62810075987096
0.0675103356958319
0.6278927237010671
0.8889630086516875
0.10206351634288338
0.2081192765634296
0.8094943968690195
0.9461897452583766
0.9939808030991545
0.08268490543118145
0.10872959560359921
0.7527716271279474
0.8520890810048743
0.6590287123686619
0.2171750459029208
0.5252544388882346
0.09170161050640614
0.8969126489690002
0.9356616549477073
0.7952399170306139
0.8515534446270596
0.053675085464576985
0.05729537570181499
0.30493988262523
0.7610189226579556
0.8974378198834576
0.556871869053298
0.5157449924787346
0.8483998086668518
0.8180185201575749
0.6225535372814339
0.7381187354639775
0.7818065568750543
0.6999037380197477
0.7541639661867977
0.5722753576258501
0.8120337329811804
0.0945475767091685
0.7753890342868162
0.9976633809685915
0.7610036420481876
0.5997974673939195
0.8257114132012935
0.6509231471484824
0.29700736511512654
0.8095298422547536
0.9061890760016051
0.8768138214521007
0.42530946024609423
0.859047471753342
0.567455083531069
0.7694266325048759
0.8719913829048069
0.7982077170385824
0.20877020691833292
0.848244949226372
0.55410873834598
0.828655516863722
0.7124022330827207
0.10225925281887085
0.6129060638442381
0.7831287784379058
0.7932133691938996
0.7441129242264404
0.3636807712659437
0.9021400828502019
0.6282621160521586
0.7653230515176244
0.2274924489250945
0.1455256478556358
0.48784940246879205
0.0726084207277955
0.0625205869186482
0.18914453586609004
0.7290355709845326
0.31715912459611273
0.7171908187124405
0.4123453512509228
0.4794787584801833
0.8291557433025533
0.16211005423190436
0.7401120550561628
0.7657227654065043
0.06124735663515481
0.5314989820776541
0.09029024474037117
0.7921635442851815
0.8754511768329944
0.7999392417728145
0.5931198337277145
0.43965860754469854
0.11250979636029687
0.7943921236072429
0.8728093621745187
0.8241613210030241
0.1317026163672841
0.8617767994589552
0.11772164573326843
0.8332042084223704
0.9621656615239342
0.0393703847906571
0.9879525826346875
0.9293280082234566
0.9283797704671808
0.03714186041403289
0.440376278776066
0.8333031477619557
0.9177043826474083
0.1570986417131298
0.4205300486632663
0.8289899114219426
0.02491249475296954
0.7323002194982454
0.8283195209358887
0.8017218563585979
0.13374345676760216
0.08148647133494581
0.885678903219327
0.17961102481020982
0.08710920558241564
0.7510098028299874
0.3007947016247397
0.8229587207820506
0.18979847700251964
0.37845963726578113
0.8515283240107596
0.12045311921742388
0.12723056471083696
0.8674475810847111
0.9824430763903953
0.902274817253063
0.16383710445719946
0.893804956322341
0.771118934810854
0.8194983361246131
0.5493275391263143
0.8290026753055053
0.15093813789939842
0.06285939657853172
0.2911533875536286
0.8382987432704636
0.43696688014954366
0.8529030728847121
0.7741570767041476
0.9742233619358065
0.19494183648117547
0.7009223453348037
0.6616546336626589
0.24629599703657962
0.46467476366335214
0.34528755810335077
0.8656454829128837
0.0514584735210797
0.8143494774298152
0.9282415630475634
0.3175769453082471
0.5889158986553605
0.6891601173608143
0.40394399789157776
0.49123189803359335
0.5794721885565968
0.7799284044413762
0.4317986140213098
0.8269123390076876
0.9119268158138327
0.5428442179201132
0.8294775148532251
0.9254860390848834
0.49291774008892375
0.46596266683343873
0.4451662329294517
0.9478000154579411
0.9787105108438494
0.07510604965419201
0.9944300657411334
0.9243511514640164
0.5489525066281192
0.7434214169902525
0.962764248437584
0.6263425156814839
0.846164719740905
0.9635942433311404
0.9711147850998407
0.9575234432558226
0.904256449782177
0.4735985478764421
0.5468832259883161
0.8803446246365237
0.7485363706365675
0.9223875050487287
0.0452864899506083
0.2786324185331131
0.053149478122421864
0.6731982107417747
0.2257668185580779
0.9579127069672666
0.3211552567973988
0.8394692494778342
0.7808263329942682
0.456661949037679
0.7457884327521169
0.7481590615049032
0.6414346339259092
0.9733924940865354
0.17327606195261658
0.352108771953789
0.10456447303362415
0.9937542662624039
0.893579695488062
0.8798531666318431
0.7281410232850911
0.6047864119941604
0.5360112405087486
0.2019360347098854
0.956010100469238
0.3052576761159377
0.5085458493078898
0.9643002059461911
0.7927832530769424
0.2862573841646855
0.09471734310725533
0.7982324600848212
0.558926692102039
0.5294978603309275
0.8483139817191944
0.3665450235404743
0.03093801598173478
0.8312334751815116
0.5493266569881545
0.46156427148768386
0.13146180650545367
0.5405565074908409
0.19184250136612477
0.9271630920627267
0.37301104680879643
0.3918301683357833
0.664329806263339
0.9205183430270216
0.7579593313590474
0.8530011331571212
0.7483251888400005
0.7593650370406647
0.9273832388851947
0.17448772117613087
0.9297468471616168
0.5664583960974362
0.7309488962679157
0.1406990723006683
0.9712198117992643
0.9045960213041246
0.8655978386427252
0.8848855923979925
0.910866711233729
0.04999807164475829
0.12700507482086112
0.06359260277619977
0.06653581026367812
0.8623975546591621
0.20381261386068203
0.35758491264474257
0.5645044229698327
0.034245347232701645
0.7777416252361364
0.931244586037898
0.36603040992779345
0.7658812268256302
0.9360000748319431
0.930018204570045
0.06982953735480464
0.9453565546964657
0.027070583906511056
0.9728297566039983
0.18794738548064877
0.17454916669019432
0.8896126806006301
0.7898595685123271
0.8271849779438178
0.43282600043383557
0.8758726996340995
0.749843910498619
0.9575861050815644
0.9277705911074489
0.41528094687569617
0.8493586876006141
0.4047983839451081
0.9494754274652815
0.9029498088625647
0.5823068029137286
0.2672201616868314
0.07839586405537434
0.5955157274797775
0.8943258921627694
0.3666358291488584
0.8773595709196418
0.04134210014125213
0.3490426924699681
0.7796255705109281
0.8931026812354081
0.8906240408224577
0.552264178967266
0.9389567324504724
0.7585627478029178
0.7076229648761523
0.7988681185264725
0.038033498128701076
0.7114090562978308
0.6040945621012456
0.8008455189939491
0.9050706824499201
0.7105820026421583
0.8473388485035342
0.9122442753751717
0.9307572889366136
0.12154234924868529
0.7540210718702736
0.5822500647799898
0.8800405254637724
0.4069109925674018
0.2776112446128756
0.18896812707315008
0.8561978748516124
0.10711196689845383
0.6708150682204655
0.34729583638080525
0.73083100535244
0.8576838252934761
0.1373474131709045
0.9992076524540433
0.7836371810936819
0.8149681441765992
0.2754340321896213
0.3128023624264748
0.7699141789231089
0.059842755299838096
0.7789411131170325
0.6800756862009194
0.7388325365384802
0.44060104174372794
0.7647670667027098
0.9014252948367445
0.9154093716582827
0.8688031901057767
0.8711973727475046
0.09818669901217811
0.9490295452421812
0.8920843603822939
0.45102379684517546
0.5623017629723771
0.392398302044188
0.9909244345610637
0.746393660536868
0.8884122734278109
0.44818430229884965
0.313844281346654
0.23309872676974838
0.5370509757622741
0.8491060052442376
0.5495628165385094
0.6542170946043255
0.7376491744898582
0.9197180984202646
0.9016427185686493
0.8670110481076423
0.08774444735730688
0.7520662911468421
0.8234722645556296
0.7687896339522335
0.8675391252158136
0.8282673597964001
0.7462176356798289
0.10030228937054139
0.769202637430082
0.7988964563360831
0.5913621753351479
0.6564128446984362
0.46916767158686046
0.6811846528529825
0.8757797012355683
0.8774327498495713
0.7396969008686216
0.9186567139156274
0.6431376892880435
0.4580994224469421
0.9732033922070433
0.5557659804534963
0.8930326264131775
0.8729373131619619
0.5921743505013414
0.4582581134250304
0.5357071649840371
0.7361740795148177
0.7301930591246506
0.02532799506238266
0.21356046878389418
0.4657576490675621
0.3670425669851212
0.8418554319682423
0.07775125424479286
0.8182408552011893
0.08987314737747616
0.815852373628742
0.07826855441936267
0.46342410904041814
0.9778893308473795
0.2645623363221866
0.2491016327297556
0.4582451630781557
0.6631227824329146
0.07401512876322061
0.9894508950324272
0.7127158597268091
0.6605501748933387
0.9342613516912561
0.38774153886082674
0.8664395624300981
0.6540609449143817
0.11966847528062072
0.711789834617442
0.45438866710575626
0.42210334661077487
0.12588301962059056
0.046688698667102346
0.7644955435344654
0.06609451973974775
0.9274955753029572
0.7688846809374176
0.7811026000341474
0.9581276562397463
0.057325670066619316
0.9976433993580013
0.33465200917300697
0.8223150350372177
0.6673579188391896
0.5776669251811647
0.9330426603085309
0.9140748910380952
0.7966900872912691
0.8171289579905634
0.8817298239920027
0.510459910556864
0.676798624364142
0.7304140935884436
0.16737302419847933
0.15002492978460133
0.59813621624369
0.9963389831391773
0.07298242685833806
0.9972134080100659
0.1048715855769295
0.7321335492802872
0.4130765455409895
0.695348513061004
0.8751384398900558
0.2140149161040873
0.8798170810670104
0.5756039622558722
0.23582835978530192
0.4302858463086067
0.8019564103821949
0.7637332461616719
0.9339138885908336
0.44665545585053973
0.5263277181315189
0.11106226683221035
0.9940124617558939
0.7855405746616867
0.05765376494582794
0.8424764077459332
0.9706065376763047
0.6630258043270018
0.2524914707373241
0.8130481424194966
0.3917711755216561
0.8360739481954459
0.5816701797515881
0.10981569408260793
0.03243239550195733
0.9128031900417428
0.7988598944874056
0.5998372903266271
0.13781900093122124
0.48148139051790645
0.4254929353908541
0.5650778615886074
0.7165647088017938
0.06839391152531978
0.7459214582276537
0.9810876627422742
0.7560414822775416
0.8571135102627393
0.7645007243497098
0.5759952517949336
0.9399498806161799
0.03069416462220312
0.06794562360288153
0.9680311426898611
0.4659239862648405
0.04413461774139398
0.19646874259626176
0.05761694525307574
0.4129262254357935
0.9609296182497084
0.696640351171582
0.8643423889980852
0.3490527229609431
0.11179284172364692
0.6497929268945299
0.20540216555997842
0.7817521409768947
0.3505337463894299
0.7954363814664683
0.493152404867638
0.9820766963531895
0.968300919135468
0.7828091383662857
0.9673298101812635
0.7952816280639139
0.9668769796690275
0.3363203258487685
0.3799424194063694
0.6806727626320852
0.7447168037404239
0.9369804489096496
0.05747032947984451
0.7866424542079371
0.7921745226566776
0.7850309143751668
0.9169105742221956
0.9722810517096545
0.67468993569203
0.23138040464570733
