0.9311338040018646
0.038527211703841255
0.8921424390588855
0.9119982264787745
0.09118416171555516
0.7072348389841627
0.9380889922295289
0.6530362020648577
0.9671768477900577
0.874230749091656
0.12798888546365966
0.09139670288871288
0.8956277174877452
0.9840245972603414
0.9192737845326728
0.7151091510679104
0.6682752815847802
0.7811596899326425
0.48992793332613904
0.1569379883833161
0.2935744813414068
0.05845804877059732
0.9714525371701574
0.1678332781642262
0.933919325248362
0.9144244208152369
0.997438153276421
0.8589281358446454
0.8057236260276237
0.8934986019476927
0.9779725537558505
0.9456516959965611
0.884261796740635
0.13198462673073402
0.9247400891152529
0.8403631373174067
0.7966651309268041
0.9388489262069134
0.2227455969821548
0.8345642465012364
0.9903129664656021
0.7436300915657635
0.12598985401905496
0.8090372101152844
0.1593162962704256
0.9848794145873738
0.3731007918175772
0.943454720263706
0.9806411032344655
0.6386087217624528
0.9478798596956464
0.7327833241916031
0.5700864320218684
0.8641616961714587
0.9163753613706793
0.16909830636712836
0.5961950333044137
0.7635058794554306
0.3249781038168025
0.9233056650154905
0.9485957761510223
0.9748144179065035
0.22094456395530873
0.983807769889316
0.5588036026903715
0.9688049111606883
0.18002381867684314
0.9320056452845823
0.862379243519069
0.5287845978762372
0.05582231341100538
0.05667287359301474
0.747351534035628
0.8883493801774223
0.18418054760651054
0.8286976101598718
0.6243859067134022
0.8986851133673268
0.07042648428535422
0.7841670978469599
0.8710459525568284
0.8628359582468701
0.106189921069827
0.9538784348876012
0.9984509364277068
0.17514694361990785
0.8648975357870734
0.9332682929089132
0.5484649252188385
0.4314739638859506
0.16066066213321403
0.7910812422009847
0.8394286416019037
0.9402138431225225
0.030808196194336293
0.859044017340733
0.2788419757112969
0.6224889455861264
0.34814181652403375
0.7261289288976716
0.7970423256805246
0.7256181149247622
0.09624502794061782
0.8965212210997082
0.08306097179080424
0.9888142174645245
0.548373621553433
0.13162384227470797
0.7725736897080726
0.7483435842138344
0.805033278277687
0.9660579618853298
0.8786754245765058
0.11287609189094733
0.8286705373152827
0.8910167907925425
0.47205594715882127
0.7140946195725232
0.9925396970422974
0.9835960443884193
0.7114847737054673
0.9260684952376311
0.3200544192463375
0.25202814138804064
0.839196675366527
0.08418396451014995
0.2508419024206321
0.9106685349828054
0.15613835403784748
0.2242878026396523
0.9122327242526646
0.7488135771977317
0.9236964533406289
0.795824096290727
0.9558802499915846
0.18897735867745163
0.992100612770357
0.9275893356973945
0.8887792155092585
0.9892824465378558
0.36615495241236723
0.259285016243826
0.06693132672955984
0.9491092453712907
0.8814405223819164
0.8461828875915595
0.10555453910647952
0.7101303010589854
0.8697982365096523
0.23053306362186576
0.07489051153324103
0.3305172408702335
0.722586971608999
0.9872407317670392
0.24494463748565926
0.8367864400658535
0.8703960852914708
0.8678895495362402
0.05513560665741847
0.9760031148264734
0.28966495153992033
0.02625735509132889
0.8168792885106698
0.7619834706080222
0.16816639272521638
0.7818120048678431
0.8862333846712308
0.7683034779542913
0.5449969849122903
0.0785390763410867
0.13703389562197982
0.8024582138079572
0.7290541154578063
0.2252325506920052
0.9517497524950347
0.9575030636535575
0.8946428835741562
0.994971655733483
0.6013277570184092
0.6820982762211814
0.13849713450475348
0.9965367445050728
0.8698804456222197
0.883734787995764
0.6899638352418611
0.04949774835705592
0.7404659433768913
0.9684219393466935
0.6362373196684302
0.2345657171612201
0.24642505978646667
0.4029885413825889
0.8783996401502503
0.09908374974585778
0.8127708866644929
0.7151652126864227
0.9587316596905581
0.8483309424254635
0.7824906796361503
0.8621832824266829
0.23145205445051725
0.1329336431811504
0.902860027056576
0.6460955932182761
0.880849669137518
0.10816575151828203
0.49980206165440166
0.7305300317437617
0.3135927262087076
0.15270306974171963
0.9844778324214049
0.109942249836529
0.6819939372767136
0.875307657456165
0.7475058352446176
0.9108321440180245
0.8530749634348423
0.9492690235806968
0.18046884361819407
0.9134224247906619
0.8703940418019255
0.9560424940554986
0.9145983123776327
0.9596010879031254
0.9305473188830555
0.645675004044499
0.891895297615989
0.962799508820813
0.8587997988326654
0.22236461932273893
0.5973890774653168
0.9286303391085966
0.9658200283626479
0.954645457442042
0.6205088587415304
0.6346641316015785
0.3835377910584583
0.9528033048671364
0.10596409612594185
0.8613338458171564
0.9265412064408423
0.8282381954350729
0.9099643075118159
0.46253924434557464
0.9417018244124635
0.24456391384655707
0.21216949637264673
0.29319130785991565
0.7079754703484493
0.8774442955008284
0.9545721361179458
0.6571116798691605
0.8884924291738234
0.9033815816710149
0.8386670209720022
0.9063936255445908
0.9242277962120293
0.8008616967209785
0.901279220610113
0.9064812698176433
0.8888235450401161
0.06153083974734894
0.4501306526805521
0.9257121379756886
0.970927290143597
0.7975773449415346
0.8928093109842505
0.9790162769270984
0.6620334283899487
0.5996609050098276
0.9281630058358632
0.9127885230500068
0.6083935153651632
0.7121336980321107
0.04059442978858112
0.18620496687159074
0.11541940109720106
0.2515109743454046
0.6377556716698201
0.5993239972015643
0.9098345432209493
0.9710293066767715
0.6949042980413869
0.9676578040656433
0.9140557089034841
0.8737769262800108
0.9413317578324654
0.061440700641861946
0.9421237204519392
0.15003764177237836
0.8459209926617148
0.8932743399314229
0.8571521174306171
0.2097255377454229
0.04175848581985338
0.1551725072821714
0.7395558923419179
0.11253355441072382
0.9686176716151673
0.7232410807436055
0.6206251196021269
0.2201500205919194
0.8879536659034273
0.0671018150697737
0.8905791645884125
0.09107841135779214
0.8479023875581931
0.7385423458954158
0.13839568489814547
0.8156272219355358
0.989675641565497
0.749816258669311
0.3664273748792119
0.9946911251615528
0.10059822900812565
0.09565385897958853
0.9495636512903641
0.6012252642242405
0.9486349225955157
0.7229186129725046
0.05590040664398209
0.07128463680893411
0.973217651546064
0.8736361858161095
0.924291688251205
0.8263197487292933
0.9857555265992548
0.8433827812880987
0.992071867518552
0.7203190270942434
0.8891075956172527
0.9268407348463494
0.8920902701137738
0.7376267304235662
0.8756232139340149
0.787637485317898
0.8105107624463757
0.9197138513654217
0.8628709300292535
0.974957496763627
0.9754690518427214
0.8523462857836785
0.8407200820832436
0.22303597077374454
0.7841832549135344
0.8724096062072062
0.20383541196409943
0.0527682523407533
0.9302649161000072
0.08108512065187895
0.9736325241947459
0.9912121689978717
0.9184448801302498
0.9121472098853269
0.884278583082323
0.7102448648191027
0.8090083012192655
0.7624891315706575
0.8915718756813935
0.9183455203696536
0.7436025033441633
0.6625581755522543
0.9467940742153247
0.22571822721332324
0.9417176656094228
0.12983913487014884
0.9907457226397234
0.8322768478751917
0.8529428721297319
0.8640710840726344
0.7697610701120974
0.8110014601478897
0.9886858046979452
0.1952848996946509
0.39768307148336707
0.11301107722070265
0.16132132840481753
0.7396833406668211
0.9013361433029128
0.43022847536014125
0.40571643072988384
0.25237863365198016
0.8645722873843731
0.9030869074520922
0.045950934538021015
0.25199063937276256
0.6881873312478147
0.7508761544637779
0.8507613468095754
0.061679977599068056
0.10183051340278332
0.13756983661723726
0.9959092893953456
0.6940319163670859
0.8139038694572613
0.5822842819315287
0.8418784522602596
0.7706826484791846
0.8896258258051832
0.20587903269083746
0.9317803913007345
0.0311562760841397
0.87288650297654
0.07439332765096238
0.9245441902979218
0.12078535603857707
0.884101120521164
0.8809199973644352
0.9785562938891142
0.9006287263323711
0.11082535090239598
0.8317701952352681
0.8419783648168107
0.06738762994648222
0.7405087905302798
0.9217431365507478
0.9588232904932296
0.19528372936013788
0.9975862094313213
0.7280850863301208
0.8540700678158553
0.6336320006788723
0.9255896827125585
0.983304074503331
0.11269413142957485
0.7285313243594305
0.8155000334556632
0.9468165375529545
0.9606039740276555
0.07033869078210721
0.7812796594653095
0.3419900397293775
0.7275188701270019
0.8941124944982775
0.6521430254797915
0.9171976176103893
0.7186409126451525
0.807457532253105
0.3388541906732694
0.060565870929663146
0.6310644085804525
0.7453132329668858
0.627083467311631
0.14828493347469324
0.47220546331798396
0.8565788564345318
0.37915076605800585
0.9179212893861765
0.10046926716819012
0.8724726283635513
0.9604422808669095
0.8526550473283803
0.9269227050938461
0.9189137240758886
0.8832148668300133
0.961324739539374
0.946331350930691
0.8826675251141518
0.13255214882189992
0.8112160399774704
0.9102741007637666
0.8184805759612075
0.9017175990158534
0.8069962145926424
0.7463584919147179
0.90871649960067
0.8676726003199041
0.43473998462662494
0.9595642649436189
0.9852235388954338
0.27034089194972233
0.21421573293354962
0.8746283318977872
0.13488472572611448
0.6236340873947903
0.9618428972239391
0.8348319179863464
0.7370849017918095
0.5110528921657148
0.945128291413901
0.8704821757218847
0.7590427928490976
0.7747716072202728
0.8533314540624274
0.24954906423327602
0.7810972249709727
0.9846392645317286
0.7590126510949632
0.7402487427024953
0.72287530512297
0.9550838483221367
0.8190482406963029
0.9610986243464512
0.9671390325314051
0.869578848674186
0.9302934533591425
0.9877059648394559
0.7698251209940419
0.9742309492830874
0.0786413614540291
0.9811014869722139
0.8192250750042032
0.9849639084826096
0.7250277709981381
0.8250471218280891
0.573783490268555
0.7330669854309302
0.9421387300127784
0.883179284690536
0.8588487765189822
0.6165364607151353
0.9522749099777822
0.6910057559740662
0.6921064070522056
0.9290895066601581
0.8126869650798764
0.9773561596564712
0.9544317056127747
0.1442662666968551
0.522409744454267
0.7419358411101649
0.6405368839580844
0.8539859985884126
0.9601089313112502
0.8846115702153701
0.9545668434088577
0.15963407007808497
0.8507062466324468
0.7775236163599202
0.995267114815499
0.9586853429684842
0.9273525110922638
0.7706773045073188
0.7489874587174459
0.15368384203272106
0.7787959020235351
0.8204292818037429
0.02204926234919479
0.9476369451422948
0.4912751533009473
0.051460812354561875
0.6253430403231588
0.9369419545086826
0.8583414386966313
0.8632373364590098
0.04936510197168595
0.913962845006016
0.7892446815306873
0.8730176173012698
0.6402132147446674
0.08894642067669079
0.9908765845377452
0.7280836446663932
0.9774993295545749
0.9179009199708645
0.703490886506156
0.8929810531647406
0.9976025513209165
0.9210338648270189
0.9805702470498584
0.9166895476748457
0.9605442900648032
0.9347007268529501
0.9624196949766626
0.06083021020610016
0.05919354110342852
0.7812600540028106
0.9111096735911539
0.9735367484837789
0.15920866664522038
0.9415453886093319
0.8462748177971839
0.08009207308432918
0.9591964099348661
0.7003617953401562
0.8115407763932239
0.6662992573597077
0.6583891159980357
0.7279757288141391
0.9957459573320777
0.7946728131725413
0.9937849319937282
0.45797342023347165
0.34509987552532584
0.8790407780777731
0.2869455485646968
0.32660383223801803
0.5911870970917112
0.8318460218687909
0.6585154290652134
0.9630412651326712
0.5957114297512554
0.5459104262560566
0.26595199964844857
0.7894762134015176
0.40907547795069304
0.9798358651206851
0.10944262329788801
0.7657496676494218
0.8779936444299897
0.17266349433433442
0.9159068713681282
0.9530117285462542
0.8368646228852146
0.6850282645943067
0.7548681639576607
0.07088912338317584
0.9558016675448828
0.9374383180837317
0.904249298106398
0.8882736062462182
0.1281680008550188
0.9229439473028305
0.13196932853150473
0.2972811407285361
0.9378557662268638
0.09030178284751275
0.8381311150708968
0.8490191433664872
0.9390548699635938
0.37645441339214153
0.8649409821852581
0.31833512386296486
0.8861744561709075
0.8190819403156656
0.6477613786633131
0.11736304257453017
0.277864366691232
0.7867512093748843
0.7869552137049183
0.9307526680076386
0.940447329600475
0.28139127428651606
0.03762197232310153
0.1861961838716194
0.9452346863688054
0.5605492942509542
0.2362599835115851
0.18763449657972098
0.6721615281582671
0.1280351150197913
0.8762308946156758
0.8791849596114754
0.9544027278410803
0.8466145157573101
0.9278071958006745
0.9861556259249148
0.9984979098249211
0.9620786214966393
0.2814252647079521
0.9278216852127514
0.96561014066936
0.8889778336057492
0.8559414234492921
0.9110821963132827
0.5321569365454836
0.624708285683917
0.06302920997470324
0.966387813791323
0.5915753809101352
0.8260538957086716
0.8896380031238236
0.8524450885091734
0.961240729127663
0.8184062770671741
0.9057363983224358
0.9518972228073005
0.6434334591808412
0.08745651241836988
0.8951275264545338
0.9376724674689483
0.8337110866910651
0.7149980033908605
0.10771636880579824
0.12011493495276238
0.6844679276191612
0.989492875111969
0.834349019375062
0.25595212744337215
0.8803927405505492
0.5360645056303854
0.45103580686003353
0.8888266359055723
0.17472544437357213
0.18329582276248182
0.09045750990856485
0.9509531239458612
0.7591907007781749
0.20073283954740037
0.9245725551051598
0.0345214528421911
0.7558270421706779
0.22545233693212158
0.3238339428366168
0.7409697027539351
0.9280971181333988
0.9204109955346862
0.785340183871122
0.726214744035168
0.9057501205519405
0.9985567725375537
0.7236483301605257
0.8481161992931282
0.9719033241592787
0.297062635505832
0.7792821456016219
0.630245558755204
0.8249911565562837
0.8321796956001626
0.7249924179217951
0.7857459340205358
0.9396836273254907
0.17391007927937518
0.7554699422863612
0.7719070693878316
0.8489644380816898
0.6295727769546682
0.7621266828870966
0.9485785131519937
0.9403600337939683
0.9370453124533178
0.7816996699211347
0.8325787325833202
0.9214717828259273
0.7385070487948207
0.9928809514858193
0.9891333904011441
0.8977662375563591
0.9416899877891031
0.6675203118058868
0.8058220588830389
0.1873621447802672
0.8903486905029789
0.7907430213541409
0.902677853644049
0.7953700817128282
0.9078362571058265
0.8660567246142852
0.6958965339336189
0.8132860112974692
0.9460361283152054
0.7833448500307347
0.07124389596348246
0.7217893324631168
0.637965700879301
0.6268652861249268
0.8164862741069032
0.9299002072742647
0.7500202857187193
0.13986041743310743
0.8681943524420371
0.8204114781286194
0.8060016939389676
0.8358558298217802
0.9749202253993059
0.9548721399952307
0.659435237409592
0.6524813571170157
0.9684034097128346
0.9640168959720823
0.9810739889254931
0.8314657789272053
0.12015943775630886
0.10838445676317414
0.6491961692782477
0.8613906873087751
0.09454835171063058
0.6331026596753799
0.3245054773722257
0.6691288575590035
0.7686978363684042
0.8182040425933269
0.9592356406839635
0.7235504459635935
0.43452438857057185
0.9835412116255777
0.9272794249340639
0.7851461396971274
0.8354798604224911
0.9378484332750867
0.028486458922310276
0.9524983440876829
0.9731681454530605
0.990373242927103
0.6670740771279262
0.32740249516239733
0.0903557822678558
0.10167174623486347
0.8991004922401942
0.671982617570436
0.20524782951501397
0.06739283924509926
0.7443908824169346
0.8821461025667992
0.949695257080106
0.11385447391344401
0.8805668710543376
0.09753128260102675
0.760690493629546
0.8796701135379615
0.9703113113235139
0.7867700228096796
0.9525578173504454
0.14142006005321514
0.9861521756752225
0.053609510129380894
0.9212334297595361
0.1263456789704302
0.5536925094222758
0.8386688930101749
0.453005685193712
0.15716111056704893
0.9007589584718332
0.8739723839873702
0.8028210040588319
0.7995121877679565
0.5394264335459962
0.06693739917344971
0.8716633102945697
0.9291905405023786
0.9193322531065875
0.9067494878472743
0.7222948979947938
0.6927256376892574
0.9398164349796225
0.6186318264697533
0.19344013095663892
0.5593400864422094
0.920000062999127
0.9487326456777049
0.280553054166758
0.857727478480342
0.9832002437187818
0.7245447481496999
0.9187493881247183
0.8437419218548852
0.188500384525217
0.728275200388432
0.9203376867898223
0.9553342831858174
0.9770750959950557
0.958410503085379
0.8000023030913976
0.9259740833666809
0.951411071585645
0.7109166881703024
0.8754460675418922
0.5836423276984262
0.9584902764594172
0.9908719723131912
0.7637478345583052
0.07368010819044363
0.6901033427590124
0.7627460862020602
0.7394322474106064
0.7033628132136872
0.35530900180788105
0.9850637420883349
0.932885389242309
0.9682940442179508
0.8704760099236062
0.5787893062150428
0.9961003861673846
0.7991550878712275
0.0758253967326115
0.7751175736100453
0.7569929894134644
0.3670767340555307
0.9357348806035246
0.901748610116422
0.06525021134523157
0.7473455977814634
0.6382757134542199
0.9083667079938598
0.7423363219252113
0.9397988112066313
0.7650809700791872
0.9347510360352198
0.7032874561885702
0.8243372288019155
0.7555317766659138
0.03594147561379874
0.8167074106125379
0.2224310198753442
0.5703193579784186
0.9050346771018183
0.7350498043518914
0.5474588685405751
0.7402234958499428
0.7395042599962753
0.09366295293755647
0.906690614953195
0.9021437611711012
0.7893110430102771
0.9549199767849479
0.9014233311370088
0.9868434581789685
0.5500609386231088
0.9320397307176052
0.03278532189523493
0.4831820793569487
0.14425546696298153
0.3378285552319331
0.9698957264059658
0.7767064258675632
0.6598655899115135
0.10675802807866411
0.8932431880082397
0.2526046760758577
0.8299193982803215
0.7107116511283713
0.10157500035007955
0.989762983918365
0.9010674779263715
0.7970492352052512
0.9735329877619651
0.9217233343737332
0.5736091913124555
0.4757690312109698
0.20305702071303247
0.8792975504583388
0.715136528560556
0.2907328958252675
0.8707189187512376
0.9483809010429032
0.8376397314392429
0.8775058502546071
0.04524933047791138
0.9112858943580019
0.9212713165289292
0.10213767147355363
0.1273561011874353
0.4391633944864436
0.07388048495626645
0.5373958613047399
0.9440057415159924
0.9916835308398155
0.6050871137617397
0.8565282004939063
0.22908955031017203
0.7650117191560697
0.14102266171141076
0.983139323006322
0.6723736962119657
0.8699381751670991
0.3785442452570962
0.45004965258352336
0.7796210639041059
0.870314865365573
0.9867857362378702
0.12432485637032
0.9190767915809646
0.7202716288538435
0.9376578802550808
0.9432075797707556
0.3892262529822291
0.9932823291578006
0.8014041837857762
0.8146270574229981
0.9187354426790286
0.925960875438673
0.9868821241222886
0.87677144962728
0.8450571484192835
0.16236781325142108
0.6501130995547076
0.2716564706335991
0.3000279115879646
0.9329764380993741
0.2019274867929723
0.09101274292517991
0.11922962723297806
0.2907618458888007
0.8971546665163652
0.9758467670233606
0.7888283290617062
0.8138312241366061
0.8267779471600794
0.9693360064053218
0.15216444786251665
0.9736021799677532
0.8433173615679423
0.9126007926237486
0.5451661925350325
0.771733046298894
0.9825354292446951
0.19604670454094775
0.846786562042668
0.9345766484930559
0.17835462174922367
0.7081610384993481
0.8401246188935654
0.992312104876599
0.9698214388505627
0.8656663441539327
0.45755928915006344
0.1457722479216446
0.2332543494449782
0.7053580675528115
0.8866375529453836
