0.49491468646487324
0.9997009851203694
0.525088161031793
0.49329545908920786
0.6430421594949147
0.9044804196460006
0.8081544382761703
0.9682240521384706
0.8558186307281332
0.8779381229056042
0.9070506261725195
0.8186349224250604
0.6496853911603433
0.4517563684430292
0.8180091153358853
0.7986469125807623
0.528034295540306
0.7127294298341442
0.9659328179248337
0.931247331257411
0.7717020435616534
0.25758202787445406
0.3392947000286562
0.8920528315331149
0.9886097019874611
0.9875291531038255
0.7162684811109894
0.6829149881219398
0.9087589710935083
0.9543548884942454
0.9920383659946199
0.8987170271538123
0.7266103692609261
0.7190366703927332
0.666214939886249
0.5845948062055755
0.6881513205188261
0.3810082222740253
0.6784090403163804
0.4676512355264226
0.9709057997272423
0.9274239213197846
0.8190095935235572
0.8649683405450949
0.43197012395299905
0.875768369066565
0.4191400214218287
0.8450598366546405
0.428356217284099
0.19837595285488993
0.910388166491112
0.9079891725058611
0.37843998793079375
0.9909013344310971
0.8080310130867073
0.809748014259619
0.7979424344985379
0.8557718813701677
0.683444134372311
0.7843662161699856
0.7559288433774705
0.9995132983026292
0.907338545034571
0.7017383388651968
0.9420272722098446
0.869679796378497
0.8734152591749413
0.5369441721574779
0.2279679035984974
0.5763343330590234
0.7579423199945963
0.4027348978208781
0.9888462631120116
0.5662348782272111
0.40424843434934055
0.7532641156650404
0.1494551548350568
0.743125111873842
0.3611552983568571
0.31561771836907004
0.8829005036470235
0.8588304115027661
0.7102881220280242
0.8468875571043015
0.9946168873078747
0.12746508590636196
0.6669175405128372
0.8492475147692659
0.7515744481828996
0.8801517492257773
0.8407073681745533
0.4443531151814011
0.9144624449534491
0.8732785507340823
0.6358106854839489
0.7479635267447852
0.7529713559841285
0.8552536256537198
0.8775755420803277
0.6170326906286059
0.9373253428043389
0.9968922932879403
0.9169712117017996
0.49593911363038423
0.6928734328259131
0.9510421340549138
0.6630347395458114
0.6685027068931619
0.8444994999163637
0.9183129446020697
0.8647344372347635
0.43422935369204435
0.8092759101527953
0.9888431343859891
0.8009366876104991
0.7952597073540817
0.8850224241725597
0.5933864669172644
0.7606455554372074
0.662146132297621
0.5975988077261765
0.943422048760133
0.9450758208248751
0.8377877742294231
0.9104261428253805
0.27310277532086047
0.8176048999759412
0.9480806575929486
0.509104409062432
0.6404077724479604
0.9011147764427312
0.9365289821570455
0.6116376738094238
0.922056690246049
0.9026999162312027
0.8395744524375026
0.2999544867096166
0.9088403488734027
0.8752965655656
0.9496765030595151
0.6917865699226518
0.8676674592640841
0.269697132492548
0.9055769298917866
0.9008636203695022
0.7943034092568011
0.4296281433657359
0.9637538495626496
0.5413470813997041
0.5481636868485558
0.685155051933179
0.7521313155761059
0.34513728077444583
0.4775860143460547
0.9246261455930724
0.43448474910170953
0.5110301062709834
0.35582622912741213
0.7142837926111038
0.7632867378866272
0.8251746504155668
0.37171808747101615
0.7997702646538826
0.9151543604102432
0.8964741171655384
0.7852240223094888
0.9729596578606629
0.39694065851561694
0.9281458288729583
0.6910526404186209
0.6772787606624135
0.337067487532275
0.8491279159975862
0.783219618240077
0.5954944866006495
0.45175798236443415
0.6963625458685548
0.5329466410063529
0.7671676974826219
0.8386162304957085
0.7844860528687214
0.7403056328068547
0.8719074253390214
0.7630221149688523
0.6406045025267834
0.6461056252385312
0.7393433097281964
0.6854117737862546
0.3635888007780743
0.8998297369701092
0.7500366883183593
0.8848919401278206
0.9472385874953073
0.4786194869002296
0.4505714021977052
0.7073478478289207
0.9721227532862988
0.3386399688916871
0.6442926371191864
0.9000128670307224
0.8215678547785195
0.6872086616445325
0.5925822833206039
0.6781277871728993
0.8043248060300738
0.8708036750290733
0.8568973663694299
0.6478379231417706
0.7501715046543631
0.920081975423537
0.25590290894294576
0.531327304507382
0.9152409290619627
0.8951389910083456
0.35527838958088276
0.524530964235612
0.37951481305979295
0.41904531952322044
0.7119027795573046
0.7523182612352128
0.5104877974570433
0.4687321956410797
0.7070026281540946
0.9065847060919455
0.7952823179216083
0.6841066068947832
0.4828169925505048
0.5363297221946801
0.4745539653257663
0.47710483257005465
0.9224559213828929
0.9689370218560237
0.6465486359200456
0.6115786818945286
0.8690006715984135
0.5303374102777545
0.9866063898744093
0.7776988060927896
0.39865384218549577
0.7759144893772513
0.7718975882658927
0.7686579404429544
0.6115687098016054
0.6496671663298915
0.8036457009861045
0.7124042858264235
0.9503731428205769
0.8398473819675693
0.8231924105618196
0.6671992702550473
0.9402858302917049
0.7064350309262715
0.8716849513888839
0.8057458324562241
0.6729546169755214
0.6779795543301489
0.993335062254135
0.8015542343193442
0.43051708155658674
0.6073540854480421
0.8913840243363373
0.8241759717729156
0.425265228308326
0.6422008697163706
0.9190537207483983
0.9709588354579495
0.7320230266134833
0.9248036190512927
0.3562844758404221
0.7532957206800822
0.9063561364164444
0.849620167112082
0.7074942880468198
0.22586061406849664
0.9457423147861279
0.8857842510744234
0.8107310553814975
0.9341564880305611
0.820827872223615
0.5474298207254678
0.9328480855287223
0.684406393560512
0.8123999346605029
0.9151972536312385
0.2811864132971058
0.6271028879616773
0.8945912379122414
0.7101675402752041
0.6843905920584756
0.9968365352658837
0.9079452580066508
0.6356234508830314
0.8367134946545824
0.5884768220657333
0.42241167280044384
0.7603604924724006
0.6300197317623653
0.9776117396862357
0.377772024962438
0.761353681824459
0.1796925055126065
0.7242935968064126
0.8649448044102265
0.9447448717853664
0.9388325210786487
0.5149939435508069
0.9555881890959173
0.991939820891127
0.13626336771193512
0.8375701859068504
0.17390089352326568
0.5221581015229395
0.23709415087709856
0.6490998581514206
0.42259831377638535
0.982941470801615
0.6076144873821023
0.30365544907764486
0.2685368038356375
0.8792819125019933
0.7105338113696726
0.8859553068395316
0.7859990628171115
0.9361001837530509
0.8848618799306075
0.8828997242835108
0.9241036269596974
0.7326048448906564
0.4726978324314277
0.8265871582705114
0.8661478340390609
0.6864241529613324
0.8440466304885798
0.12345127703578185
0.26347488630983174
0.8738297839129305
0.7590963674059554
0.7662267963568065
0.9242958864601276
0.7454614064621748
0.71528857280949
0.947969788440558
0.44420396947287855
0.8210263709896373
0.7057630377201498
0.5610986071401457
0.9273972058717486
0.642312218261085
0.753430876035226
0.47402347649178633
0.21536443868833277
0.6332948469131037
0.8896319411937783
0.7511419923450369
0.6685573653845598
0.8539780367072771
0.8483999542790414
0.941061671702168
0.7108803801536681
0.7493837841335496
0.9464862610767604
0.914500378415315
0.8907837946645222
0.6446396483574046
0.6990079642151841
0.7891494728123021
0.7641665514151299
0.8862110432596692
0.8936379122461837
0.3040341736222059
0.7533379794037722
0.9106317980525163
0.3341690213067446
0.7024454433028982
0.7584662506468421
0.7652025639139588
0.9511964036004451
0.8710696568852847
0.8109565550992339
0.3935595381845821
0.822463365306068
0.5380224887018306
0.7898497168403775
0.8164099865326325
0.9357064980897731
0.2983715099812153
0.8901562448282
0.804736633524415
0.6111840401787525
0.8698736542917471
0.631566850006615
0.9023519427159805
0.8025911784079082
0.32553672945772405
0.8764914937312549
0.9586406325709106
0.9355559420130009
0.32258120852975347
0.7576696595692365
0.8370168463883995
0.9480072067940304
0.9289196148258214
0.9380775219837235
0.6103527373874148
0.8280201402386602
0.9415652731156453
0.9147257942090345
0.2861615662995111
0.9494586983632762
0.8797425645870744
0.679018601232223
0.9556393482077695
0.9810275669813275
0.813590344514566
0.5931302748465543
0.8799294007797498
0.5272952222108764
0.32063325998762804
0.7410079693596244
0.9924331878528578
0.7104128127901559
0.8002421459991576
0.7576659095434422
0.7985267831177256
0.5883883766195233
0.9157457076098272
0.8131466742524746
0.7137744970868243
0.746557450587207
0.7849632407280441
0.9537785338107274
0.9478443738544613
0.6051647799665142
0.8405352050272437
0.8542742606425051
0.6640731583343378
0.7858014496880865
0.5552006792633686
0.4037405325619481
0.3602427177392024
0.8013280718113497
0.6787892814550291
0.8450166868302624
0.9229567359491988
0.9001255152034326
0.5287813029206768
0.4108480872586845
0.38628975691629797
0.7992667901699636
0.7176890278929109
0.9686702412709582
0.8553630611592653
0.9028948667950958
0.5318196132053994
0.9255534730837431
0.17004870826735752
0.923379911965889
0.6288546197114553
0.7828520343499754
0.7991390767452763
0.6339728400256961
0.6578899548978083
0.6865207848844403
0.7102732752817745
0.7450119483969062
0.817225674756265
0.4107432022833005
0.46493830051151486
0.3840754331311951
0.7067788691667253
0.835779764360338
0.5770394749941656
0.879774702306471
0.6300434544560445
0.6798976141425865
0.8160260537406253
0.8499345097036646
0.7470933107315203
0.749517986074633
0.25264124481477845
0.8320393599624563
0.9796313331111073
0.973979035226221
0.837215306109441
0.4794824473565734
0.8945972396602715
0.7689863249353809
0.2544684274030846
0.9307211332949945
0.6641629369407278
0.26553785975421357
0.8790368270816962
0.8978388765061642
0.8921815575816332
0.7764254831546468
0.869046671823952
0.3691336569607824
0.5840650652730744
0.752204272217425
0.7525629453482121
0.7789191194698979
0.735965247103223
0.36251500506302364
0.5628834807055211
0.3256348569023153
0.6933741625336329
0.6006689169403213
0.4646563875250487
0.36045073423165425
0.9758540508789253
0.6188737045471069
0.6291828028956759
0.39380940657212987
0.6455926844083152
0.9810357614383112
0.7616273593619356
0.8808530449749286
0.9445306332226375
0.9177583815837483
0.8631878600438824
0.5911047030867385
0.5727251484473187
0.6554550595362139
0.9811142924785358
0.843522906208877
0.8689053148135485
0.7738706613542617
0.8671450655240884
0.5693750041983863
0.8076265395330597
0.6980744332140627
0.7400257893136762
0.8184719568072871
0.8313055813690233
0.6923412726335827
0.8784186218303445
0.6893712552972944
0.8700508736267865
0.3095412305099462
0.9647242479321689
0.6228485223135611
0.8268530923633836
0.8154593162778054
0.9147006367132728
0.9996759694955399
0.6686464678947375
0.6275171891962436
0.8850338096316586
0.37343629047254123
0.5633310307389119
0.9781727644796536
0.8080283550226652
0.5251645546645205
0.6196739513215717
0.5446530820961749
0.9129452931624773
0.5938382252963483
0.7140339085641239
0.6512954637309766
0.4169086605014943
0.7322209715698644
0.7579254906579428
0.7978486751663375
0.5465776246595953
0.7441805681267633
0.9602419832290414
0.44243518572216933
0.5284362534955208
0.9624394825023967
0.7589369810071659
0.6201245158709423
0.527517280901705
0.8004506574577807
0.9138431404721138
0.6127892201237051
0.9273606907160444
0.7084319165509924
0.8441341326216252
0.8084922411541975
0.7568367952379238
0.7060816504887439
0.7995653394830093
0.9787296305899669
0.964611979534465
0.9205164151553928
0.596189727742831
0.5685712995496826
0.7594954631915778
0.7670154820687791
0.3923683513943652
0.920514988520351
0.7490073079503256
0.750469679278519
0.7357654073090033
0.7363620923608918
0.46824055573492085
0.942166380423081
0.6684676230187646
0.9980907127620209
0.9447685631585379
0.9857836103202391
0.9014909420649546
0.8639976573249337
0.439976602409769
0.9309682525121455
0.7156000691746757
0.7868271836508136
0.4389741220058264
0.6681790756794508
0.7089868058179055
0.8417693116576132
0.7639319328322131
0.5883163046346966
0.7230139736577545
0.7615861836952076
0.8200201057980026
0.6603720627571819
0.8829114986523403
0.7030509073799103
0.8802284519103993
0.9362028675466996
0.686473310462078
0.4135727933748724
0.5532593225925138
0.43394951312903174
0.6907014466379311
0.9608186498557305
0.7064122244667386
0.4732836474757536
0.3061069826250334
0.9877171608611934
0.8058731632950986
0.9368301863465085
0.8835434300388205
0.395739916370392
0.9459967250934929
0.9234925498516735
0.730503089207107
0.6058540833941743
0.22414310595435027
0.944466240734452
0.4023438879363639
0.9240981473103052
0.9447286729141408
0.5828333651590555
0.7859357162395914
0.7095793743272704
0.4172128301744219
0.6320699816026859
0.6239669314110377
0.9426228225612256
0.8438872286093981
0.7357814372501446
0.9253778304894844
0.5283609459055945
0.4908535296295916
0.9113488376802548
0.8610947507971188
0.8678208055909017
0.8179207694484483
0.7752468970858799
0.8041421444569552
0.17451910732910683
0.8629222526911227
0.24436277556089475
0.2242891238027548
0.4803039356383424
0.9884165970602918
0.2986016751211862
0.8867093359450573
0.9292963644683625
0.9346319284790494
0.5478614692949032
0.6582641601460629
0.5894249682696016
0.617632721760761
0.7268024222142373
0.47886369139932494
0.8738823221211287
0.3880388854328999
0.7583188887042992
0.5443024989469403
0.4445426748729814
0.8294471910049224
0.8642197747600695
0.3533949560526135
0.620635383657328
0.9277772159787885
0.8233923379600151
0.30540771574769354
0.28983077002727464
0.3591248265464422
0.31509157687737854
0.9771231465467041
0.9617324374572067
0.6776586997588535
0.7727526889034539
0.9808151435794804
0.7410192115975032
0.7029764916624639
0.7536946764411242
0.7320768658233822
0.6582529571617506
0.9650653224231274
0.6250031005317094
0.9474530613378019
0.5446983919543276
0.8577167717418518
0.5355494716666538
0.7959181018641079
0.7645029553577549
0.5652892722825518
0.8334471585932118
0.69173286657105
0.6500910299171532
0.941540646419459
0.9108885437137391
0.7292732534855894
0.6408439451281198
0.7509683678987651
0.5373504449867519
0.7388031299056224
0.8945964585602784
0.736638646336124
0.8384444290954043
0.41414973880673933
0.7087287500563204
0.914492556656576
0.34636727264839
0.9315892800132459
0.9838648559275363
0.891377734720003
0.8242754249360378
0.9805058241674752
0.9660798559719135
0.9301594583194083
0.5423017741854723
0.9685742480453414
0.8946581439434855
0.5267935087867567
0.8685268281725197
0.9395761499073785
0.6776426312753819
0.9489501246058336
0.9663412176016917
0.7635266084706938
0.8084807213787991
0.8319357303591064
0.6155850523374905
0.33546454772867795
0.9395706016213592
0.29512642633196196
0.7394788740085605
0.6482330049810046
0.9073288755269778
0.5547140854608077
0.1627893771058383
0.4436357132232053
0.7585433936185515
0.7534779005757746
0.84491374026845
0.7701588808664012
0.923176233935167
0.8113962833340389
0.8150857849035592
0.9359058546100061
0.22883341061466722
0.9316586190953944
0.7661950252084138
0.9004479957505613
0.5007788307664269
0.8740848899851805
0.6057777277464066
0.7229917967771047
0.6404812633750946
0.7011482384647996
0.7295387345782525
0.7409316682690157
0.8504059624552707
0.8351868260555262
0.3146689581186862
0.8208183003836584
0.9620228503616437
0.6181621128846199
0.45851752344386343
0.8453378620826897
0.7202026557830277
0.6975245305529089
0.9550279722744857
0.8055240730060957
0.9187672657505128
0.594419561315609
0.9093565664339174
0.9160893142590989
0.6228806026753233
0.8314396138231122
0.44369186213682504
0.834790849281194
0.8615050048517969
0.3056745794746362
0.8472209489675236
0.7930587595225753
0.8109545769440443
0.8990437836819172
0.900951123573001
0.8709477468408441
0.6210929036272368
0.8506703350878776
0.772445379208034
0.8099603347989416
0.675138743662735
0.8102437178231127
0.8459536461952935
0.5704286545155356
0.8808877071987377
0.7086189023824064
0.2780950845211071
0.8045114547992057
0.8301036016264973
0.9370595864213576
0.8814982261117918
0.8035327658380607
0.654686995483653
0.6492167097347175
0.9737213975614993
0.21214191618388376
0.6165328859180489
0.3893644423752914
0.7574937931353917
0.6711889847923521
0.6865759421114654
0.7715936829988846
0.3429408505036076
0.5582583800108802
0.43196696647347366
0.8617797512061292
0.6591046756820742
0.6054898741455547
0.8754947757166136
0.7575942652172409
0.9161941112568064
0.7052068201836965
0.8101842762229073
0.6086438799112521
0.5787687445968375
0.7869377636584498
0.7823509947984464
0.4131257760321574
0.9239393493140208
0.744388024747272
0.33546947345317346
0.9906584036246666
0.609815236278516
0.8180025078542437
0.635682629043746
0.46333764871039274
0.9038001991323866
0.7979139166942453
0.6994410904557058
0.7587871762748073
0.8494136002865047
0.9642231400598177
0.3785527396694573
0.985887436488103
0.8454076104432477
0.6722673363565745
0.6101438310886632
0.58726371182027
0.38238258559948307
0.624475868526875
0.9186787907400811
0.7757268264699944
0.2988726591296498
0.43726050914300824
0.825620264128807
0.8609992851380006
0.239603512340196
0.698862994191412
0.6930309006969495
0.6658153842819741
0.7519084351718393
0.5882925434898141
0.9689533220342657
0.35907574936731657
0.9535067473306748
0.5872903054847864
0.8517684860903594
0.9097179887211345
0.562407749077874
0.8517663242477856
0.5454126718113321
0.8827421766563189
0.8620158099765154
0.8896866803695341
0.6664528513697066
0.8346501516258218
0.801379314391633
0.7281637994889951
0.6043319957697995
0.9406003078856785
0.6790736557655896
0.9101285603784082
0.89358904244266
0.989468358196339
0.4936981727109441
0.8117307705710901
0.9765312299107592
0.6807776628671668
0.48002790967313813
0.6558752514415291
0.4593012734337545
0.6019748943920427
0.8419531787280689
0.8875489745339609
0.2042112892494069
0.5612922665611779
0.9760982008192156
0.7645902456602645
0.8191631914210148
0.9288333876866718
0.9648692605407183
0.8067491859827023
0.7922405676926871
0.6158290104251838
0.6489700422213612
0.519876074935102
0.7086445940798617
0.7041155525101874
0.8501629856548938
0.7461564230507773
0.8342037203564598
0.9550883735644318
0.8426631373496695
0.9426479137026386
0.8208874519525654
0.9339759032148193
0.8065544521081529
0.9516893555869381
0.521000276454653
0.5105144862050706
0.8781322215358858
0.9498906699027891
0.8843041706684397
0.7425700709939018
0.9130300886002005
0.8566968758532707
0.8166392415883144
0.8014911688390209
0.2128278297911138
0.1840024916487926
0.8131964207933231
0.7546045022819823
0.7376396192816652
0.8995080318260795
0.9373197769620567
0.2231993496001607
0.7522270291099629
0.46667182880608804
0.5717794786251574
0.8286013982876982
0.3561688837188436
0.9151529377328962
0.4551314267562064
0.7434978474027142
0.5367353046961644
0.8183142871802047
0.9744888020645889
0.7596720383665905
0.9149901556087031
0.9377608737096967
0.9602394665634518
0.8632768097964021
0.7894640093143546
0.9615913913683861
0.5416133926345333
0.7599433775490301
0.1569292415167501
0.8704117172551193
0.8660069973828051
0.8033589473198752
0.8955107616005337
0.9666551859635287
0.7177212582120833
0.8325880928652492
0.7046347620571798
0.9486396770759504
0.8335083897196217
0.8654290677713868
0.9222999250365963
0.48458285513203303
0.7143622877543873
0.7630034614018617
0.9137974855653597
0.4790423836967499
0.920295121690573
0.9436307563859743
0.5782178380577165
0.8006417265040366
0.7195082718794974
0.33304757114887784
