0.8801247375485866
0.9216387465529006
0.9276668192908495
0.8810497784452611
0.9599473798329585
0.9819190235153276
0.9656437186757196
0.9752336582373434
0.2656323746891789
0.1497173676309177
0.7915354542831978
0.6282847915486791
0.39522997620102035
0.33561138543625124
0.06868201246956332
0.8788852956134526
0.5158351107978713
0.2125543859981448
0.0664604457046277
0.4544079496275819
0.07501813558598529
0.7983226076181031
0.9685173927414128
0.871536774368624
0.9346632546680873
0.6949848390248816
0.8166050095080555
0.8859725748815102
0.3012281455483985
0.30799954064327356
0.9049881155173909
0.1499251287788231
0.8523093332958473
0.5275754905594185
0.34705272933870357
0.839488154161355
0.040440066246661466
0.9812727452632947
0.13057627166481336
0.550070886892499
0.1127098527324281
0.05995642164521584
0.047192209938068636
0.9233027572704837
0.900535894873486
0.2257413373331357
0.07896193173640434
0.9130425672388744
0.947318972699172
0.19583476992263
0.8688605880446312
0.38425309914069294
0.8159272580666663
0.7322485502417171
0.15709345401395078
0.9577948250847085
0.9234300460661529
0.26637370566650787
0.2213147934665565
0.2685210691473263
0.1037649933799315
0.1597286332135366
0.6054541723845611
0.1228479894139983
0.16115517306575972
0.4030487931188026
0.14499483239559552
0.2901010017931254
0.9287035920720521
0.08306397637274389
0.5989707488123751
0.9026922815429228
0.8234697399518569
0.1701114693482034
0.9767590134653205
0.06812213391496602
0.9195722328566611
0.9346802011292377
0.946655500254179
0.03477174261037824
0.11306812797450409
0.11255222564208911
0.9529950884058757
0.07357554840442987
0.11980336655580029
0.8969291936607998
0.8822978345790049
0.9158806562496241
0.9363317624864346
0.962092706363092
0.5457573665045765
0.5591199374798442
0.5188598626836504
0.9317817865819507
0.9836906730422499
0.12458666372170749
0.2707380389592854
0.13542342583047456
0.5678692702712138
0.9163727652425309
0.921248751917056
0.9499660598141639
0.45522844931366363
0.3919740811346697
0.8734390801268797
0.2090646977913325
0.6530313482068846
0.031032087483731693
0.40794213736698337
0.5228857281627401
0.10090277413357869
0.8444709917529654
0.05760102984118497
0.6792232632926062
0.7180411309078708
0.891617976230836
0.0740898914318821
0.9883139282629478
0.5506837383084761
0.10480687271636371
0.533281942745465
0.8971310159902667
0.696118417060187
0.06707367256094902
0.08310537686638658
0.6511323599505592
0.11181494528807467
0.7811136119162126
0.972889793597886
0.03948348449909014
0.3327183031051582
0.89981620977387
0.14971680736989668
0.8695446799226348
0.1487585384779477
0.21098803230950083
0.8337944290025359
0.24562327338448314
0.13984900373355755
0.944079402106291
0.6204432613637931
0.2901906454111982
0.40324871372504956
0.814161822271599
0.08297213861494383
0.2159901468046175
0.49618628513935836
0.795715895518653
0.9271788870624591
0.06765114683617487
0.6179260571163985
0.05738055826005567
0.5466393488483212
0.2708166145774998
0.895631921652551
0.16600512619179472
0.22607414270071846
0.5775736785208464
0.9546102712249958
0.9445776929199659
0.9025668424366091
0.9630701173956362
0.17275822003261354
0.7005401071992552
0.9974349678559816
0.849030727032587
0.6026983331655882
0.8693918179825021
0.9942958435076481
0.12569633117327106
0.86103764829416
0.9196855344291632
0.6365997638922821
0.7538867365504089
0.9807432231507991
0.9483184847857118
0.10946379217009986
0.4869085238819638
0.6868616202220419
0.9589147239344308
0.35963300768377604
0.9885923513343096
0.5945093288477822
0.8268154480919068
0.9062863918240505
0.09974377279326872
0.5866022298285012
0.6810034682899788
0.075743188149301
0.9602216845587535
0.5394509909318256
0.7069728791218813
0.8489666944441341
0.41457775838889716
0.7198276746407783
0.20034490999015764
0.8275186291577403
0.039770049851889706
0.648898555040555
0.4438133094743271
0.11760781718379482
0.96539449230763
0.03552644494866734
0.7927053313706947
0.9869292738215547
0.7519069588171187
0.8326330738866272
0.06834832620783633
0.3323799601250198
0.09046056806870593
0.13495717023129092
0.6432083004262166
0.9717011376051973
0.8074453740651848
0.9012403290022856
0.7475862673906819
0.26201035959536967
0.8242036207069987
0.9109585045994155
0.7858346107233236
0.26586682434379005
0.923401088139651
0.926348253748345
0.3889320175945983
0.12793025054329446
0.21383321742161815
0.8990608095864502
0.6045381477042533
0.894257192390719
0.30162475019816304
0.4961489071039453
0.13325113217039844
0.4186598192440835
0.14750844674721683
0.09116603212690294
0.6738267885582101
0.9007708449476841
0.3878106520778719
0.11589020913685129
0.11727551171514344
0.804308453850382
0.9003302827940274
0.17260043446738424
0.6642423425594415
0.9564031162936211
0.08962854052250971
0.8993769908616162
0.9824471350970132
0.2137775508452009
0.2487474984868082
0.832447141093589
0.8487907221567937
0.29604921820461394
0.31140125089164394
0.9983256980560449
0.8326734335408744
0.1965653665849459
0.8506207432607439
0.27237456053288706
0.6738468267409164
0.9952309818908012
0.6470426304372243
0.14961381415957775
0.8623365577546296
0.16381268379887579
0.09712661330502256
0.9600616267584345
0.8857180386021705
0.9942122417253059
0.9323558059230403
0.35930638447252194
0.09482368189184856
0.8226376842017018
0.7881767309652461
0.5859462592114071
0.726397809723456
0.974493274081418
0.28892479896174855
0.9795559199084829
0.7830317802862019
0.7228290334692695
0.9296050388435281
0.36577001645367785
0.16596099759976846
0.220770170468233
0.25346123827257705
0.49537811327614506
0.8415935964962415
0.6292579260789798
0.9193132452909021
0.5180843794359336
0.936126964601351
0.6497919637175746
0.876295932420045
0.936729565446536
0.9744507973191742
0.19061959921566196
0.8075648545382403
0.23403383359832983
0.6899622816083271
0.44009246692908977
0.7489405262898314
0.8516357496296475
0.28843772767496223
0.1312503745775504
0.12244988808463404
0.04684328842210187
0.9524945075958032
0.9830613060597988
0.6148676264042753
0.4795210824316286
0.7138150489348095
0.7821479878788204
0.07975319364779013
0.06914839293745498
0.9176701892874378
0.07201221714672179
0.8532213538755125
0.6887132802350371
0.5533759969392308
0.056718722090114373
0.15461733686712695
0.6255458714787194
0.07231377941157655
0.3747318912957399
0.17473435301151163
0.20018116533690078
0.06953458617177706
0.6402226045371542
0.3760724996667961
0.33550915012651483
0.23604626241264437
0.8689880139157211
0.7681750376800558
0.34313450875813145
0.3526479101163066
0.3671514574205643
0.06751827843726972
0.15917583159615056
0.5763122510130564
0.8847830290910681
0.28353981016169594
0.7280339550737776
0.9263332059924055
0.039797637614850265
0.22822690254189482
0.8570109523108262
0.7562356183077265
0.6443896000633451
0.24029445594599078
0.6992377628204898
0.7949461689116559
0.9555928933097515
0.13999768009499813
0.9602041928817605
0.3812193294678437
0.6071264607914493
0.11760505898283767
0.6865791925693883
0.9869511077406048
0.14251004786039462
0.8713625908760141
0.18842317655155208
0.4936740450324701
0.09523596336091286
0.8707312244581664
0.4700436642441867
0.8070046387034506
0.73025166831642
0.8846814636419532
0.4975801493332486
0.060778933864044614
0.36766191915401336
0.3050636814079125
0.9960316853360474
0.09640459390679125
0.40112523673524697
0.8477725522802348
0.7034634587632962
0.1003510124962857
0.40740347998298443
0.6757485810001431
0.8777165736837467
0.438473543994226
0.997963923183081
0.4363675001562527
0.7576136864204261
0.17780972840244902
0.06808521865595349
0.08705415924055027
0.8384318233141632
0.45456654119648554
0.8380800916431859
0.5465245288059045
0.2149123877130803
0.9992332729718669
0.34160389448975514
0.5903163351773075
0.646354220845897
0.10271119919186728
0.8993403236006664
0.7418158221595391
0.7394241779469094
0.9163001873455245
0.29220034361909536
0.10675122616808486
0.05982008144243063
0.9865464911648916
0.8156564883613682
0.9398133077034352
0.3034116769282155
0.18152980721109924
0.10793618723772608
0.26874466486223353
0.9247384625848925
0.10178957674722336
0.3482780381945628
0.8616214363412693
0.7725712540316872
0.8333651473868653
0.09731827841474223
0.07209814667519873
0.2341115138703488
0.6197556855755084
0.8995972846714912
0.17934187180276787
0.9810515543588855
0.8886084605974143
0.13103844291379907
0.23424043896462676
0.10806231318040369
0.1265886803467025
0.10323572953128576
0.11651406341424257
0.5643983327064881
0.6126537688324863
0.9916525863056795
0.1820294484027239
0.15424322767442852
0.8393895123484363
0.9278653130425172
0.0655490861236295
0.04491286803945259
0.1709814091648163
0.7018442527230992
0.6371278004305099
0.7097762687902109
0.7179810981064252
0.9119235011964995
0.663705989234614
0.9294956524393113
0.19668253644798378
0.9329251208821318
0.8268003562429171
0.6488253145754159
0.9760407337353814
0.72486305657616
0.27198171134585725
0.9917888667342276
0.08769473113016445
0.9610838106266963
0.13400239398898794
0.8529930392771635
0.9211381496588964
0.5125422528971899
0.08990923638009926
0.385884919743008
0.8003716662919403
0.7500657303068845
0.751129853310688
0.9399311801793327
0.8798555489598443
0.7768210783808485
0.3705660946445895
0.8201115833106363
0.22856434777396886
0.6427523741953546
0.7249253221921637
0.5542802160531785
0.7920902367385635
0.7420911346695729
0.8569870566344653
0.3607397585522799
0.17721549469592857
0.6679716611942808
0.12423438060747688
0.8954897987781552
0.40245284371987056
0.8157570238083454
0.8234510448684527
0.8858734483044995
0.8427052322575819
0.8655119761323744
0.28519760122476806
0.18920127897310005
0.779045512043278
0.8652723420928987
0.7572093502052046
0.8529858070310673
0.830679270732934
0.16039002478958136
0.5481444584436865
0.8663481915589001
0.12288341882165821
0.7500225628891969
0.31550578891168035
0.19225060500029667
0.35324617701303607
0.13166493964218645
0.15999070576934202
0.18792740064469993
0.5890357745702771
0.4717558770200341
0.9408827226447669
0.18845868403976995
0.8909002480845674
0.7901927134957235
0.10820792984698835
0.07645809987012887
0.23146294775242982
0.12259482656901649
0.6638566817893097
0.19857996025995847
0.763846304975512
0.9970057587116141
0.7443973362580301
0.9655500592409911
0.9435730140283751
0.05864286445537185
0.06927370702989091
0.6901701154793565
0.5926530497400148
0.8450354179485866
0.7193170693642532
0.7204312434921978
0.8339114091220525
0.983770733055228
0.5033287633207307
0.6866077686364076
0.9249329918582159
0.8948865539391658
0.7698838126795327
0.2566908331584524
0.9011044664942915
0.5959887686415049
0.8420941638439535
0.13828959049383077
0.15442043485016382
0.5716958763981435
0.7466106503918835
0.11911150319189467
0.3744795491771544
0.9607171771196172
0.9852815380308205
0.9104071210931268
0.035643881143678814
0.8877569884111516
0.07031457727679527
0.9765390409021468
0.7596736137462574
0.9159008238085387
0.047457777279869995
0.18007808998226743
0.1732962567107294
0.8806783025260747
0.9402824734815305
0.6963114690960741
0.13816084174303947
0.9714014947551393
0.5656227176346319
0.9683348577177916
0.7100105166850332
0.635283500087946
0.7899019403487227
0.8882044180071508
0.9994147726170448
0.8777453844368246
0.6553538984727791
0.9356786613681012
0.5736717171829512
0.029151388226586562
0.9783244649153089
0.7268137955044967
0.4900059808069369
0.8055409206467673
0.9936383131156886
0.28393114358475524
0.9814456928301831
0.9438037158242104
0.9791231505011819
0.08996504702332943
0.0739569289724176
0.5546933035833603
0.15088476518710603
0.9312764416522682
0.7302574065330549
0.6189807551467255
0.12613663728380398
0.47984128790041114
0.2836366711624844
0.7862947328740748
0.6081160049867451
0.9670330863794823
0.6760625280472804
0.5549074385717636
0.6600591915922244
0.5590018781100952
0.8969445661695379
0.8371287636521942
0.5333031535451482
0.08135115178639205
0.9513578026983798
0.39867173609094564
0.14394375514405747
0.6145202486085646
0.5006117478960159
0.5801653414968726
0.9044106786439754
0.99128101175165
0.3651581372969355
0.8302811474995839
0.8186439783512364
0.5469009726243148
0.8201534357686573
0.5087145043341703
0.9586885430359324
0.7851704973077511
0.6061067291276455
0.6927998683307022
0.9389939435601267
0.962667595030156
0.8836162000926931
0.3410989278306623
0.6765042014888943
0.14416352339265745
0.18108989196225764
0.9207885111041855
0.9370544557445459
0.1635283292198923
0.36118693761171083
0.9652497396434208
0.8060300964965652
0.6595244569318083
0.09283181770599327
0.9568984649680594
0.06201590065431664
0.12268832531160254
0.7836288331574807
0.8916085639058957
0.6433748124818135
0.08296601417134178
0.061444821350919804
0.09060605455041627
0.6119292730311147
0.04982833304593288
0.0549372129786371
0.9582645545493346
0.924563357617241
0.9015953837339983
0.23284050473018347
0.04453288757210408
0.4483219180205694
0.6293313156771728
0.8330592568262544
0.04672482622384547
0.7118310471073535
0.689380400668894
0.2341274438390495
0.5295699215318214
0.15322911473291856
0.7732322019811825
0.34228738844998713
0.47277237396028027
0.4836550874619392
0.8791537071499869
0.8593121977654533
0.868586035555752
0.7568869913595961
0.11219811617972734
0.173755300704111
0.9813874768334241
0.7325345588448333
0.8973203696093237
0.17345075810627872
0.21998170035472067
0.6803822114994311
0.5753233695132677
0.0717080058919908
0.30568761595245364
0.38947981022034095
0.9324030942480067
0.8606795811254921
0.6375481350092032
0.6256463859451413
0.8640237825245329
0.41166918517388285
0.6408008089451888
0.1970766247737693
0.9068846645329582
0.5065445107724305
0.15438287368158024
0.09946934474619931
0.6309776202100412
0.2267621330359837
0.9776886818825438
0.28641268066766484
0.5105339100821984
0.11463250172460232
0.944997565268063
0.6713165720040879
0.3947258105713553
0.8633945164547916
0.6294853430957597
0.8674074107120897
0.6463327470378486
0.44649424713870295
0.9275960738238528
0.9153726536073865
0.8424410162092504
0.90913218089938
0.9675290865824262
0.0810387412491237
0.5591751169617394
0.9175340746116094
0.8677205457643219
0.3542226777233701
0.8389713329717092
0.35463728377942655
0.6508611190699984
0.23778394363803296
0.10035039277292333
0.1278303029336895
0.6952751490610194
0.18175979009017557
0.4971882184481534
0.4130927659581576
0.8963860926206881
0.9740646905325823
0.8075302293871713
0.1306380585934031
0.08709812295763827
0.797044536990642
0.9265170041835413
0.9290668746800292
0.2076121776289795
0.0602415465476286
0.9271149931980556
0.723280912778062
0.7465870514021131
0.7939635874236086
0.8527427473716946
0.8204134328162662
0.025135913846244258
0.11989394949607392
0.45065673926705513
0.16633939510258133
0.9961716437910345
0.9828385108553852
0.7152977614183571
0.8701813689854387
0.9099193828309744
0.8703137641789445
0.9378632520308949
0.03164211902127604
0.8415359447648878
0.968599359247325
0.17759163901984854
0.6828017175601353
0.840055745654021
0.8196789142567662
0.14361123179262053
0.08100926231299749
0.22005756493309242
0.4558290911822792
0.9073322702566791
0.882916140014717
0.7860243539814915
0.027964190511697733
0.6591982965649267
0.8043767154545922
0.08750278608299289
0.7374755830752476
0.9767067661944764
0.46000797893490686
0.5809616562769802
0.7229056580575848
0.8525624054236134
0.15294838377136402
0.9902006369538439
0.28080232837213964
0.7417018808488948
0.6275350754895119
0.33556206258295795
0.11607867107634623
0.8001046126579514
0.6826014050567567
0.8250342305968194
0.6881222529643314
0.8224370091440023
0.8110817233943262
0.9103104310162303
0.34536330392483844
0.9046471956624922
0.9501253608118903
0.06966539760435
0.8033636580945903
0.06742633494592694
0.9097642100424289
0.5837442641095963
0.35024706408150563
0.5794605163972427
0.6480332084793503
0.39244058344129096
0.8936440307013298
0.8166510702411951
0.17004527855887797
0.7401162393503067
0.5864134964634011
0.6815706666150557
0.05360183742405954
0.08822621970419221
0.6136297633125455
0.22777840251378925
0.7309598094041154
0.11677592225081762
0.7222435160498879
0.16865876872944408
0.37980747028599215
0.7178069816916663
0.8821284352534173
0.11672428617795408
0.23130179759065417
0.10077404739335566
0.4378024988179081
0.18463810380226234
0.8926609832874409
0.6815013242206239
0.8369052090640036
0.9445170447349456
0.11790184289346686
0.12057097732582177
0.9787080976515359
0.9672694885898839
0.4917729551337079
0.9202616986832607
0.7491817687018351
0.730042684378212
0.4855230651021467
0.30371029873616506
0.9418326230827581
0.6202618373417104
0.8784662311046812
0.24290170000264255
0.09520295887493381
0.9601727554822284
0.9172906048744149
0.8863838536429894
0.41791117487093143
0.11730015889248055
0.18791119870479045
0.8879845024557991
0.8256372063239175
0.7407866016584601
0.8823136674007068
0.8522737176766697
0.6481026482303791
0.9171450340557278
0.8513183371463332
0.6956796867126003
0.49505623372167906
0.7066589711724053
0.8891893553073335
0.8158421875265799
0.12771555709786445
0.9262087320677577
0.5703371515557463
0.5946690547850431
0.7704851226645275
0.24067564798665608
0.812838623780948
0.7725206412717265
0.26948831541036333
0.12969551895155307
0.3896010792217318
0.9664686924598842
0.2938044251496904
0.6402959131214858
0.7725429164394815
0.822380465020689
0.52982906529165
0.11179470904194327
0.5589693458497585
0.27064654925951714
0.28968165682240665
0.7735931929748409
0.6185032901498074
0.512496335105503
0.5806278117795827
0.95442072461698
0.640555040883916
0.9181073746329397
0.7970516104963074
0.5987000950126136
0.08692693863282162
0.8538300778003228
0.8646373032992622
0.6167925516492666
0.8275748681958381
0.5175482785781944
0.7870861859518595
0.06912949538548675
0.14491480491975797
0.8913976881973281
0.9599539313740841
0.5807994901996438
0.8742865711382911
0.2031869838740255
0.5235721180300585
0.8249949191222752
0.7866454045780393
0.8714866350646607
0.8593325074171205
0.45813156574040526
0.6601874863265285
0.4543794884000894
0.9277391690290808
0.09092641386931266
0.944958292435179
0.18595724902766425
0.6557037281201927
0.21139165819789696
0.24546399733542976
0.055547158050528074
0.8690366467232777
0.22305263623002888
0.9822792515378788
0.9865959773991098
0.8155926858593622
0.9571944843196242
0.8691194115047564
0.44841447356480596
0.7364342607752705
0.28760084981773737
0.827773864400086
0.18432273418883427
0.2915327435163081
0.20659896076903678
0.16932401043288836
0.6429252582195752
0.9812301574051878
0.2715133054773925
0.45673280275078876
0.7931955613125756
0.9515220377844404
0.2787110175540223
0.0911131990101407
0.09788622496045793
0.8936448835793992
0.6275769817709245
0.607631110264575
0.719327000492916
0.8766126201942304
0.9309437678278702
0.7658214325616651
0.17840006587308793
0.9882155777877146
0.18931217611563592
0.35827640539305605
0.11535130520123754
0.11928904154194477
0.9242588618896036
0.8455226145717153
0.8135658127748786
0.03904441180623073
0.6950439641760412
0.9156233034383219
0.13384384138411878
0.8134264799549986
0.697826155763306
0.46610041302737615
0.9262638869311193
0.7501033628181575
0.8743349398414133
0.2299366938914289
0.8010832444257363
0.8846285305955682
0.8889492378390556
0.9665398898489137
0.0818171415488132
0.8117724151563848
0.7414644031687856
0.16279823336787197
0.9845111188309472
0.0889196104502595
0.9993071781783762
0.7410079544610011
0.17650054867158993
0.9528711623570872
0.14845221301435724
0.10380719296750883
