0.8719650025887556
0.1378203969642576
0.8682212340359019
0.8134222981864125
0.9456157287492192
0.3580977493521239
0.39146904744736283
0.8713361657362501
0.820647446873609
0.42785925618786247
0.9300838002608238
0.8539797180175968
0.9121832454958034
0.20994102220095115
0.3081190709810016
0.8574215060796155
0.9835000185313447
0.970540192071029
0.8564473009849369
0.5627089983678266
0.7770216015168183
0.9970157194776912
0.7768296035127618
0.41042545440282613
0.9706112829309406
0.8627904235466509
0.9210752022347772
0.09198042264390938
0.9570836834462932
0.9244908473154272
0.12879268746805572
0.8489487883509096
0.8871804637627796
0.838036617391285
0.2956788275011427
0.8855067678353647
0.8707893900155973
0.936628413907982
0.7229351518904743
0.8822296150845862
0.6876951573461743
0.8494449982307368
0.813439051041178
0.7493135134987307
0.9870197185545693
0.7983509556908159
0.4394989464452933
0.9149442822362867
0.9205938761842085
0.9769093594397273
0.9337786489642147
0.9662142562178917
0.7124513295010502
0.8161592780548872
0.970912077277404
0.8136706143466966
0.6748429321771368
0.88114818218286
0.16615439203752302
0.6474138251290231
0.07029288275266415
0.49788328108953206
0.9778881044352017
0.3514831991324536
0.07180501396702886
0.40660208565075495
0.8088433800533766
0.11844467563102876
0.9879872247749721
0.9533471456453227
0.7273507704919773
0.8992254128068831
0.290717740919985
0.7522015375489435
0.965650633650592
0.8620098052699523
0.35182770791138596
0.82037483279356
0.5695592049541998
0.06571291209606238
0.7269459423094486
0.7213533695009784
0.11927831714752672
0.05618814065707113
0.9132617135802521
0.7041068214053854
0.15880561072858043
0.9847091995269951
0.903958051286172
0.7309162522246362
0.7416928173667228
0.961564713172795
0.9448182168539359
0.9778812087243256
0.49369473763423044
0.6574476791754058
0.8231483785041304
0.916460624452565
0.9043878162439809
0.7202992499762857
0.1962676686271348
0.8841811502124903
0.7105582268883113
0.4580969315213361
0.08788598298557779
0.9081786178427593
0.9089928471505364
0.9913701347026458
0.8902741999072825
0.18947589918124932
0.9950144261759015
0.7066019162436824
0.9780478916924116
0.8461331629315888
0.785290297122222
0.9988373449238779
0.8448709326751962
0.8514164164101676
0.06040221960414991
0.09295559546434064
0.6823774029408645
0.7405356671879437
0.8920052055728905
0.9265338291210714
0.7021663465972223
0.9046041694277271
0.9243089071891252
0.8714339182794689
0.2780484435157733
0.9997583891871316
0.7564477517070821
0.21814051383343183
0.49965869187951434
0.09239621205946008
0.6391031992608116
0.2047492224088555
0.7603778460906426
0.6791907794034041
0.9137528932623471
0.8985662466731469
0.9577755456164806
0.11883601879309533
0.9431580800202307
0.7738257780447477
0.08668735060325405
0.9367567902930706
0.361347416859012
0.8205806672051803
0.8337247119715736
0.8119954350470993
0.9596983989941625
0.98288457507451
0.3838111770874054
0.951275761009031
0.7107210838887364
0.41020882820219784
0.9703619476511318
0.8588688569773653
0.8239591168869651
0.5881070186422422
0.9779446577056871
0.9590323483422178
0.6915872618399218
0.9874301930032228
0.7435405323796594
0.9075134025348873
0.8162911794844636
0.9677087465522611
0.03905144933471047
0.37460966927731243
0.8335022569225622
0.9859709199444782
0.9472096720712789
0.9559906724709326
0.828781196414278
0.8310081711494142
0.9395563489425498
0.9079653446425306
0.9582113556635428
0.8735438984298894
0.13509005830658508
0.5886444395071617
0.7387951548976304
0.9516996311823547
0.7968513813437728
0.9249083245155061
0.9930973093847033
0.9882394193811345
0.9505352971009879
0.9040169785976251
0.9160126321806898
0.7844641972169921
0.9027555152553849
0.9674730938985876
0.5731603287162141
0.9100497902462541
0.9156331621261675
0.9410774373827799
0.8419662084185641
0.06862138021609165
0.9786268154435025
0.8836396043220058
0.2220826234441718
0.1426987789866591
0.9431822960394936
0.9219276454879852
0.17333074168042417
0.901998179974772
0.7081325614816607
0.9340626068735006
0.9984696313404662
0.18837887920967164
0.9482121023424845
0.6133006557254568
0.8956085550825836
0.7829190671740275
0.7704290819354507
0.9048664027579336
0.6280898274148285
0.7078019176368497
0.09120654318473295
0.9618859527084119
0.6088346074472406
0.9184660176719377
0.7628900106656278
0.8114350777969281
0.15218976486545943
0.21066765458423503
0.22049494619436885
0.8435709097217136
0.9652173866427876
0.9204873626953758
0.725311109672656
0.8756517518345104
0.7073182443277395
0.8623116158921181
0.74615456317498
0.9994670807397705
0.1633628607310807
0.7583836527354717
0.8327661490288355
0.5407121475903142
0.944725330352473
0.936232266011204
0.10788042833783762
0.8251156500702109
0.16545591620038141
0.999369191772921
0.9557891239497323
0.9020635850989458
0.23680347727911077
0.8783812317473016
0.7608397008176115
0.8977156493571974
0.9591021100284758
0.7920774591651065
0.9893548815243955
0.8086911978927331
0.9005353893667745
0.8442075429276457
0.06917284378299929
0.7893106767463401
0.9094084252072909
0.20371311280016105
0.7299643665786397
0.7682080291724191
0.9116281990271875
0.1684554156516125
0.6462499986954594
0.6691733824456685
0.7629416747037658
0.1046726888425639
0.7692249095035268
0.10856140460366787
0.13224982908498709
0.12233618308446523
0.9500983038579434
0.7494690028708624
0.8554407468412835
0.18255594313790546
0.9037871423438861
0.5923797438922729
0.10762975303362562
0.8416823978108702
0.8118257981416764
0.9490778242295403
0.9193121933035906
0.9440567417908277
0.9507631762184006
0.6091524929058756
0.5149291511114744
0.1434324281242924
0.9739857281460298
0.7168067878915743
0.9612775604980899
0.7186863972979739
0.8554515319881851
0.13511845667766018
0.8373135104712164
0.5467207668821625
0.822123723733001
0.8189549086849803
0.7715667043106732
0.8873064728112416
0.07862577572734863
0.18867098755037756
0.878684302373822
0.6579076076804554
0.9277772574524554
0.9025834499956804
0.7030371793254259
0.9523845268330848
0.8907210783641959
0.7249278914131309
0.08674100718281419
0.9369703372542821
0.9242270595537716
0.07058468038630222
0.8379278810574629
0.7404060449979403
0.9094147826228416
0.6402781727387643
0.992965969275983
0.8676467103214532
0.28220200953523045
0.4312079821998056
0.5833478638887719
0.2117675347866677
0.4442083477624161
0.9083480706004474
0.9319266505234733
0.13641354029027858
0.9967276175823252
0.8373744817691728
0.5807307750477477
0.8914696875921317
0.3824722044217773
0.09285991158488666
0.6688766536541169
0.9706751001499352
0.041920847877219954
0.9695195864351331
0.9244573467532564
0.8299199146150162
0.19009381283127208
0.9247785161920701
0.15341726411898585
0.9726799433635271
0.9360096637056659
0.5514640393559266
0.5922837072188232
0.9647418624825633
0.9878519481531342
0.05724873510588312
0.7133411669852915
0.7157101656461344
0.12732001679828184
0.8288858283855316
0.8022244040348108
0.9549903480578328
0.925590158333663
0.9770893228002417
0.9161259353211257
0.8123120951879608
0.7726664568327601
0.06316954095720664
0.16294277894180606
0.15959149962698493
0.9130931764572852
0.9773945466969294
0.057101139193683176
0.8982051104045308
0.7239407809675494
0.8741313157325343
0.7199902853393687
0.9308916642738774
0.6922287424155447
0.9416840142690623
0.8729964421686154
0.8662642720499583
0.9560014462697998
0.8264030387541862
0.11423263671297787
0.918727909827291
0.5173695102992925
0.7510887241531004
0.5598612374473504
0.9197663971158061
0.703306412371425
0.8151861813353447
0.936183634715539
0.8113874276806384
0.8252202142836838
0.9959315477312428
0.8618682254179297
0.9692205155812625
0.8398265547970484
0.7979167731480158
0.7544835888454939
0.035681069238686795
0.9285465470032068
0.5035476167876816
0.9074233423893849
0.8226623895656515
0.8269189327423897
0.9778984569870437
0.9036741325271823
0.9933880017730746
0.3406326496132489
0.33782931887904954
0.8161031657622315
0.7811086031554719
0.5021452827919219
0.9550573952544104
0.9573702037446725
0.09819677143921973
0.8705635746048679
0.90218687876272
0.7593716986443273
0.13702334826192286
0.4573644002070971
0.7125585127830285
0.7424066720504257
0.12192919277846564
0.11378804091714795
0.9506154913023283
0.8344154574016249
0.6586288360803403
0.9539220665966548
0.17323273657428373
0.7171714527483797
0.8854926319987182
0.8600004860387737
0.8522674472204688
0.766490561762834
0.8879578886276743
0.9895303871408049
0.06145444745777197
0.1191081614333427
0.6665248036108005
0.10207312649307991
0.8233144605274676
0.7357537156559231
0.6442348181584855
0.992523708054226
0.745646944284118
0.9086882466593494
0.9313800494515645
0.4462521916059674
0.9235370619079752
0.05935636332726614
0.8064096690758744
0.20330990347280933
0.9829479309181666
0.07878542343209888
0.57995145473304
0.9606212306570965
0.6385951790990818
0.9413335481949396
0.7486078279036776
0.7794154274389422
0.2883917171010026
0.9792072623834278
0.9080176391738024
0.9689072887577104
0.9068251709369304
0.7132703993406311
0.07089379441294849
0.35339727664742787
0.8987924529629225
0.636534454067929
0.9953565229791986
0.3025906973058248
0.3958510128046526
0.9324292256940263
0.6028572512209914
0.9486391053598383
0.9813911843979123
0.9147646889246811
0.8792172103391154
0.3778889812983735
0.7856538476654146
0.14109820584116495
0.13594219442345815
0.9065010732460796
0.6681037640178669
0.48434333987295103
0.9529203565026465
0.08484455562600975
0.9299050089138033
0.6867169693456591
0.8109177743926621
0.7017148851298043
0.7959754552709728
0.864599508315288
0.10974931845480637
0.9035309236055042
0.9165946870960135
0.15217296992902343
0.05940288159372173
0.925922870880108
0.877418689158122
0.941968389213804
0.1381083433629952
0.9200134785349738
0.9047471450428493
0.7674691114033343
0.9040375841959101
0.9748105412704163
0.7145345605897835
0.9129302072865042
0.9489119429629307
0.8736907056059985
0.9312242531078704
0.7311319276108653
0.8648925773253469
0.660183484159048
0.08155917222911666
0.827126748988763
0.7477542946031084
0.7983199782364494
0.9392402198945673
0.066670700599661
0.617049461672314
0.8378547687239111
0.8798362066672802
0.40903399257754636
0.1675727406108909
0.999418774230241
0.8781294872311167
0.9723682740596103
0.9317158243725969
0.9852600210082494
0.989399461637081
0.8678921064609658
0.8485136891032672
0.9760380581974364
0.790681405863443
0.9049614550134801
0.9123079911979868
0.7978195380166423
0.9133547629001509
0.942259255661489
0.9954828534527362
0.07386383729056585
0.7163651378773536
0.8954281919962179
0.6723264664961399
0.8763329494310488
0.9076138704768852
0.8661469299281952
0.9654994283317248
0.23127289459705383
0.9417766712881036
0.9721664617698513
0.3669985851710228
0.0923996204023706
0.9964120985844118
0.10886257788028375
0.9089088232390892
0.7959637688133541
0.9985082213245062
0.8259135469665241
0.924963056932012
0.14492771438224977
0.8251483926465346
0.998450924778498
0.7618945893078161
0.8486434693041256
0.7944666476600355
0.8517496692018269
0.2338535232716467
0.7956115994263093
0.9877284646800013
0.2921673577183183
0.9039633893081594
0.9134129714643269
0.9833249530910764
0.8229852597145817
0.8680515303007277
0.955570373233212
0.8535397968138055
0.7663529536124987
0.4839377720945027
0.9703440485985636
0.9590198808660467
0.7500460831634512
0.931634981205387
0.6215271547920243
0.9463933250448342
0.05777782065624833
0.9765006354113446
0.9970901555414273
0.6058306759712514
0.8579359508769999
0.9867060193797266
0.24702957282426602
0.9786649210773195
0.07563254664385233
0.6830677986142357
0.6765215278677786
0.9024508697417171
0.9736660428879378
0.982425187974704
0.12795670000085183
0.954589043232795
0.4491120137760653
0.9710664223630545
0.05411344508642382
0.9833477585943203
0.532810577945912
0.9067609645717992
0.7850153734620939
0.8682243915723074
0.08877470569282483
0.9096964985593443
0.8498711957829408
0.9503090538610346
0.9116968125825717
0.10658438786310839
0.13229830990276836
0.8836662985316187
0.7456248690102222
0.7537385942571377
0.8605638411129094
0.05821354411587866
0.9675163726111604
0.8308539488698898
0.6858255504767516
0.4225624621296365
0.9589464934259209
0.9447234419984769
0.9098997153424395
0.9444557633846554
0.9810423000996332
0.9423508047010583
0.8696461425953685
0.9301178266825216
0.70311691972947
0.8301703666860725
0.12365282462164098
0.8316852040508924
0.6591276104962802
0.2150492480184526
0.9399930272597006
0.0320643250296338
0.9985919976252282
0.9428702235043597
0.9842109721042844
0.9085816490540761
0.9442642618549724
0.33565183038599944
0.20219578502105967
0.7924647128096289
0.15132797924243457
0.9874167806797485
0.9511335672445893
0.8719230139587009
0.9044478607661003
0.6008608398729657
0.9180337653867243
0.7286673893686151
0.0991820158461432
0.9121136630802298
0.9140732425040452
0.10504017461456107
0.7087297468462368
0.285605808679958
0.8717112383121073
0.795217361101206
0.848851720619721
0.9307382662296255
0.9844688118249831
0.22543079941111968
0.9927269720124798
0.06421748577731978
0.7072514544069308
0.9175404105697856
0.14349071130758131
0.8459401705252126
0.8299692729791244
0.15792977192122337
0.9532198971787973
0.7032627847461529
0.939810231389657
0.9265289898229105
0.9634396475751167
0.18693147013216305
0.37230954693387974
0.8819516548399156
0.8972064323919404
0.8670376324897429
0.16131581851092008
0.8572677007596277
0.7079919392847235
0.8488977675137954
0.8760047030985125
0.7577893436683129
0.9759801241822987
0.9190941069065651
0.14206406648294428
0.9597017899839722
0.8588340872108204
0.7355968356469554
0.7520764352743653
0.7895293021840605
0.8423886063978114
0.1107977798979464
0.8995506625575127
0.3348926224995512
0.4244512236904953
0.9655322590552164
0.8280553238497357
0.9921836114975304
0.6842635327851485
0.7169282252100457
0.8144203171070392
0.723968393072384
0.5963422981581054
0.1563887864127319
0.9242756125770148
0.9263940472967449
0.9137015352035147
0.5745991814169029
0.8587061012925843
0.8400592709723782
0.9670867305711938
0.9895420015368073
0.8732332577470732
0.9352673289353273
0.7508613021894438
0.7654849267690066
0.04911375630178842
0.9172221182778946
0.5921545532521892
0.7893867600679044
0.7885080220444726
0.6974608315099683
0.6871374009479896
0.8978918690568132
0.759807592519824
0.4820938819483472
0.18009489869724193
0.8180766866846234
0.620694318333544
0.07024664915873235
0.9727982134013693
0.3480499377520002
0.7414997687129572
0.24769225220689792
0.9906866055785714
0.9939879978136434
0.8935755801122545
0.8543707787063869
0.9321596004910968
0.9647456856609797
0.14937172060774195
0.10599785592059599
0.970433105131285
0.9887683968325588
0.8495515323365066
0.8306515961244813
0.8042468157875278
0.925727927718891
0.11259759750874918
0.5823731455215997
0.8561970985555877
0.4073172863983186
0.9792784067153404
0.2154751579246884
0.5101766517862643
0.8796335287076062
0.7936237851699781
0.975792351159493
0.8189527936441092
0.032532195498716436
0.7838238963382956
0.9678449238240209
0.4786123015819028
0.8064622079983819
0.7974509657736878
0.7452150541220286
0.8979043248513987
0.9024438217949677
0.8739985486493029
0.6053720522999382
0.9100284499969987
0.8323343787853117
0.8161979487226076
0.7786017702350483
0.10424763967985365
0.9749646901573996
0.11921512224732939
0.9292404340059172
0.8485279277771759
0.9231954541427698
0.9051750145775364
0.945412789080067
0.19689167861398907
0.8404791514721738
0.9799836103756252
0.6022479119587301
0.7112254824229476
0.8899138626823717
0.11109358054577567
0.9052961828080588
0.9926635767786336
0.8180934286014088
0.8118179252659639
0.09578341371787705
0.9421123048313544
0.9385100133103035
0.030094685718912516
0.943703308013105
0.9590706485381661
0.9263332873969761
0.9737275558885676
0.2860849462904599
0.04157602660056309
0.9620482149290677
0.926356803522692
0.9099796968979579
0.7514635691097669
0.19130103593154868
0.13243172270919956
0.06704878397262265
0.832262343473129
0.9222979069382399
0.9024025515953205
0.9056546874704325
0.07795093208200188
0.5712614524130628
0.8064548511637455
0.08397722075429914
0.6006239491629478
0.15756586030622335
0.6554689912330615
0.7381044049527187
0.8689306085834494
0.11100251887834012
0.8955213664456121
0.11409081226112769
0.18391991044837264
0.7669037875069313
0.7754924654727711
0.7606970663061008
0.796592359166376
0.7090010048981408
0.3036721738038436
0.804979577626717
0.8346514041797196
0.7925499338362965
0.7484330412086138
0.6764291950823141
0.9136801982372137
0.1275833031252609
0.9420233343442106
0.5701161896104698
0.7250741013672681
0.9624102635418778
0.560224879958859
0.9095070708932456
0.8558488746652594
0.12785743527133958
0.47567077771291866
0.8491450815078361
0.8687710548383578
0.9763541856195834
0.9006520861788538
0.90566275685245
0.9751923675534222
0.9918109895664262
0.7842728256115893
0.6724424893747111
0.22341192582150232
0.9127337397642266
0.9832214287027099
0.9235757142416554
0.8489522089894401
0.051607032462070046
0.21257164035844928
0.7934962932533346
0.8800659747361564
0.10563168182260457
0.914108462691506
0.17359891649173592
0.9452178962559465
0.8243115005406525
0.1280180419307996
0.9689314550242137
0.7223161320447549
0.8804959183647442
0.66380724775042
0.9178702461748216
0.953271925052213
0.7267940085208053
0.13239906936108684
0.2044123036541723
0.9812543160236545
0.729594460707
0.8070934035005108
0.9337486036014895
0.9794057862680186
0.985174451044283
0.9802183252840976
0.1993087762091038
0.21404204014159628
0.9864605646246233
0.9833108830998858
0.9881848139367957
0.8621758701861924
0.06810392912840553
0.8651181844255595
0.21600071834532836
0.5083418650742293
0.2567068604865259
0.9012724578748614
0.2691424401838187
0.7963629037330762
0.7305117272654177
0.9831060130613253
0.8845885114844775
0.6513461116596988
0.9996981004203966
0.955288143657135
0.5526564961523804
0.09860639972017565
0.24367290468665778
0.6932692676965828
0.859904426250194
0.8084394632241891
0.810064643522957
0.39510862451078976
0.12288643733740373
0.9566584079626432
0.8123292859770028
0.8865465038773264
0.7999278477686826
0.7616626462382317
0.9393389014379078
0.06772107925780298
0.08215181762288976
0.8967310009352123
0.9500297440137102
0.8540997427330854
0.8784633020023955
0.6946238109483964
0.2462437329708523
0.6788480673451527
0.8859214020384969
0.9944979220830437
0.08847334824975285
0.8584269380447289
0.1650759306293224
0.8282087769441817
0.8865069245840034
0.862057702937604
0.9326613623519526
0.7586207367405233
0.9510789824567911
0.9879556194238219
0.7857721262372326
0.8791053834824263
0.9802798654429283
0.7337299127079818
0.14753074411280942
0.6970574337781935
0.20375476724994784
0.9952192035588086
0.9373673597342553
0.9884662590598192
0.9412124347341599
0.9088111927731861
0.08570146952607295
0.9233003536610376
0.6372477361218176
0.8829594952428235
0.9929745700840849
0.9331649015078287
0.2775646648466129
0.22196066245770074
0.7792835820203178
0.9908779004944606
0.8332402063478239
0.8766546706786349
0.8323355832966349
0.9379113881154426
0.7319646457720285
0.7863625856343197
0.8786150595878941
0.7820056140013834
0.4395035801124838
0.4590322162119163
0.8680095225710834
0.8413756329981107
0.15772506522571028
0.9907064756324224
0.9200050202311325
0.6684805128322382
0.8726419394480831
