0.8982456651244559
0.6508419147015279
0.967463342797085
0.9900817289276604
0.9864546723475893
0.8731987598673869
0.5087963355109806
0.7307183474877772
0.5987785779771913
0.9603013662320969
0.7790053991775204
0.9726373534985169
0.8694433843556572
0.9645676264091054
0.9759002539897814
0.9012760596513368
0.855494687496348
0.9936504282529712
0.7024741345856405
0.18957535637564418
0.606124372630406
0.986789182354608
0.2527194092849599
0.8626398964502557
0.675740457151228
0.621807041683456
0.976348757968627
0.8524797379122431
0.1505085856988681
0.042001007493602804
0.11208652812809447
0.8617191277145302
0.23838414155508827
0.8709091704978194
0.9180764976001803
0.8448600275836742
0.8632603098566433
0.9297980825784806
0.9216844961821067
0.980130360288803
0.5427472262150443
0.2094411194822154
0.7614221071551837
0.13739446188344123
0.6522378802033244
0.8534791815955551
0.9918128008305903
0.9146977442647504
0.247173996484352
0.7694835885505221
0.07916723487312186
0.06190702844811101
0.8343943205371591
0.8273254231131039
0.8803924048542953
0.9834615109068043
0.8556689259611862
0.8430261253296879
0.0707538878553839
0.8676644864878384
0.5345907441327238
0.28022982256135587
0.9961794838350304
0.6046531980068657
0.729178070906312
0.946241496788687
0.995656366635807
0.9554728924367771
0.2799583938048121
0.9225820111810243
0.6920959809226643
0.9969450584963989
0.9126949937124212
0.07036659342805504
0.12936083952271316
0.4955492560433761
0.5570674630314056
0.9842006319296664
0.7912410021664312
0.893567668139646
0.9900865606068308
0.7592296557320509
0.7729030910484813
0.7982284960705456
0.7989441871646047
0.9129622571715417
0.9875761616139375
0.9394029477646904
0.03544283080636527
0.9591472292305399
0.9626162984612905
0.21436712860704793
0.7286468941246946
0.9640356123663528
0.840771930829209
0.8192337155747025
0.809973269025617
0.5235778598166433
0.8098259549850103
0.7983897602368664
0.03364806620601264
0.918392858872787
0.8586700030673908
0.6121153851769436
0.12959924822655208
0.8477732423539796
0.8189032458528333
0.6284055794229828
0.9247890307751523
0.9905891262151802
0.9609431647051172
0.9537356262666654
0.6106169887155402
0.9648263444664101
0.7925622227507683
0.9127626459141616
0.9296164293540272
0.050852275193995086
0.9943916106210529
0.8823749749080043
0.9659308162607192
0.8079201450361236
0.9971651195061892
0.7571648985950206
0.9011985309394712
0.17366870483551078
0.9567265434964238
0.5439747891812543
0.6258767368777183
0.8826858307523844
0.1511553231242741
0.7199067164325187
0.8014899386348504
0.9145743834613429
0.8571315494944136
0.2988013090878934
0.07652967056092258
0.8843312238290643
0.03810847079527396
0.14740546758792056
0.8764320989995289
0.9019083499205827
0.7532944918050121
0.7418980399028486
0.5934777408388601
0.9152473379099759
0.8450115819019891
0.0580626638745228
0.9616260609961447
0.12297872201375074
0.06270143633454706
0.8607120995789693
0.9915973469651691
0.9002299716746448
0.10039495705593746
0.23893739353232601
0.3780478447532617
0.8587188600219395
0.9326705640655275
0.6921869974576005
0.8281431144503988
0.10127451760595539
0.9986665242619068
0.941103577991387
0.9840537508803677
0.06522598921116254
0.8607034143009998
0.8947008659495099
0.971991984310149
0.9089781502083104
0.3753737323395139
0.8769027457566403
0.15029082555180379
0.9215392141086431
0.7087654394326166
0.8655256622769556
0.12555206536178765
0.890649988215267
0.7352809614535893
0.7860540125320334
0.9231220693391391
0.15314178598113415
0.8208665638813644
0.8426037568111702
0.9998572875395328
0.508828191170142
0.9478986893938939
0.053024833230897496
0.9484893003800201
0.7659392343323103
0.9711662648301815
0.9675257219389974
0.9324810892877555
0.9840839924808478
0.929242326613175
0.05635222685689818
0.8886285010297541
0.8906172052010265
0.9235433964431025
0.26805221385768474
0.07097515537732961
0.8973456141955878
0.8633659423776966
0.15324257488297338
0.8242476884044828
0.873564850387532
0.9905911322366976
0.6941067232364017
0.9803606593741607
0.8326437532160536
0.9240969782253804
0.14889351562521969
0.9912734344703503
0.28185606236034977
0.13849661949287706
0.5989144495697513
0.046103352172195786
0.7832324762903672
0.19483367431764215
0.6643053786017493
0.8684687210968978
0.7677973710811881
0.8347126876597082
0.9920812260201569
0.9208206475936354
0.7761111892250206
0.9347623857043932
0.6046092958195144
0.9706781141807512
0.19968336394985256
0.7217308805773546
0.8569084925642827
0.8166886315046356
0.8966841082748811
0.36427145387427795
0.08593588222717752
0.04864399280049749
0.15273882396729951
0.1640711553315102
0.915808896486781
0.8490967519977562
0.9459082252431547
0.9370904730262826
0.9889658904116292
0.13068347021258828
0.8949090996768205
0.2813718474199147
0.6325796491731988
0.9467655726946032
0.0445676196305172
0.8904810761529693
0.8141430033582244
0.9784230611957532
0.10080926215517375
0.16013347719949309
0.9758479039333041
0.9812723389207276
0.055360504855409845
0.8076199296053386
0.8455854036940919
0.9221804844195373
0.7372271301839395
0.9924251036285234
0.9599855800390014
0.9990313217009936
0.8333197482066932
0.9816743945049529
0.8339099760143088
0.9333552377960801
0.8087642656842603
0.9728422025429937
0.9751868091694479
0.9911008122252036
0.9141236863018724
0.8568338364713848
0.6685084518263487
0.9921051481974257
0.32744206480641835
0.5500636669689684
0.9697903866848174
0.8215722462767119
0.8555079244299313
0.937478536587546
0.03499376735772974
0.6080285759430327
0.9540312899434682
0.7693977660462947
0.8872128564083233
0.8384064885882789
0.7859829711666408
0.07886743162969953
0.7909355796885178
0.9075321292710163
0.6598510129762232
0.9047081041451579
0.617176364222674
0.8529766114928428
0.9363052061776032
0.9406358576131192
0.7150277703765313
0.974994405989449
0.8685008012171991
0.19888830917003333
0.6336838017279638
0.7424503968870336
0.9526802429197714
0.7104579987896075
0.9403923077554417
0.8759533421153314
0.03218796968594179
0.849413122803856
0.16627635056833545
0.7919453271249142
0.9494425940766966
0.42082592614857717
0.8903523317489709
0.9626424274094935
0.8263652345747241
0.026558612309313296
0.992031053525899
0.8277204035866452
0.6458133105195035
0.9111859929729279
0.7698255223739374
0.8373032313844377
0.9206533396220631
0.8402168799647309
0.8034688369133836
0.7388874119205804
0.193412057845796
0.7096786161107771
0.737702487086306
0.8799866726156477
0.8115789535293558
0.780488387472736
0.8570926934596811
0.6725084463639976
0.7806341021479727
0.9815847934247368
0.9148117008376151
0.9954158293736893
0.07749464572141221
0.9418030273101633
0.7694347088874426
0.11660569958260217
0.8594794928981868
0.9771525691455014
0.9883572949969182
0.6741511827604185
0.6070232680551984
0.959962265665196
0.8257248885173685
0.9085586285834164
0.8570259106857094
0.4028934356848972
0.8010514643565452
0.7842679266894985
0.4279867674843634
0.7387648250900474
0.7960437524161703
0.8167395607158843
0.8173449516307458
0.10866020141465108
0.7501765359102994
0.8400585098705563
0.48194986468137807
0.9037511510953821
0.8603325951133343
0.8088031221369127
0.9239376617297443
0.9990093116796299
0.1618207218031522
0.7483309230504671
0.9566550247390455
0.6053454809293579
0.9504663331587155
0.7271846628876732
0.7554931875778281
0.959507085434229
0.8327427603876832
0.024039122081964952
0.9227450754288342
0.7688434671756339
0.8556218954034858
0.2234393975642645
0.8819039011974761
0.9675566784768171
0.38511825254925275
0.9027044010842964
0.9453031649682604
0.855353148211397
0.6269669431970025
0.7831583619917486
0.13505466251005982
0.11300880820173025
0.8199573555988698
0.17365854371894257
0.8702985635900686
0.7892627449284351
0.94373302386076
0.6138863981809854
0.17883382897409347
0.8955579277236232
0.713606197804148
0.8705643935308645
0.13771776414297657
0.7933963593080988
0.11368365040006925
0.8398247717424001
0.7236115389320424
0.05363062223828629
0.6371811436549066
0.9444700062699819
0.9150117616294657
0.9077491707169046
0.07649625457911419
0.23602780770753465
0.12385825001573325
0.7121516295194592
0.7774971411646903
0.9748210846671381
0.20400148871027807
0.9670550442805548
0.08553809847096745
0.9574461703045996
0.6940353029496379
0.145259103373035
0.7585586487263983
0.6991402016321371
0.8643805468569774
0.9998194357175623
0.6451315084241054
0.28513370396146487
0.9550341151522965
0.9447518982382389
0.9666180912673191
0.7592067250961245
0.753626204288633
0.9797312515037555
0.9152213859038778
0.8357237356076489
0.9977545649338275
0.13266339441466662
0.42216566682164647
0.9490083146664818
0.11065740697886534
0.07182905832695774
0.9676732224759026
0.9834808046695076
0.9320512658100503
0.23454680959751006
0.9204278228796792
0.7218375127385438
0.5721986549296882
0.6804680774794528
0.7422400477527349
0.8693938691987733
0.798238831955211
0.7293962510331098
0.8822085286127732
0.24693931813514802
0.17599709812842573
0.9090270536735598
0.7798650923389427
0.876408364682004
0.9020394353122633
0.800962189404844
0.5651933089688321
0.9579377596118952
0.5881870926320414
0.3120895255346862
0.9043262332969879
0.9179033516151667
0.9737460213601673
0.3475549021754206
0.4796231983917189
0.7125365678638231
0.064864076323659
0.0489175484969078
0.977942719897006
0.15927504269214157
0.9744213120618306
0.2568396512916447
0.6546060904395177
0.14609796218942642
0.9335104844904185
0.1656500645715553
0.9910925904451471
0.5180508328856424
0.43519783884086816
0.7662712558687494
0.8205198302265408
0.7581680475712982
0.8823556770544942
0.8417204962652493
0.29728753097838456
0.8441081599925522
0.8764564675914763
0.9697514770532306
0.9349588574507688
0.8891368555993218
0.8537920885506829
0.5789793944144965
0.9926254467761262
0.8336324622931203
0.9517106121738956
0.3569203610744154
0.9332007700823284
0.9484018446644583
0.92611665650339
0.2606966665333508
0.9589500349208389
0.9262219354086016
0.8541070788888473
0.7288849151681566
0.8915691948213518
0.8855654087277283
0.5215145997041616
0.12640237043950214
0.8584985823115667
0.9862031729981691
0.9986048555710889
0.11888362510796756
0.3608879363679337
0.8991156984229829
0.9386382231906045
0.9118642209596504
0.681298176908195
0.16345571789996946
0.9611718102574006
0.9701554573188311
0.9154791608144508
0.7857630549019412
0.7561850169355621
0.8304969357237999
0.8140460772349472
0.8743894904823388
0.8398127240375886
0.8699043639075412
0.7863527054750332
0.9158560643242505
0.044087420906548117
0.827147099843989
0.961545523761231
0.9210822209140105
0.9636807537658096
0.9333017870222389
0.8778444106705992
0.9867550612935612
0.9824769765420522
0.06025561923160873
0.975875396312915
0.9088245096836689
0.7759396484221573
0.9279602109647523
0.13293668232440986
0.2619942282282596
0.9753588695721158
0.9419293444620017
0.8729297625268961
0.7876337776382515
0.2735568956367852
0.7521600838422148
0.9965755992361327
0.3065995087129816
0.8747989354500363
0.9107173343533685
0.7605544737170429
0.9817434753318051
0.8176024225552523
0.9849965338544361
0.7450822290449558
0.15749196066306012
0.12000843031749032
0.6684225070482271
0.32137440342031154
0.11792243516752134
0.15106643440857304
0.9524531942240007
0.8483101016957726
0.7538048728745479
0.9243372975638082
0.1341750213186241
0.9697970510749558
0.993884974336682
0.08646281367421439
0.6518630942381332
0.8763290637339605
0.9233396525337597
0.8182154227297527
0.8898085411702147
0.6676395751527058
0.8491636134263879
0.0767794621902267
0.832642022477339
0.9017196863671336
0.7773537833387165
0.7263385031591025
0.13884028509881666
0.07725836771983373
0.9278049731780871
0.8402622799763677
0.046320632075141206
0.9667563260691125
0.6828248064142852
0.8903878126743615
0.09412135186359732
0.3702529058164469
0.7321285288797497
0.8805758403007805
0.3866103988434102
0.7001662527042222
0.08578150157095416
0.9010366199258422
0.04578705042185653
0.9339580223057031
0.9514812273642838
0.7118646109073954
0.824794514704607
0.9680606979402898
0.7501273879309736
0.9259979767044899
0.9573578726622705
0.1746959452327012
0.9192595853264183
0.8598503077900073
0.9579655332980923
0.8064485841159437
0.8759089230097327
0.7550278845164516
0.0898575712136046
0.970898669980855
0.17675963688712457
0.6988153639243397
0.045866182928047915
0.9076068768378112
0.20352569819668287
0.9828325677143521
0.894823477003813
0.8231449813666744
0.8895176988737403
0.9805421971235004
0.07246007500813098
0.1668088124540169
0.7027579305391105
0.7772613446073291
0.9342763943226329
0.9533202771107256
0.8970822374618055
0.9198818790901916
0.9155709254434181
0.05392842644484184
0.8750729447543704
0.33613791721722475
0.8185516544324327
0.9088788999802596
0.9053768970310527
0.1766694198286469
0.4267135370128
0.9276178558378716
0.8335561616428169
0.7969517344843692
0.8196259755149395
0.881932970906663
0.08257159874738912
0.9731042971021236
0.3083403817596672
0.9245858438502558
0.8557808286970024
0.7885723302585417
0.9375199858363382
0.8536464507819223
0.7657286168249555
0.9694710613027473
0.974923994049679
0.9279720410467416
0.37973524803250075
0.9613122819970086
0.8672026711848717
0.9638284540760653
0.05231484305710213
0.36626882827596824
0.7930603779448698
0.8657068984589629
0.9153072177046284
0.9850983085365805
0.05958913039686001
0.7088068128337144
0.7672853224526119
0.9615135726003514
0.8131471423789484
0.853476304882852
0.3499337430537999
0.6055022644953107
0.5898914877138762
0.8323079746731974
0.9112818848581637
0.17557199871265078
0.10303472704585052
0.8268311955302367
0.9704422656117677
0.9143992959590601
0.05748424321209593
0.8857235890692774
0.9356132037577298
0.8779342355821678
0.8953160248180126
0.904648833521651
0.7647749772696106
0.9187789083272545
0.8572835673979331
0.892031141915189
0.8421741853886365
0.04130994191521606
0.10995496746162886
0.9292612075362043
0.9526034776981103
0.4574204422436385
0.9910966465179722
0.8303083966055882
0.13906345349488994
0.06214002832780406
0.8901097876594759
0.9602558549089031
0.9589469866291973
0.9003224108605581
0.6557915430858334
0.9574863309035423
0.926904224671323
0.9710580653934706
0.6442064895581592
0.768917192225447
0.961403107576773
0.9998831164832391
0.779362717378458
0.9664292244667076
0.22954417307359204
0.06750138035018674
0.9435129059199707
0.9711858121805556
0.8369606948590291
0.4922334570956013
0.06576975751469805
0.9443135611407805
0.6221640611881862
0.055171763397023746
0.9461817057147536
0.9397689781295019
0.0432308614688964
0.9665909667765819
0.9450290763242997
0.8910069954398881
0.913967242346132
0.8927582278570193
0.998102410648749
0.8946846560462237
0.7853303809354026
0.9961904733095193
0.8374591111079366
0.39969393117918983
0.9133469369543031
0.9906811262275288
0.9207713320947428
0.7596361647881089
0.230415467700393
0.040358280336147516
0.1817680177822844
0.9491494999846835
0.9954107046038547
0.9755240175525088
0.223902648106621
0.7529107428355357
0.7829701221843521
0.7587940976334221
0.16695828335961027
0.12303734108117385
0.8050429896415954
0.9468987123668469
0.9784158918178631
0.10196422698613058
0.7265438663183312
0.8978896479461924
0.8593394439061502
0.765553919638098
0.7186463633238565
0.8598424408587857
0.8091682106694771
0.5287632125623283
0.9693663112646798
0.7336958513547551
0.9187623771302751
0.6664128739321961
0.41991740160076085
0.9860696319741455
0.9865126427583804
0.8797707778998487
0.2925238380587292
0.7699945351668935
0.14361219323548016
0.9873930239020332
0.8046975738255788
0.6963578005841562
0.8552659860134848
0.5247056718499988
0.8895368013759378
0.8004724621663637
0.8676710638318463
0.3790829630557838
0.9514811420285231
0.9716293562367067
0.958888994393357
0.7042482712297133
0.8148138693633478
0.6989789473648801
0.9601035811125143
0.917592271344561
0.728983669355276
0.13205535664895585
0.5286012963405912
0.0336649351607477
0.07417760286545237
0.7652953967862028
0.9831891808186534
0.7804421279605168
0.867811151413904
0.777748866091353
0.7695973694219935
0.9676226526259882
0.8881452560770396
0.9357518834610357
0.6695067511720147
0.9574646528609547
0.8988914876319023
0.6770146531471049
0.10283248132821216
0.10451251518131395
0.7875940093609128
0.30554256303823474
0.21670299382918454
0.953503828917622
0.15913864086146196
0.9609774547653078
0.8701526895867429
0.7636047617687319
0.5110458351554512
0.9603323304793432
0.19333956869815005
0.9123980197650678
0.9143623025502832
0.7349789459815494
0.8784192491771434
0.12745886826728547
0.8734505751186736
0.9750856961842163
0.8141848303495108
0.13085759667874106
0.13019151334721668
0.6213955046197197
0.9173380879779867
0.9065066833625066
0.09218432303127178
0.814258531719647
0.9981764207509285
0.9362949328650717
0.6229040996260435
0.644702744294484
0.3328706144642924
0.12614151561060322
0.843592416922635
0.848458356326659
0.9725601405705924
0.9604301739562175
0.2785688688384579
0.9862282633954804
0.46810344958186534
0.8402396834976944
0.894281617029246
0.7376451833333166
0.8939997070005667
0.9046448973398206
0.9068080594208308
0.9885394268513159
0.8093377412343964
0.8825006439732912
0.728231116115776
0.7488510566049689
0.03783121422878197
0.8364129869525703
0.8189305362888996
0.9525558318771591
0.975190086673299
0.8683170429111069
0.16841691329621514
0.8774221594455522
0.14713977959296068
0.614852662080003
0.8248392484428768
0.8898602273893187
0.8733970064704438
0.06223888211488929
0.8468384447373494
0.8335054435675009
0.7153585057859735
0.8754608243184622
0.8570061223880605
0.9020600389714765
0.1984957056067484
0.9762773651643669
0.167048328957205
0.7708356532080837
0.1552139551279893
0.9897687399096451
0.9779426092188014
0.989428385940868
0.07156415575739639
0.7824106689692569
0.07514701543799704
0.749567512959763
0.509341448689552
0.2794019251855085
0.9829777853049575
0.5581594475463418
0.13774384624204528
0.02697146976219478
0.9704145185899102
0.989133816286974
0.9695622227349698
0.9111704702076451
0.9665570591335677
0.18260034353828186
0.9056387245420026
0.9179700665328465
0.1460383976864786
0.4579695913727816
0.6646515180106294
0.13916866576664316
0.06394064287551166
0.5637916977081763
0.9739774083422968
0.9325852280348255
0.7271747621119571
0.8499910265498678
0.07996351161844124
0.9267140895554522
0.9466752945270596
0.8142404139493573
0.9945788376775431
0.8492608648349945
0.6661808364911754
0.8476237050786342
0.677461683857782
0.7259555906861017
0.8747956120774983
0.7333258925867525
0.8431126600370642
0.6126504170134349
0.13975940806718964
0.8133793053334999
0.9014452782350102
0.16364789347807784
0.949736589237507
0.7218021866077864
0.8744873989661794
0.8646812267290944
0.8441343807456361
0.11032956813461428
0.11099217179531355
0.9634662719394455
0.9476341491776763
0.9968063802248743
0.7014548296477194
0.9550723122542801
0.335513721456802
0.08875017493734631
0.8421544211696368
0.3526341498300447
0.9498260611160368
0.7271337507678741
0.9951659262507111
0.799619000399182
0.9759259180398173
0.5664475540932581
0.679951301904991
0.914414300855173
0.9781296896203773
0.21991218873112967
0.863085692852655
0.9243750003872748
0.6221222625102457
0.6503178899497892
0.6695662605386108
0.7442094536266759
0.7141459200509718
0.9987772110748746
0.9059638855059642
0.045475602713898125
0.8384169275631721
0.8958450580799591
0.8491306719525762
0.5759105698672221
