0.8336367174910364
0.5764099305037623
0.6132890983617542
0.5593352249411034
0.09888077536908449
0.7887180547713428
0.8359018051523318
0.9991533381173245
0.8559116147721972
0.9438704253803376
0.3295444748275268
0.7500812336367528
0.9926074000917494
0.38657254318532697
0.8592972270768067
0.7976455638665992
0.9109567039995821
0.8795243565272408
0.7607359193993024
0.3615312583465057
0.7690913497909897
0.40938415092446345
0.683030692540281
0.7460147738456132
0.8775150742055524
0.5690419303852248
0.9233391365782118
0.901671085366269
0.8723701551462084
0.08147146900343397
0.844399039330487
0.899129550753196
0.6644354442248955
0.05670486443343628
0.9130785710825944
0.4051452278871484
0.977316529185462
0.9836815926665623
0.6534613660434078
0.5085839777462152
0.6091926555564938
0.38910757159207954
0.9144334279145494
0.7720455004569867
0.24610434162596925
0.9174240131695959
0.1460974869467928
0.0802517622376929
0.14566213717302748
0.7733940645520145
0.8506298151111751
0.7038250767264719
0.9798761614558062
0.8154165847902839
0.07308764500280354
0.9874726450726242
0.7592052642560294
0.5672212940709884
0.9779819052564529
0.13297435713562158
0.6064102102073041
0.5103490916824108
0.9984370324133598
0.3875329567211798
0.03266103489911683
0.6742926567798562
0.5218069015795602
0.9630366513867358
0.3803644065916023
0.744468169789086
0.6691715464336537
0.26568534108628356
0.18865394026914442
0.9456064399869569
0.37915750198237574
0.6425336235949165
0.13646529514176936
0.8421800784292759
0.1656123012687617
0.05490440532664896
0.43226315143962146
0.41496632431616626
0.284947273324095
0.27426435104678826
0.737030410290216
0.092260360747087
0.8563668640970914
0.81382650361242
0.5272394638952693
0.26348571010865973
0.7085632949755531
0.45924703694099295
0.6594444969919818
0.4014722021252217
0.7237162869003708
0.92344097260093
0.16332288650269644
0.8553746846024961
0.8741009174353545
0.8470397596047379
0.561222090179669
0.8907881929274644
0.8063138605487706
0.5407463034437914
0.5973617575109492
0.8411880793470998
0.6672999075094435
0.4228913003107986
0.15679717522011732
0.8779647648130763
0.5852343590141602
0.04048712386573539
0.05781499757129403
0.1971168797215393
0.09134501850079388
0.8070931012810145
0.7962274830906796
0.44722632398960427
0.8843036811466196
0.10779873890196237
0.7341257672178734
0.024969953014542315
0.0997287793630073
0.06097689915894482
0.5876847793337292
0.29481944001264315
0.8868589375462734
0.26672143634790707
0.6487960568732299
0.0850539843017549
0.5443527211570209
0.9303241058512283
0.1206945878533448
0.5678560009681313
0.49644129668579456
0.7030045851815412
0.28206541749464986
0.21180990975181538
0.08254429229338847
0.914798935471582
0.7715329585953165
0.93741531721368
0.6104021463141336
0.21850354907263592
0.9576748460773123
0.6353311956486193
0.31843360213643296
0.18541326650301296
0.3767411892837157
0.5731959835682555
0.021868799040590844
0.38904085691002616
0.92245595985969
0.89895904224499
0.10873008025353463
0.9696230099204388
0.19402680558244212
0.8798788562507408
0.1250153502571876
0.8476463620316191
0.46501184406507845
0.29376265877236685
0.8949939999869407
0.8582334711666103
0.046035470479567
0.5579718536238584
0.15548903876271494
0.8802389530488741
0.9569572723147002
0.02411174944460894
0.19035893963852676
0.8893189119482705
0.4283731322651769
0.9548832085355441
0.9666366987947856
0.9281978209978463
0.8867299745903687
0.6827017623163752
0.6434424009520641
0.8251135365426572
0.7418829080366657
0.8440542724137947
0.9186942260417779
0.7277842513255823
0.6827732911433644
0.8267418929180134
0.967297368927466
0.8914015409763549
0.9922328230408782
0.10049506052734405
0.15208291621742226
0.3568789606067223
0.8029217515967499
0.06651211903430869
0.7839509963194964
0.1698942419502622
0.9299845771642464
0.8336951830810969
0.9166232950113422
0.6157494912547198
0.95886941923591
0.8960942070094254
0.8574819200178649
0.90497520256879
0.869328819843192
0.9928470198063251
0.07915759013141224
0.61269017597036
0.9720064808097262
0.3102328205261616
0.8893871482122675
0.7918995675722592
0.5879437413522819
0.06684605422666864
0.9349999163462569
0.9900006769465859
0.9755938929707113
0.17708638363785723
0.8396898002996072
0.9095231013787308
0.5856956690295424
0.5169734721717079
0.9416050138173224
0.08507559066063133
0.08333433223767528
0.27830616403970254
0.02554688644186708
0.7044911752851466
0.05032318327702105
0.11241776376393284
0.9781759050268044
0.9804200148554925
0.3514885183891404
0.8626045856426527
0.8956426653430117
0.895752995419576
0.855137423120347
0.3495657265981552
0.23471123299946012
0.21794979700851605
0.37437520272215696
0.19391617754318413
0.7062340503688171
0.5782806221630633
0.9792339670407852
0.9076952801800782
0.9120541933228732
0.16183790953303895
0.6535420138267067
0.9039727014370313
0.9792625619993952
0.7521730611105906
0.3777331154869696
0.5351132862947253
0.8650266782285001
0.6683250317775753
0.6765741971964615
0.7122464121263204
0.9895830773942204
0.6699561968081672
0.37555931430715034
0.9522442303077295
0.9135840240323143
0.8340503606265675
0.5411505820311928
0.6882292435538214
0.36044185041681254
0.9226723126049647
0.6276791041448785
0.9233859555560989
0.39892799844861254
0.286249501484063
0.4459270890152818
0.21722679336401307
0.07260775934308036
0.3130539645708094
0.04646564388971153
0.14960372490283208
0.8306930710993212
0.9129209400124731
0.9276232317616449
0.3757518871057863
0.8720420851733482
0.8190186003752286
0.8166507666902015
0.7499253386887166
0.7355537434259676
0.6963393361593189
0.7119318919860793
0.250384397596002
0.6965766509174482
0.5508695450401843
0.9436869295568617
0.1286915086324477
0.29470281732121845
0.3706645215036795
0.8822734471435575
0.7337263198827201
0.4523280135901746
0.6405296490416068
0.9651612150401867
0.9565497267789086
0.8872567907048435
0.07679161157419648
0.971656334917223
0.18691500885695178
0.9482238572778907
0.5742120057979991
0.47434002657754415
0.9525776603140017
0.869098203753991
0.9749834703228971
0.9302587325358564
0.15579710629985025
0.8735435555916351
0.19480103706365443
0.8902963914619682
0.8228968042446372
0.6496513818130574
0.09269156122696764
0.9757567683529467
0.6211747492087782
0.44119385704784736
0.9431445617950928
0.6424594553122395
0.7902937535091596
0.30311626100566136
0.9652623923789645
0.7231905399538533
0.20294846103579645
0.15212708372489056
0.3921143677469096
0.7513581990955677
0.08340999510929528
0.35266455755165305
0.04566642254998769
0.8487258885605107
0.7501489679495501
0.5737099507035439
0.01151231926162562
0.04615814951989364
0.11024597430586139
0.5169108762169486
0.1399716203863475
0.20208506017230898
0.3084834130935974
0.5009036904412895
0.2271499801414236
0.1393081165640994
0.13492425836666389
0.24698190817252802
0.6539860935455095
0.20992393625080208
0.992034882089436
0.8715932926452191
0.8576181363908091
0.7431926981888236
0.6185869398674209
0.7680193776213101
0.9435632339047001
0.852371874812946
0.31903933723248595
0.5559597522018844
0.9937029564531752
0.8770223717741961
0.9849792383933058
0.7941785866787614
0.909192516712295
0.8022638094059108
0.624042863831948
0.5472858827845188
0.5558400482538762
0.13760179908027953
0.8872950173086847
0.7165478018524418
0.8863984785471759
0.6943970150820175
0.8938857746771823
0.9251307818011617
0.1577502201299999
0.8559828325809609
0.7275355907884704
0.994397165798072
0.9989737975441559
0.7776083781853622
0.9898714229621811
0.8366908785545915
0.635278722836286
0.6673283200548819
0.1996262474154918
0.19182408478062338
0.14049807441896872
0.8040576630081695
0.2459521261101785
0.6262005918725018
0.8025655579397101
0.6571526677223962
0.2578827527467402
0.21039460098819082
0.3126039552601628
0.040118944318895
0.9836862991165445
0.9994023125747552
0.9778474243460733
0.9096837699034249
0.10252028792750337
0.08101203438155187
0.9307064838423262
0.04709570890679145
0.9029949124869052
0.5653386676316025
0.9250904312904925
0.8847302012826526
0.8260648895197749
0.09679643979664532
0.8502838200071547
0.11844765023475304
0.8870632121828292
0.8639953467271706
0.5257270853933786
0.7144246948795339
0.5818844388167375
0.055974520856482426
0.33039793434526965
0.7700848589162197
0.8285905952018127
0.7718238569747665
0.14607037800035688
0.19348944244632038
0.9768007154238422
0.8413074096827204
0.22883667500978186
0.21206178714599183
0.9958825024595427
0.4899697290700853
0.9295657163603014
0.9853051268602449
0.7332072224392958
0.6472892026893783
0.8242904971425751
0.19824274952496945
0.8577973143365585
0.7552963344349846
0.8288552684596886
0.049141410394639914
0.41729168590336096
0.07027343550797263
0.8764954166591794
0.9762193133871784
0.7149330879739813
0.35331476770389403
0.09992437395009014
0.07371235483040448
0.6735110351960625
0.17535277000079294
0.11196442267980555
0.09808756471347717
0.16956996365141808
0.18533764042968276
0.8636327462787121
0.27504024775585106
0.3697066820494435
0.5866813408231277
0.9254795629917817
0.7195134900129885
0.19608516531384892
0.9341624900564502
0.2015555955762092
0.5962451958373083
0.42367648915858525
0.3685863797125203
0.9834393139542137
0.6899211604010771
0.7783430366922113
0.027997131545702242
0.7314651827932678
0.47055829536610766
0.5982263463973045
0.656067777382698
0.7279780519400323
0.9385025620103087
0.9953062167198897
0.7321542518284936
0.6096013007386687
0.9216077977604543
0.031631818456730174
0.7800277076239732
0.1203304386207666
0.18683760256071202
0.06655035270796707
0.5520456605934122
0.6390975321650292
0.6383667053920383
0.836740853646463
0.8753748983800289
0.9099250635890774
0.7156468355541601
0.49901310152747846
0.6812631294242146
0.16948079419733975
0.05869880139706056
0.3469825614922327
0.7650821201553462
0.9247944584838417
0.63998166214915
0.8878927312599632
0.9281707994686561
0.7116472453950847
0.7813100554206929
0.6592055744049942
0.32322513043472645
0.1300389153570069
0.8927706499795793
0.12373795137076599
0.09658016162334881
0.15992754466831333
0.9871985879142252
0.34773033853173296
0.8947484602136601
0.5438649336680877
0.5679228114654434
0.9972840901916296
0.17623014214772764
0.34633816876590645
0.8643012231695405
0.1452082868481065
0.9347628760994129
0.453256485103403
0.03375641561401654
0.9642631953350029
0.9824988488327971
0.9749962088352531
0.8873981131289932
0.9888566836541892
0.8555317852346009
0.3303598104509754
0.9861050377673775
0.2798287630214661
0.5892316790482084
0.28232975566143825
0.2735311735412293
0.15643820401968697
0.408822873678784
0.9117211808628738
0.7522748881777495
0.9723308882012824
0.08742784619667807
0.8288245875011633
0.5127713723065437
0.5836400947834917
0.3514218343923252
0.06233346695990408
0.49174069430118195
0.9806502503471556
0.9060979833450534
0.9735214379134957
0.8722429776976317
0.4164698301283096
0.7763036853999328
0.3864516901265437
0.8989698484317943
0.10932469485840274
0.09675942581020505
0.8820660600960617
0.5241912793506622
0.0508929790688684
0.748383397022929
0.9010694055766048
0.3723487155589995
0.8563507206193512
0.12289493650431425
0.8360469757595338
0.10448897302364271
0.8109345122826608
0.26623647711275716
0.7172670036554247
0.938358794799298
0.11160381298679029
0.35769717850298877
0.11058346023584617
0.9615710425643911
0.8924716813546205
0.12869064972967265
0.05391788841769078
0.2074846829399118
0.35821872855358705
0.06460522634550175
0.6321817372563483
0.6487090682266121
0.9990144627818787
0.6470603648914055
0.10651296620889415
0.7520640248728104
0.8758706924722448
0.9732585843423254
0.8228293459788489
0.5983486836626988
0.17883719813722554
0.751615609397966
0.06890635811755114
0.8623737578769761
0.2879424032042768
0.5141694408658926
0.7562311344408585
0.8633609612407314
0.8788487641478342
0.264130683970909
0.24738744070716728
0.8136444450490113
0.9990663228660923
0.4053344034514003
0.2930385581151052
0.9166775346290742
0.7909802303353008
0.7317498312933918
0.31387182619348514
0.920438400498806
0.6085541322387468
0.4622204955613386
0.7392739833309108
0.9031687564564296
0.4180147910273544
0.05386180179647082
0.14376956184744488
0.8240451001376636
0.7006266123566202
0.9476522000169558
0.4016346371053705
0.09341536257859594
0.1786536464370504
0.6211219809107127
0.9384253517901013
0.9235865994085662
0.47629895384368814
0.06742469222214584
0.08792341450153619
0.6078440192661753
0.8474477293248517
0.17449112589487475
0.6798737206908689
0.2836902201050307
0.044947897167778236
0.6255136044539997
0.8427843091052731
0.7335051255422107
0.831907876795645
0.09780276093903459
0.5791013506819576
0.3528133775421979
0.9779924000998497
0.8580650162594767
0.974462571049838
0.7008948802670466
0.2534413167729992
0.1328287543924807
0.6321460623008839
0.8164320601836702
0.12127342266670384
0.5361833427962193
0.9186468528172804
0.10490665528975752
0.07641408790993123
0.8314100761986027
0.4971061899386736
0.8537279330832382
0.09125650393686388
0.0641090600755638
0.7738028646149644
0.759846459245147
0.04727971912366542
0.8897649296856267
0.3521136197655366
0.3647593743243954
0.7590762113852727
0.794520916075081
0.08223141163864367
0.7712997348341377
0.25191246866885497
0.6935619299777849
0.8560533964683036
0.8556903515908738
0.8478287624814864
0.41698698126608413
0.05640441470695334
0.9951608412478743
0.09474359645776646
0.6974938029686983
0.10696466919445313
0.5308213747578459
0.8033045868365462
0.5492635887434575
0.6793800787365449
0.3671798102002419
0.06122106358917359
0.7286609540632903
0.9798173204944092
0.36678106359596857
0.8288815305039579
0.8601890249715909
0.3008732220598604
0.5683249466933717
0.8571430246892553
0.19006532631391598
0.9174447688979472
0.08318919510722057
0.4609542595271844
0.16098998344304144
0.2156917193861781
0.634455776554078
0.534086871238267
0.24664506384070012
0.6015708142060634
0.6806713188047941
0.984867934133024
0.6311326516732094
0.769282974203277
0.9088658034640364
0.8979787918268011
0.8333813008691335
0.1542569936682659
0.06143285219986255
0.13655936490194037
0.5840544217916246
0.6600470665086701
0.1789077590772241
0.9272000261193174
0.17824338717597782
0.3687327521584229
0.5142890007256479
0.38120504850188397
0.4063450981804947
0.14894875587131712
0.2550607055215271
0.3230759415697184
0.8161921152896034
0.9797734470426209
0.16918919135527005
0.9427300075982787
0.9427570803123437
0.7427505019025462
0.25895811049078676
0.6490926852551211
0.3381803978283543
0.9461013115826662
0.13931395619807102
0.6235190681869118
0.5839107884292187
0.1317464615304752
0.09917814020501696
0.7820884338485594
0.9726101246081253
0.8998197698085284
0.7298693487419396
0.17053429917649982
0.9941369502305444
0.7396272223041667
0.2063650622760902
0.1382186963596142
0.6632230909916714
0.2499398844549933
0.3369278155076152
0.19695837184202902
0.9487094788233001
0.5769249998906267
0.9944758324705805
0.8077664979926384
0.16938662831985882
0.09668131029660532
0.9433733244790901
0.9149154975809879
0.027300428190425996
0.5505248984390058
0.7299128016270471
0.5163940363017095
0.9037935716101563
0.08941310058177905
0.05306607787010237
0.875540745646178
0.9669998461740814
0.8592962959697887
0.7940947820335877
0.9238372079921913
0.12053006385933067
0.446523186797606
0.3362630102662215
0.3196324733090722
0.7526147784031213
0.5451081166993723
0.8185519177351712
0.8550101775659362
0.2433179485821084
0.9394537183833372
0.38201719374970766
0.9456249411397392
0.9702078406851833
0.7567810639247371
0.7792821877928211
0.7387441444606461
0.9686910359338078
0.4997289341138175
0.25727233369347813
0.9674633619598311
0.1293072766334183
0.7886103985906915
0.27239012351468916
0.4617423827518965
0.289426156670533
0.7652561289367685
0.9558959951977484
0.8649600484567802
0.5493449183188841
0.7606222666345211
0.5893102279854705
0.8741976538833431
0.6999463805919414
0.976397617391733
0.791835099708983
0.6387014350451974
0.9499749645935256
0.5725594983796424
0.8580304065094448
0.9168356389686123
0.48381964429152335
0.9911737802536149
0.8994653156520873
0.2052277098268808
0.20242640741798434
0.2168227593396155
0.546310579783291
0.0915263469021032
0.5389641703571598
0.3265711980589947
0.5110109330455412
0.3379740913414443
0.7736624357904347
0.25024462294718497
0.4914754976860254
0.9004340123897632
0.4011036115209506
0.704203221752943
0.8798108653431143
0.7401824500746954
0.8890574623984053
0.4678068721812447
0.32850590659296497
0.8334112535702956
0.9639908718008652
0.13541180758164367
0.3557775672658025
0.7024861856489808
0.3843018270530304
0.08311465275569854
0.9882418776754363
0.7187125262791175
0.9484906323366649
0.6791885810691075
0.9890411066072983
0.7057947399680568
0.779891210346128
0.821532592227093
0.3909061052956829
0.9380605290285069
0.964562979391033
0.955436335810704
0.808836117226551
0.8594897971932578
0.8471047193240634
0.9759309796931134
0.06762095850708054
0.20647283851495246
0.9109026615786795
0.7998652869745346
0.7059811278176471
0.9959163581256333
0.2217490734248861
0.8228788430776055
0.24630004269589706
0.806533485280416
0.7504737584584211
0.7824750359051599
0.8493732715372833
0.5303791810611801
0.6585039384224419
0.9926724323066595
0.7414607054776263
0.68808825219563
0.706938724705897
0.6288487825782474
0.3810460223274492
0.790644493974621
0.09160084067017982
0.7368954375498784
0.9581005844451891
0.6214925910008724
0.44449603718782427
0.9751182908058607
0.6459559844747524
0.11027688911189612
0.8827472345407916
0.04815717761872125
0.7074203136208594
0.21893540557990654
0.7587805699132143
0.4191611249937698
0.08850324685207128
0.22586860796577157
0.9079552631550911
0.3032373108280988
0.16076158122542797
0.21115581414600118
0.8830833065457757
0.8036935625373799
0.38816282014099557
0.933490102098348
0.7082841049490348
0.6842995621396453
0.5898996114865319
0.23676253717001472
0.2766714955740587
0.8138635812674433
0.13036022148821064
0.30058631133506414
0.16063844409882627
0.29288495803217895
0.0684908613686977
0.8194897137158834
0.7955789183343724
0.8953104502828212
0.8940785901992856
0.24451992987862642
0.17962293159308007
0.09156722760453456
0.14259247652807977
0.1807751179525102
0.38080040517660546
0.7207544878218322
0.5103108464916063
0.9464461016284402
0.4752709579424661
0.927769488348954
0.04637113292197226
0.21453420217310476
0.768652113985688
0.9125287940419717
0.900481190877175
0.07072570351116954
0.9335860448467438
0.06333664865290344
0.8732233229200501
0.08050820365532432
0.8533383707447257
0.4755666831109485
0.724084095923785
0.10768667616774236
0.8725029719529542
0.4814834239636473
0.28164739615628825
0.24625557165501297
0.13363495070112497
0.4728180771114019
0.4881721766408498
0.10143896684316367
0.779128313064704
0.7502871240225149
0.9828298546958665
0.07980267180958506
0.5642130546429194
0.05900591544886001
0.1598875257933275
0.8525402375083859
0.9754001080457145
0.2513056879277843
0.9277807465046287
0.7432867064998075
0.07129076165001157
0.8715537495025951
0.8801521736362532
0.9827238056504938
0.9490867500052603
0.10031498061139558
0.14711075439796514
0.3168973865510018
0.7465297081337844
0.674262290201843
0.7482241850853185
0.9135124471754421
0.637384439150783
0.7873012063036671
0.6352048874072436
0.17372779941402808
0.6035238357406023
0.8730905351992483
0.8638751660126414
0.8656049707771114
0.9452054066833098
0.26162154183207714
0.9692430460325351
0.5768518304346993
0.6782725422112379
0.11062163735796109
