0.9184710466448498
0.9542343410989846
0.3657050564816286
0.9770339405727517
0.9284927857971147
0.09077519596145994
0.9837626911097297
0.5106039319596324
0.8453670989720041
0.7187695746129736
0.047377420756787615
0.9602143538512945
0.9894244643221699
0.9973314499705175
0.21003322306313
0.7704885110232529
0.8524784247183801
0.996807057948567
0.5534459136183543
0.7375844003963052
0.8373471491724118
0.8741630963992009
0.8718676418844354
0.8342164820873985
0.7459986142072846
0.8939207705376998
0.09503928458554836
0.980830264571491
0.9496764554569193
0.9389254587540516
0.8149153152924782
0.37768927523832174
0.21981163116253172
0.17569165592098188
0.9209884560592447
0.39320207568718507
0.4747892606963094
0.8117909398630604
0.21510926598020422
0.9383537266406283
0.8737090596990322
0.7876843886841408
0.9558827777527907
0.8917031674113769
0.9865525649594095
0.6959014759388562
0.8320478677028407
0.7645118491908064
0.05541561884392392
0.941590878883367
0.7680515195524868
0.20752360606429038
0.5490185951383081
0.9824586158992152
0.6983757352711879
0.8647079980934067
0.984189216047769
0.8020238951510098
0.9720512440804462
0.5023294153479281
0.21543713429910777
0.6313883367417978
0.7616188125602907
0.5953444597926736
0.8341620524459199
0.9529309889629686
0.9844937419718676
0.6481212263755147
0.9686069981040536
0.5131508959276254
0.950370935239041
0.8732647783749201
0.1744102981052425
0.7798262821255546
0.9103131025633583
0.7807183164960261
0.9134407189013877
0.985092756659588
0.8508568973602281
0.13505730914305067
0.8009330381151644
0.9111566575215349
0.9287204803271727
0.9391073786477506
0.7669541492801382
0.9322391368138478
0.8052143138494592
0.840590485078921
0.13929627026606328
0.782322139729434
0.9868227580480686
0.19828191903551057
0.8558604814903761
0.22388345436743
0.6867542290278681
0.8692208224136848
0.7758588822596373
0.9782113403606807
0.7806241868919337
0.9587723494953605
0.6675116542234643
0.911930762242426
0.8274780252422188
0.9158172165190919
0.9402071250448932
0.845218617094755
0.9393778662312385
0.7749121993389578
0.34498468218630196
0.05272478465882087
0.9418192067932212
0.3976153897979341
0.9728508072436991
0.7832973180209275
0.8948898421366425
0.9714409823611238
0.12230411984440523
0.870572749180514
0.9198485136111365
0.14734270483152412
0.10786232657408573
0.6197248982127684
0.6863164443088765
0.2453698476535791
0.8853041082397612
0.6123140933062616
0.6352526496351873
0.9637126220701144
0.9927494265948997
0.7521659794786644
0.9108537542414672
0.8201483300294852
0.6467119405133009
0.7503195129097772
0.381538945375365
0.8819078479181828
0.5915658064213616
0.9648428581492459
0.22774401188345872
0.7229935156160708
0.8952182371610633
0.6504096629593229
0.4539246471278143
0.9610784643579475
0.32261961182789184
0.9035782039292001
0.8549235707440193
0.9269945887726138
0.6477740861980911
0.5415874088419244
0.20209039522065858
0.9901653538596116
0.5188209565362919
0.7627162175469889
0.8901632625295142
0.9399391999624689
0.9652689524827618
0.2519255112659659
0.8451383751642536
0.8406528997121172
0.7452536326079695
0.18134501415027043
0.6818123340307756
0.05485840460504815
0.8679460881008345
0.9133599992566142
0.9625351570435954
0.12347366414537864
0.1645938520630022
0.8017989121432039
0.8844070197331146
0.3397208894934498
0.9686278153110763
0.08473654143691894
0.9469631270680472
0.5442091471485841
0.9808692577711948
0.06359577237203341
0.1765130956169354
0.9779708767053874
0.9072249859264268
0.9500624830591273
0.17007115112073803
0.9991705247235005
0.9456988793442007
0.9223496389062464
0.7860063477242569
0.8425950731343632
0.14983189697415544
0.265754768128045
0.2867268138631443
0.726483484993982
0.741786729958194
0.9663330098234164
0.9265916967841643
0.16147675517940702
0.7061492938925098
0.9476485110626376
0.6502770405096447
0.0515753910457049
0.9149219664353363
0.9782982451409811
0.9177788502774693
0.6141476989535528
0.8264414010366667
0.7745547431978852
0.5370601739693797
0.7841282770620321
0.08778045761668664
0.9799115301480994
0.8539640792524955
0.870854272059893
0.6977115200604689
0.9275155260796601
0.9378612918132448
0.9539143280660014
0.7674304480804152
0.9301613589910022
0.5861707568253479
0.15695740446306344
0.135152740643395
0.7566968249403747
0.8501151113991783
0.541675433732895
0.16656652654936147
0.1888423000341486
0.9816060189309723
0.741507207421013
0.07392043669303222
0.07656309860448321
0.7592409240876155
0.7604215414312501
0.9741487310900905
0.9394611840514786
0.7085440128158937
0.21454908808811096
0.8302473025696387
0.8196345498492155
0.9843323086053696
0.9016062907298934
0.9081839748357754
0.7465914156319602
0.9601696663652621
0.9600026518838407
0.8143479893404235
0.9935683682235007
0.8168292452272894
0.39048476517205594
0.3284499564816121
0.598661777007083
0.7779853912045704
0.8014649765496656
0.9757919621064763
0.9489158160348974
0.9731838981614177
0.9716734750042615
0.8370049833237795
0.813874365053783
0.917133252857801
0.9153213266344531
0.9702268522402759
0.9684925382794349
0.7711395876464529
0.944968972656488
0.7898825661553617
0.9847240929015215
0.8434710721828285
0.6212534863955814
0.976008511938828
0.9984127728389871
0.9998203425598569
0.7519311417271399
0.2009753558911685
0.7895175043092337
0.7299542196387683
0.8465235830580533
0.41563202121408205
0.9422482803110008
0.8438498369997707
0.11201576502929816
0.9369717087845205
0.6413850566713448
0.8723572192720886
0.9154416840544137
0.930321324651697
0.8145128647462421
0.9856608161525824
0.9834067954635765
0.8040980739523858
0.9858933485162695
0.21244451957359953
0.9267863559255665
0.0743766113293394
0.9441433991155662
0.8632886147477966
0.8371096242491327
0.7335085398487193
0.9372017568896432
0.8354132543479516
0.5643060344977691
0.5243428889709556
0.4775171577886129
0.9403095407719588
0.8809082528950657
0.9725141816594345
0.8973261183858634
0.5097148926466561
0.15481252675868304
0.9860723904405879
0.6673892122115238
0.9898508002980709
0.7352576211822679
0.6936007349457685
0.8841308908865455
0.9425625128584503
0.8948353576803092
0.7545439127204233
0.14856293438534462
0.8727807984105171
0.7358314216777188
0.3099815545846302
0.917629182422363
0.769599624156961
0.9753764541344601
0.8488361928067087
0.7931674220736834
0.9593728059217412
0.9765402659316067
0.961443273859871
0.9463811545298225
0.973435838990937
0.9068936386721392
0.6273197004477495
0.8654157509245007
0.6503408031186046
0.5661459048869631
0.9737506706612677
0.9940770567187747
0.7506771600203039
0.9969618657920114
0.9214733474879062
0.9805049668833115
0.9789081377201334
0.5890181774699641
0.9699020254459452
0.948617625534762
0.9510166037720318
0.9620650840829545
0.7965686168595554
0.9036192013210016
0.8147341937813699
0.8249251537623767
0.9619473136250988
0.412403145587399
0.9849988074029115
0.8860863814401017
0.8923436811548466
0.29337014275559453
0.7599928626011383
0.6760746703286806
0.6738383435707898
0.7871236329704862
0.8890961309441814
0.7967684122036337
0.9898720288459361
0.969244486300089
0.7171163748488903
0.30200835467780157
0.13736781518891228
0.4186089110370912
0.9092645641041402
0.9056001039206729
0.6596536253556518
0.992127374478899
0.7306819118958567
0.8248869847014706
0.7193312243408516
0.06164194599928616
0.7619811206907984
0.6699947178262791
0.06454670777389351
0.8537330981907645
0.15168825258947877
0.5988988013947355
0.9007143489363915
0.8837784250926755
0.9845419667872042
0.7557528689599184
0.8423264546099964
0.5204404663125284
0.6251953923594278
0.1918425586346517
0.13973075586120937
0.8669702491236155
0.9564618475296924
0.22524512711327974
0.9928719936940401
0.9326633718005891
0.8007319890202002
0.9522864036098688
0.6890861333930767
0.9353138104442906
0.8612981691542416
0.8296022243241927
0.41118484208032585
0.9051812739588239
0.8880131935396364
0.9653981394654493
0.046489608343849305
0.8775214745378327
0.797831461967086
0.9692306649913984
0.6747929596152247
0.9989928393188441
0.8229592811864759
0.33099764124809794
0.7513366727304747
0.9552758918478517
0.6637466925308636
0.820722354824508
0.6419787411440508
0.8572978732961642
0.7072070191655339
0.699249366725352
0.841314061571766
0.9962535638979197
0.11370116465566744
0.7640494001120965
0.4934874981280971
0.8561282349398787
0.45834324057878906
0.7215045933719901
0.965546205484217
0.623863320571814
0.38958387787589843
0.2340439648706487
0.9263388298791592
0.946513168418589
0.7371174169904415
0.9431644899593274
0.8990311888029798
0.8677988215302302
0.5873898723813455
0.9782567960185112
0.9940255245638612
0.9244214840073383
0.6721240391356682
0.9119323359904159
0.9118974203631773
0.05213514502651423
0.8211974880243025
0.07680278855812048
0.8602609958384941
0.9941458308097804
0.8475328583230517
0.8814823758379693
0.9939118081557943
0.3186555753103596
0.5795559016467491
0.14645949109852602
0.9016439413284663
0.857418129108658
0.986865851640011
0.8798712466368821
0.8943866306169346
0.7611258728845584
0.9175078696654635
0.4713416507861329
0.2711868184400456
0.62184940951331
0.36598235137427615
0.7790021198181072
0.9889212677590165
0.5388492628782479
0.9315966593492159
0.8863215043568051
0.8678039780273075
0.1358887480916112
0.05607179277835715
0.839804692714645
0.7852187995280571
0.9624154736131033
0.9679672504992634
0.09076765928306313
0.38671277321050135
0.5997660725067904
0.8683671322235773
0.8641424281344503
0.7282363772399547
0.9059629821568735
0.7560974002543028
0.3229730840180307
0.5564171430933708
0.90955935548228
0.9287593789297098
0.9919685910350144
0.7444838095646304
0.9892840722892497
0.9520428936342609
0.9607429379813388
0.998105973744703
0.6964018327033243
0.31131624010254566
0.9684491505320698
0.4630716251072584
0.7678632234848065
0.2186421329360725
0.6694092239050009
0.24063575978103344
0.9805719293510667
0.7494878002370065
0.38880330276998154
0.8593523989377625
0.7414827296720321
0.9803512980367013
0.7994449469201115
0.9791761701197808
0.920481739807794
0.19611921208102762
0.04291851502662024
0.5705793262701504
0.7298109605982639
0.8509915428740009
0.16309537840105084
0.44387666248024576
0.970314257746733
0.5278185061719654
0.9912031383777957
0.7552559717692717
0.8124884289717634
0.8736743277907584
0.8649825823231003
0.9665396254704302
0.8686906560845007
0.23056673602830635
0.8405594234989193
0.7163240533693231
0.8478967535435112
0.9897012677680324
0.9800241416108981
0.9679118230090863
0.9526150746368514
0.8639024934009589
0.9551343203904048
0.24838333332344076
0.15939895052576505
0.4292434286677978
0.771482800345717
0.9334863078030495
0.8762839937734481
0.5266751998236214
0.7113888873419973
0.8610744166287259
0.9359319455493431
0.9920622186173712
0.21797750431334253
0.9428199537295315
0.8021427311924462
0.5458314624128593
0.7961206470480618
0.9732820585187006
0.20760570843840315
0.6482643909130794
0.517241801105915
0.9663313606565992
0.9959951913608667
0.9023929624569749
0.5900459604578858
0.49230167549007786
0.8034231832479215
0.9260958666283874
0.9590982196245901
0.6491737245705389
0.994970491980204
0.7401002107037545
0.7647780453420407
0.8141122475737665
0.7606790144843301
0.8358780424062457
0.8667493119854851
0.9325030950870868
0.9807747544482102
0.9275890259122377
0.8342105074578864
0.8241071655089192
0.8504377982231983
0.9220814783557882
0.8982902782242053
0.714558598210093
0.8862641145950849
0.9465738515683533
0.6286030663770112
0.30865426161908394
0.8444885671120517
0.08642903103655991
0.9407416561037558
0.5940122936994707
0.8514671714667428
0.9326351604336396
0.7725788603464179
0.8951645091392781
0.5205312138743295
0.9263502506913053
0.973864137471473
0.529209891009184
0.8778191017810557
0.9881538589089813
0.8223397574489205
0.050528019419213956
0.9841780218851248
0.8454385274979817
0.9630294638469965
0.9307393822771076
0.126394683256535
0.8926651562381669
0.22701397161074635
0.8065739785301835
0.8260476928583727
0.732054642294417
0.959832820504346
0.8576119890770935
0.686216566756016
0.15366057624470097
0.4060339330506607
0.846173475215936
0.8946853833401289
0.9147575737973545
0.9931904276564987
0.7474332135238397
0.704482816410122
0.5100248767346228
0.4879699707574697
0.8009537475480222
0.908495093553114
0.10008995996468262
0.26537849530712404
0.8450259711189925
0.9088184996666455
0.9130377144859516
0.9434303001532598
0.8759620214800719
0.6184353971967611
0.8910947233568158
0.8631560362136478
0.20040146594034258
0.27748832774715193
0.979916412766082
0.9059793538403882
0.7539677499803096
0.8370603216166626
0.9585026073481557
0.943577862726934
0.22913492170291141
0.7012138240374927
0.740277298626102
0.6308393988747135
0.5885163813171902
0.760665306104722
0.8459980296366219
0.7801803101058951
0.04482074874759466
0.9723226493771471
0.8830543913347747
0.7234396075466725
0.7510147513919494
0.727710480348732
0.8313592237302203
0.817158162271549
0.8892626344483919
0.6402707264421276
0.9386033868211375
0.8811436044395979
0.8734625034678032
0.2765144541657217
0.9022811967862459
0.9503293692263541
0.8021512475400896
0.7477071463856366
0.9658753291389055
0.8691775766776498
0.9809301100027081
0.1090811012260001
0.9874153253557008
0.9390070496098457
0.7598153711049229
0.83988032485658
0.9126517729937855
0.19131409691985674
0.8298788030808699
0.8712610878744229
0.7330604892094227
0.7463596759481446
0.7507286444626824
0.14552592473722287
0.2533156737090113
0.9906255552453775
0.7291991365811159
0.3840437835700288
0.6250425616393392
0.8824375618073015
0.16561114127941623
0.9489103570708575
0.9885018583752353
0.9762050741586098
0.8950648104838039
0.8135990749667295
0.7308769877907335
0.9796421261024839
0.8827806482211848
0.26896973707487315
0.9400619829533149
0.8521900020754936
0.49813960596859175
0.9685941450069958
0.2017010189180836
0.7457721868353282
0.9951729445120799
0.22968978292318393
0.9755540705880098
0.029984485599446154
0.9369723115246116
0.5250506703326514
0.9440759596041766
0.7867309353717205
0.6023637616362285
0.523299167228826
0.8130924239279494
0.7871899797218057
0.8458910796196852
0.8430462753138548
0.8420709554691608
0.8914161616940903
0.9395741717297871
0.9575752723448996
0.9985861658411952
0.8213436754800065
0.871083314775454
0.6889987705900199
0.941771075300663
0.05528394547258697
0.7438425467075618
0.9412155503202808
0.623922000101748
0.5657436714646966
0.28616338123455287
0.940288191067439
0.11271082072924776
0.8161094966760416
0.5441872338007762
0.6659523421631137
0.6564578108552045
0.8243215262844705
0.9311097608194285
0.06100458225002921
0.8788495791657835
0.8548153489480304
0.794183754787664
0.9797702756716715
0.8447112803952967
0.43451844286884916
0.8221491165262598
0.9683583824557263
0.98715504740371
0.971670254243666
0.9047440474531003
0.8506400951930355
0.9561775877080261
0.963893407724671
0.5205584650737477
0.9316824525592675
0.13093010778073283
0.8058230378034313
0.7672825763145895
0.8992361764456367
0.7690012167165123
0.8108135420927431
0.8271709224364001
0.7255007946703091
0.9276226192927014
0.9279642063111222
0.6845992194739019
0.806215695454913
0.9171123476132721
0.987085130602244
0.7051645863772981
0.347900135723315
0.6910405399688657
0.8670144765693502
0.06858913874890399
0.6083285550394739
0.8768578286653166
0.9489152380645656
0.9775411954838519
0.33445501600547445
0.8729641381323332
0.5507047860256709
0.659910394562017
0.6733613499838955
0.9015223221069819
0.16446481113023725
0.7867597734739797
0.5382984076332087
0.9003500954326786
0.6154393191571536
0.8961627705384723
0.9883982107532407
0.9576732041584263
0.8908973424433424
0.21850239164927787
0.8522486470269159
0.5997080383764606
0.9723801526037491
0.7990307475839127
0.9888404994167392
0.8323897521422559
0.1726090912967045
0.7260348678693718
0.41203279362102824
0.1250602862163962
0.9706603012143391
0.6355048550418584
0.36788198416890194
0.931830436091968
0.8987244857173682
0.7457948238355976
0.3037278640631006
0.7563345316285863
0.9584314688777558
0.1973591118768581
0.9323743934340379
0.9624940094647882
0.9374917995228509
0.9387798162907954
0.749472895744417
0.5230849886445792
0.8717696441692875
0.5044652238671187
0.8817546296125722
0.9253694243892326
0.8806299229374417
0.6644454505524868
0.23035830534724788
0.402340822266658
0.8921739112732555
0.9842195849780966
0.13756362464412356
0.045672243010199155
0.7419700145234587
0.0505027580927552
0.8413256615706031
0.6659816677148647
0.6588874913516414
0.9978686064776245
0.7209923060619716
0.714277656230712
0.8124263969086469
0.9114937257002251
0.10488123929745866
0.7887231762585958
0.8376857343101687
0.4015933443647193
0.3896904995934063
0.6694625918009138
0.923303256094835
0.9381001963283044
0.9659284921405553
0.7119864658955637
0.3287267863760576
0.8429601213069572
0.9464553782014293
0.7470498285810431
0.927121715156199
0.9272077080432624
0.6317711821965517
0.9690733802702278
0.7214842191328485
0.5100812048458457
0.9663234543557704
0.2619367986794269
0.5951906309632955
0.795140697245518
0.8437239856382632
0.6870691645662723
0.9884715122166163
0.6984069805694317
0.7403655006819838
0.8704898400763572
0.694846950226024
0.930558521697626
0.9561291550760056
0.8653109890235525
0.46668952187120594
0.08694769327324745
0.4887721163733938
0.8951405812675456
0.8107207012478441
0.9713368650538747
0.7209727625257568
0.3015903638861715
0.20066802624863958
0.9321087452072556
0.9915124618746669
0.8557224917041686
0.40165140575345826
0.651372605456555
0.10187550779319898
0.885921634158678
0.8505538364988907
0.8268718076445694
0.17614867741529047
0.8333976523601192
0.4028075270024441
0.5931960765643242
0.2416230671783685
0.8482755597801395
0.9093030174987001
0.872637787221884
0.7095647101966049
0.33629137323752933
0.8725075767349475
0.822204796974775
0.7805457636027712
0.7586479455624751
0.8774831223508421
0.9246340949880927
0.8537806061155921
0.9832362835109667
0.3731394922917772
0.9167771932183328
0.8619909874741591
0.7519345426143562
0.9729612694176711
0.6995990891406093
0.8797472040323032
0.9104514185914356
0.2629295988186089
0.9398031815330827
0.8093597169925308
0.39589353395138044
0.8591234750905884
0.648023444099804
0.46069174280591674
0.1439764277921491
0.20228959446012174
0.9988160917159632
0.8270353180967913
0.5238571172676321
0.9671512559272235
0.17313118079737003
0.962321604944913
0.955064278326851
0.5361788400012325
0.984520930904269
0.8516717515555363
0.9086802271941601
0.5610790890169138
0.2460250049293907
0.7157001894682848
0.5278488114426687
0.962857616280786
0.7589447231764904
0.7232050104515458
0.24301067458209452
0.9518805913232375
0.6536646975941934
0.7895953542753966
0.15049655665168096
0.8368401048778881
0.09160887592753572
0.15050546861322678
0.9520061266322751
0.688029920758695
0.6115348470653232
0.14977746599842368
0.9879208252989613
0.801192656061451
0.2945007712282145
0.9277022479413121
0.1374839431677402
0.9910765145015705
0.8477694850626796
0.933703027216361
0.6282532502869715
0.9563101496244655
0.2889436521626729
0.7856429999911942
0.9778387580461438
0.9687437205217211
0.8489897846150297
0.9248872627294726
0.718032358109246
0.5141018668732454
0.8057871315910861
0.8551802048528024
0.6516771995710873
0.28099839366186
0.7065970337028769
0.5189469405816853
0.22047323904029842
0.9328059095151375
