0.7908724724364387
0.32362530078241203
0.5913100265196615
0.19309643153981346
0.025659936350112576
0.368662158683901
0.540091748548632
0.7368800092023373
0.07400025855213371
0.7808867983944134
0.7172087067878353
0.6784055628787969
0.677454198638837
0.7275294386030191
0.2714929303036192
0.08941287328265268
0.09406435762214702
0.5644976886311421
0.7897472099239792
0.004097948723992647
0.6003497410126359
0.030153232886265414
0.10512177579263612
0.5219831328639821
0.9709669166162151
0.8927118987645914
0.33376094823760405
0.12888580751311518
0.8649972949859612
0.505931516660244
0.6768017938966953
0.6370586969300607
0.6507711434340598
0.03587255633531121
0.24510706112490774
0.7570303169454046
0.023434256008447132
0.7887655249338542
0.19635050479105132
0.8246367702263546
0.08656134352220572
0.7442334932396711
0.015241105853315878
0.9213922298874702
0.4036254497494071
0.7846848521549963
0.9239927794412137
0.5332993752293077
0.711734408087529
0.3958508189120897
0.5383637148893536
0.4753796537419127
0.059904589211312156
0.17819934108807367
0.8183779366345019
0.783148098628678
0.04460650609091095
0.8985253611892835
0.7029078203504306
0.6389462210095295
0.7281663258636628
0.2217310917329351
0.9385926801379227
0.8232996824391237
0.3649994718348687
0.8408953146595619
0.9897819966810694
0.13677802256757432
0.7761448714725394
0.7236084075419069
0.013281355245822904
0.8383586120570745
0.18345218902558266
0.30726004589515155
0.09200764589051455
0.09566901812900289
0.7586884282348596
0.8142829025066385
0.410261977221261
0.2157642121440492
0.9428971391382561
0.7244510040531849
0.08807352415403358
0.07329284653972248
0.5783964183876296
0.3119935700200741
0.7717461380769726
0.11543305574544696
0.9162292201201448
0.9016174209404423
0.34541978932993966
0.16432289707142395
0.9555907937254114
0.1747179303556166
0.3922430704008599
0.15188106851399802
0.7578905765635984
0.13405966325318763
0.4197450659064073
0.7235464443673124
0.6591327592549234
0.437195136723685
0.2590824341402939
0.04567986464892814
0.9181727533067674
0.6011711386991697
0.6371146784058157
0.9210141677645778
0.11984188278966221
0.9921945922535325
0.7498824182325842
0.7926948275148843
0.5593954084508983
0.8509149394237938
0.04540362057874048
0.313608335909544
0.8426404462339481
0.02435698783453727
0.9715088157001517
0.019680794236867197
0.0032766373121054394
0.9711445352016845
0.8449539446365921
0.7857889728290717
0.8533290793573725
0.07672320846102731
0.5254560527679707
0.11947507990492376
0.22626157269490593
0.8102994348384642
0.23223825283001281
0.9936474212303736
0.013969917734683814
0.7874023645000816
0.26104932368730244
0.04894159782877876
0.10812356180169252
0.617429151041911
0.7061833244435713
0.5486440765783133
0.5700976803417692
0.822240382102539
0.5967115818202874
0.4850474040617459
0.029589772311455192
0.6996954974474782
0.9600940899376906
0.33188829516665364
0.42238596920522764
0.0732901056145839
0.7244835121069657
0.4181610991373408
0.024070354824064197
0.6290040862447571
0.006440173320738097
0.975240487447891
0.060844345394669555
0.8502383958936224
0.015167516290298113
0.40844372372277105
0.10211675836755717
0.37588443057143
0.5981571646071415
0.48696550310532977
0.7101956304155347
0.8328538774737232
0.7745857890728953
0.8743196791433586
0.3269086062563423
0.7080783051044216
0.3757366553653628
0.7278216152501109
0.7685717312579261
0.879245224223395
0.31320036107167576
0.6045469607974389
0.7829736759082232
0.8665206909639847
0.42586020873298125
0.8977513171884469
0.8586133595543535
0.41369213133371685
0.2955249153814694
0.15077177388012056
0.376755300825988
0.7971766672470109
0.015403081661411433
0.9111725515624065
0.7113604091391342
0.027302634291396052
0.03542505072504298
0.16305431242162008
0.8138069947049322
0.9810514556261507
0.5153463699797622
0.2539161968469793
0.09343047410527844
0.047087049388104076
0.11042085034732455
0.8364964213454462
0.8421281810912128
0.6750315032458862
0.689452008046217
0.0547523861384066
0.3032077525074842
0.003722578166628001
0.9727057314225762
0.8230114616647958
0.31206275761874513
0.06936474699649013
0.2473360251750084
0.02699170194657971
0.12457886334913529
0.8837081849090388
0.4003519742271596
0.2158825828994212
0.6825973361429322
0.8194872994044348
0.27307021600836634
0.7882902393087468
0.058844985646062165
0.020083305968385576
0.6270312112533645
0.7588006819016822
0.08659761471456837
0.6160208689650115
0.1264342235253017
0.6736692729085034
0.2534714443060697
0.2795242322907263
0.6632696962559882
0.6647583405254014
0.9446195236230601
0.1416968056046565
0.6979833264186874
0.34139841335073207
0.010049545115855985
0.04006345645164999
0.0722355467167719
0.9092546853629991
0.5634204704076142
0.7817888092803388
0.9779243471952257
0.20603626636029093
0.8958870424230405
0.8935510311179526
0.7433546127352729
0.7413711323704992
0.35367715541217337
0.8156401271144019
0.039594555090595236
0.082481144432759
0.7163776559385963
0.49840146619337933
0.813313968426093
0.9164648570310496
0.35298551882379364
0.726876453146195
0.022197851422100685
0.8761513139080711
0.08556736466079039
0.6184796969483636
0.3417879772606305
0.3284087394357272
0.9069181691145238
0.9279153160952889
0.036589694387264046
0.7062407810048953
0.256136541658998
0.06988322899038257
0.8831437540913407
0.36862108584700604
0.2568161748131881
0.15576108642075404
0.2545458000261175
0.8407381509549254
0.5725997490180561
0.604009616921301
0.052418596932644786
0.6732049344953335
0.011159623463995147
0.5864151007784112
0.22864756989705143
0.7781525991931897
0.4033420772990363
0.037082206535470175
0.3407252501762714
0.5099639485121774
0.5012862796771775
0.9321312541409994
0.6580759935106909
0.6420593039563195
0.016048617841634128
0.1305759743314701
0.046316937539836
0.6250687402908863
0.24007901005069926
0.01306048447037141
0.3666798634585011
0.23501507288064866
0.3632956418944252
0.008857143267842134
0.2900433471216783
0.2469023645010923
0.5791806340376374
0.2770627427088815
0.8381062169035081
0.36805413117655794
0.4697663505573418
0.1917114457819303
0.011623791277219303
0.4542255671982096
0.8809321545037438
0.745716936593115
0.19356643308038834
0.7057177443988734
0.08063735736131086
0.9092918271335981
0.29638746070197647
0.8638063881329678
0.1260189399986666
0.28867825216915727
0.2005009717844803
0.7947203414907815
0.41395362644632816
0.5821884737901838
0.2361221811682614
0.7330926925730449
0.8459726167570342
0.4149510098883714
0.6583837112812256
0.535523377643172
0.8636811874166972
0.8637040560565197
0.16572650130725183
0.08373627094897565
0.04558655384132534
0.08359203988688706
0.7621394049193675
0.7390896098001877
0.5235572531925866
0.06714136498287393
0.7015749141825889
0.7217607914092227
0.36232220467355747
0.604903032769706
0.2329229222926043
0.929242003390401
0.1132915521193227
0.39253206969189786
0.04932859613236065
0.21113620004143535
0.2616554110326792
0.5424749183420079
0.75727092410058
0.09369292545120837
0.053077732681181586
0.06396282199818602
0.8166565309648476
0.01724618764851755
0.5885891136306363
0.4016934554640321
0.22728401997898012
0.5498545991628236
0.7867800209826842
0.7471764586612198
0.36654836686460446
0.24370261873475485
0.6570660594227312
0.9134521551325399
0.054733169692008005
0.25083989869664525
0.8134046223137816
0.9637144753303655
0.942797150165738
0.5181522753849319
0.5541226165130786
0.7967995206899338
0.8683446882383983
0.033591461392625005
0.37983627535531805
0.9897698468803029
0.763018432760343
0.1484057469569142
0.003690101181341427
0.11746371463772096
0.42587451326768355
0.032582354530012514
0.1764260083357337
0.20268591485367832
0.037083682828329134
0.7998664450894923
0.015089946637214064
0.011182136737417582
0.44282271791530475
0.02949224330884114
0.28169918570498936
0.3684734609306518
0.007415527930215468
0.12730597745155292
0.015297405557862163
0.8294499641627537
0.07568346486536255
0.4767333462147987
0.8437635719851281
0.5418771049314044
0.5235872266313506
0.06279039979943973
0.21590738212688126
0.044112049481041825
0.7501560709084323
0.5396294319086175
0.8927619236058959
0.9959280928809773
0.1291711684954324
0.012393180809870855
0.25121579434842345
0.6874767700572483
0.7420361711282999
0.5070661331964678
0.8248965538811419
0.07512795202307081
0.6465971732985278
0.21746824569674775
0.44691933504904136
0.9005480442437181
0.7700915252418725
0.6426815126556302
0.15436092517694766
0.17771714808705277
0.7557026677707479
0.8750412679470896
0.6198509437732209
0.27940334726963256
0.29948549258119656
0.7480437611994304
0.473323600266612
0.5922483233417433
0.4109645743535999
0.8890568009737136
0.8169363278821326
0.045690745869573814
0.12764708350962978
0.0509940138541503
0.06146923686586349
0.8896706782813796
0.7083665428284776
0.04930448899404466
0.3903553355980479
0.20551423564296373
0.6204435026639681
0.02802880093963683
0.4599079572251342
0.6738856603243206
0.28583881346385775
0.8977061344863583
0.10657973934936488
0.3711620351304088
0.18627864477269798
0.6304607202346241
0.30254292456760074
0.5908352530232044
0.005691172085586841
0.7591464049456856
0.3099794148330919
0.7847309377043492
0.08670810004578726
0.4537468280739658
0.8392005345604501
0.4634922220402803
0.531215360800875
0.5688606398677036
0.6456887055481928
0.9817955641172473
0.4942010080450451
0.6429844443218062
0.1591873326181511
0.1508890360819594
0.5777390179175498
0.11475546396030609
0.07787749634174587
0.9433429799411484
0.7485165702951069
0.6150173426066544
0.8202387895347332
0.46751025596006623
0.007117095173442684
0.09677672589097128
0.5451000837019117
0.7266046147341029
0.4709983729018567
0.5663562374968428
0.49261092617700863
0.7779663777844691
0.4985920121995637
0.7601322535554826
0.10213334791866957
0.4345804369954852
0.755374494247599
0.44150294425104764
0.6544598591321182
0.7990294919490424
0.5485938284385062
0.6139716067185153
0.8146965061640439
0.7421175082274379
0.8421606146242726
0.7181400949874556
0.4456334529075554
0.8816202789144212
0.6826387226678933
0.5558164500200251
0.2983512895179349
0.004115093763068992
0.9546877120527939
0.9017511447390126
0.6737997383616432
0.3999687131504629
0.04665513903973775
0.2994213404516411
0.13696487595853346
0.6030020337293658
0.5916574865849544
0.7745037299760335
0.8877773267369478
0.8643828768181406
0.6733831696831794
0.8760555947438234
0.03525294097710244
0.6777822310357279
0.5204202674425534
0.4641734234114205
0.008542326685108929
0.347769694071312
0.9616482619233462
0.04962721517869269
0.023916800943142868
0.8384113668352963
0.7361068504864424
0.9237804755078831
0.8012539758562454
0.11624407599704861
0.16290386417625674
0.6145225489994274
0.7248899028904385
0.6438412993491898
0.03274114869129554
0.1471142852701355
0.2587157559048757
0.42812170329338095
0.7722035794794861
0.6296864448174336
0.7371916379352016
0.6240507693035752
0.6736511409832462
0.05752811468928163
0.8134894697722197
0.4047678556074954
0.35603265388482264
0.9526382529694472
0.3982917302998238
0.8334357133257856
0.24585183620697776
0.021671090996495633
0.9410723355606345
0.6692344741368284
0.8594578806904567
0.7769739383277688
0.7738402828780048
0.02092831070195733
0.9390834539781221
0.13893140516128133
0.9405112988880967
0.4463312443848538
0.24499204743476316
0.03101195936706979
0.9824115887288611
0.04360361551533108
0.7806345837879867
0.47611803796576646
0.8728373292411
0.8686426473936684
0.4786988396855144
0.6866271957584776
0.8621722793871579
0.02836511758059227
0.3332394685221539
0.6397039033376537
0.7902494774714364
0.7328556810829729
0.7964293934804388
0.29163273837722925
0.4842087337888481
0.10884362983810099
0.6881357032398656
0.032502925537993096
0.09330828874649602
0.22856729835152997
0.050905824455578445
0.6598549991358593
0.41147613220289375
0.2379447291324655
0.05472291460686626
0.26896963842855504
0.5377125725395852
0.9966615868541784
0.531203546048172
0.8310118800436384
0.4911833349870298
0.7300729816430835
0.8137726216399784
0.06900316094605514
0.8238049280789016
0.9926243478678036
0.011876984139771049
0.21970771719088247
0.038878566984876475
0.22732205459349897
0.004187285743273079
0.21067541034774107
0.6306964663136776
0.21993579958418386
0.1020969536625612
0.9533785950853226
0.33520843985450127
0.11851204109067473
0.6649502936722276
0.6854612931300659
0.38327715189030764
0.10705443888344846
0.16528522760009437
0.23954597482846257
0.042926089350033156
0.5576243933138288
0.11944601265516305
0.0256111792700203
0.0619788989342419
0.13064078107821953
0.04767251581666126
0.03599007132648217
0.6392519080664889
0.9575304021944229
0.9670169772306589
0.041314730691322965
0.29101200408707395
0.08784127867398588
0.6431130917574717
0.9960722636387973
0.6332571082166119
0.9949355664156933
0.94477514401672
0.16896018619965752
0.7333472393660547
0.5704378505785189
0.13964863007559816
0.3105446137603118
0.3430465588894248
0.3835496745387708
0.6991484173691795
0.09828881208433898
0.8039186217034077
0.7527930677041051
0.060345464020251316
0.045031903579742016
0.8690335496667724
0.04355435524179338
0.9929368589254728
0.9523885122848564
0.05812181042715446
0.7248392703418923
0.8216087731956647
0.2202849777682173
0.826219013992874
0.7190171970479973
0.600137931109717
0.31645336191413154
0.2710237919559069
0.36558751363427544
0.7920395693201574
0.9351366690553672
0.2654058746429412
0.8855422302307568
0.09751084534735519
0.18694839921107007
0.5424283232688994
0.5320383631257581
0.17773614097599125
0.9479858016581815
0.5031776086799546
0.21795931684340836
0.44678641948800574
0.8270521220880989
0.864742687190909
0.8466900096754095
0.6544477500732636
0.7746794410739724
0.6307685338850229
0.7974742787878063
0.9397955364722191
0.38458513208767164
0.6374659258230909
0.3319520440739216
0.20183714708405381
0.02341004104475882
0.7338584766303041
0.8757184450852689
0.8981396950396476
0.9698035069467503
0.06558969532435685
0.34250960101994155
0.20024496055464222
0.6051583712962312
0.03952909636926248
0.10434597477806021
0.17176382680124497
0.7933577232528648
0.7074785344582062
0.23063197410128639
0.3408207061150169
0.7630904961859452
0.8726561432872834
0.9329390339816102
0.11575029807022455
0.8598773919831364
0.4707091794387304
0.8758750556847719
0.5804323804466811
0.6692254790533843
0.06969057409023574
0.8986624661608409
0.6595284096398014
0.03900474966292894
0.3260729603807617
0.6565376069026267
0.6502245504732649
0.5839106119221773
0.7755680359931973
0.33018686661040153
0.9511946931132091
0.7153799311029355
0.7305934609876215
0.10357587940132015
0.6141341553994595
0.027678052845827993
0.7947110694587123
0.014847575416450058
0.13544642560454934
0.14780409820983825
0.36826511209824947
0.9895272819168361
0.3875574803806803
0.7834564227151339
0.16651593644197274
0.3433372560706572
0.135470017474337
0.870994149883497
0.47051450038894793
0.8040740754506555
0.16990651974450716
0.0745559294434045
0.08723519410608355
0.14062323477195862
0.8161122345206844
0.3733634801434609
0.06619160744671115
0.7172669928801441
0.49667691856000945
0.5943854562699239
0.4700502772742356
0.14710682722485263
0.21563129508108475
0.5253840332309393
0.010959843292588702
0.7670546722280177
0.3103282561878985
0.015375297544079831
0.5247664465412971
0.6401973632782844
0.2110773566728506
0.04690499214528175
0.23742495356935392
0.4732653692095071
0.8246437111313959
0.8220764182662784
0.9834026362579735
0.787213504656603
0.07621258291730289
0.9962668223157265
0.5873215133789532
0.9029360522017509
0.04625715987479122
0.7412776046507572
0.2952232253546615
0.7683474329701372
0.7139377957253554
0.6773142803008203
0.8048402350291456
0.13140816874232586
0.10940273319380754
0.22270760631787467
0.0428554988639214
0.04228526545270285
0.2773605241982114
0.7968022302984428
0.42122128315032925
0.1839371399621482
0.6426211688417419
0.5446112193606686
0.7334425128565991
0.7139769486419105
0.5578843693184719
0.013095355069349099
0.7039696887872635
0.8993618483571428
0.780692070775567
0.9822330910541888
0.3580200800529307
0.11147639221461794
0.015122706792179336
0.9825588151645619
0.077889019047311
0.34958546941483726
0.5963814148299645
0.5653306824949507
0.45581635043574076
0.16191260474885127
0.008455285763501916
0.8755721237858576
0.4636843490984798
0.11822112977096311
0.6304541744250513
0.6879981030441943
0.09389413185557843
0.9475801042879478
0.9425424615711535
0.0893666215199303
0.02103785672319802
0.10703821376232779
0.9715724279634897
0.5505757055526135
0.48091884853208783
0.9711000658279924
0.5882141717106601
0.09459544796961397
0.47171992878338853
0.5481109499081245
0.9744103679566424
0.09615757875518222
0.6582847573468231
0.9552654989974361
0.33527515356213344
0.44557364667365024
0.17686277223174898
0.5893240923999652
0.7426766145123553
0.6561952609771323
0.32635922338844636
0.7830458039265207
0.7021575925036764
0.6707162811519995
0.03284818326796371
0.5980199645330063
0.24541401449334624
0.7253290677592521
0.5120911003672616
0.028819077511272714
0.2856289566597505
0.22255274796862634
0.8314854621842728
0.9913008263134331
0.49593703462442695
0.3636034957468304
0.21283196405271487
0.1393490052926605
0.4085589775923698
0.8342375399128754
0.007294044263198404
0.5635304731627173
0.020279433127341057
0.9204487043168714
0.942605632285942
0.7943043544792695
0.3225569569779782
0.7084488732934449
0.053232062822180244
0.2846733986663712
0.8841780855851734
0.5065772631508614
0.11333606376661329
0.23254759589838797
0.8719819798408346
0.7744688556287129
0.17147197296943495
0.3949963557715922
0.5567321263529523
0.634646959253923
0.054225474877223526
0.8861357596429725
0.8924054786221172
0.592191221022932
0.7386686845505677
0.7224432074166451
0.5062638418512382
0.039805048593110515
0.8695293725249111
0.6317609830537834
0.8187497675909685
0.9160525740959409
0.2592663346395595
0.43158684800257535
0.5130139601040009
0.8615943422904334
0.1409556849067389
0.2908005373289651
0.7021942127950624
0.1040885551283213
0.666720050589106
0.5468327718935078
0.7131402636451346
0.8172736643442139
0.3583806854154805
0.16391330188561368
0.9768327718772298
0.6157517025444641
0.010284862173373245
0.17908288500253156
0.08777186843419568
0.36165026676274437
0.8839383370631262
0.7715960381638796
0.8376744741625446
0.9086753072355314
0.6303874380705148
0.06009312169349996
0.7858203526734312
0.2916366118046425
0.444526203017483
0.42692943945822664
0.6326227282629356
0.2555754648141072
0.042138239216429826
0.256328776621542
0.2502937876870991
0.9705765603853689
0.7923531576166933
0.2586305888386228
0.421220194656542
0.6645006913099727
0.8332244110025597
0.8666607599487399
0.9932721044530972
0.8082837599384178
0.9397205751753719
0.9664119150710209
0.6365906460138084
0.6687909033542205
0.05793573965092423
0.6566994294772552
0.7554528811794484
0.5120672193186722
0.6579784193244558
0.6988020274289075
0.045398164736785165
0.1744369274203177
0.888264513021349
0.3384287899383338
0.5951741863892208
0.4706004285268609
0.24356429028890406
0.8508531039235215
0.6022095906179605
0.7088019978514368
0.05953927083878853
0.6667312094218352
0.3162584719439368
0.3398907214413126
0.12551252927425677
0.3347718133751111
0.8129066648164187
0.020089345207585974
0.3401749767516202
0.7462694652642055
0.12861055953597458
0.8803685654273923
0.8761063307016941
0.1027246308110404
0.13037645105323958
0.9437873496874198
0.6003377656595279
0.5118992345637947
0.5116766340649657
0.15516785201375513
0.2174287284799196
0.7802477275715091
0.3596440393082336
0.044843640400677225
0.0978900206407263
0.35176978188453856
0.0567787948560844
0.6797378213848144
