0.7603713719462929
0.9647768004961546
0.8297841694726871
0.9629634782060867
0.1438360090419573
0.17532100841890125
0.18267157111062787
0.9896014038245564
0.679351731741481
0.956941612478101
0.9087594942460819
0.5218510228162674
0.09466884986030082
0.8118525817812929
0.9147411390715934
0.9585026801172356
0.7633489901400942
0.9902798921965805
0.9677255874046796
0.18213243223036243
0.9316400667611922
0.4074301247920416
0.9278972417280862
0.5946603457734143
0.09365567221747527
0.05651718421869889
0.11275185060294496
0.7133721538665341
0.13924767583971792
0.9178510976727721
0.4909779803015881
0.9741563236568992
0.9867926545299508
0.4912159562919529
0.4104517290656233
0.5981344587796619
0.8943022596410974
0.8980448051042601
0.8383040863406684
0.8134533575787706
0.9388861313063399
0.8771977318475797
0.7401441106157982
0.9737267532917095
0.9259041029142592
0.7919835622079326
0.8675491817282205
0.8772638678321409
0.5967230563511402
0.9995008230570066
0.8420486098003974
0.8989069505950897
0.06709256377958225
0.853624000863503
0.987192110835756
0.8229805663958816
0.11121647501564022
0.8526102176595685
0.9819351113031496
0.8893463160662884
0.9932975831092722
0.8610683417810027
0.8919231040623183
0.8036179382387172
0.859393245196401
0.81429792427466
0.3615484976405301
0.9988229318063923
0.9256518295937137
0.8724541870074914
0.8775919814511368
0.9296461149059672
0.977711340902907
0.7863283271227275
0.36817491521496837
0.37822212730981286
0.6804534132813308
0.9204073455873389
0.07863332917249578
0.11640363496601008
0.7425262767514129
0.9624809285525258
0.9254971948938902
0.9971812958083257
0.17006703801822812
0.7227214426365764
0.8224802879442237
0.7516959973606403
0.7078631093952793
0.0276359787895713
0.9158984754308911
0.06147565299003135
0.8445457594819381
0.7613641334610426
0.8972043394087947
0.9092884076937842
0.8975535236147191
0.905076473091875
0.0543686882404404
0.0716706589568843
0.928012029223907
0.9754733118379739
0.7764696042471987
0.08343053258547266
0.876912219586199
0.6578827894074032
0.1348765698488141
0.9900034125810016
0.9852522725722159
0.833142889289157
0.6644642227651438
0.9231507748885558
0.6806686313127588
0.9673350914045382
0.4102953196778598
0.9159922662028482
0.1712226780130372
0.9911270586331209
0.2624734038406603
0.9616460204404115
0.9480061102332693
0.6365439329793274
0.11631328522366569
0.9693138942608324
0.7238959368141002
0.8120070947719132
0.9844170999460833
0.1783343625597549
0.9373317396287483
0.7622965950788083
0.914623871230039
0.9302231265998352
0.914089683718041
0.1075905426647622
0.9465115843517067
0.998958068943453
0.9403452930257328
0.961029825362006
0.9333832819100008
0.8995999059559696
0.7918756545528165
0.7959185011437915
0.8948945160740895
0.9125813563554421
0.5574426789986823
0.22891140821235312
0.7577906163728525
0.5447335161603407
0.3691474185329968
0.8874583521001619
0.708817360115221
0.8588083236652981
0.9838178838160201
0.9559866825979627
0.8592924288313553
0.8420787699435028
0.9609977216900261
0.23793707751520102
0.04836040659319081
0.8435025659890782
0.15464579784368176
0.31023114668162466
0.6906763410129904
0.9899477093557176
0.5683021319802501
0.12509063710066654
0.9622187215977782
0.8294440717003094
0.47198188838481075
0.7950743924482735
0.7875983563330139
0.8326563087612432
0.7856075805428351
0.9126102583561184
0.8920439539357504
0.9074711844917365
0.944531018022313
0.9798758265438463
0.909758321347548
0.7165379161142261
0.13807182990069333
0.9151443159352839
0.9680601894792096
0.886561118363479
0.9602382788975716
0.9100377016874235
0.9363681880814076
0.9964463377976833
0.9507285366147902
0.9223235107955572
0.10145228470130072
0.8997278487800149
0.830775771721603
0.08276846183245382
0.8923799721259008
0.4048732116749798
0.5726450946790356
0.036261340795179633
0.956055229503121
0.8668705233832154
0.19546660237486946
0.9724892403017414
0.8284673214136147
0.35943712022201124
0.6611443717445454
0.6140967794239923
0.8503364023219939
0.54775093587832
0.7762753330003034
0.9592018158356901
0.9746005871556334
0.9326704196480138
0.82161814144275
0.1806265952736446
0.9074077322640947
0.7023170950788307
0.8124244739753759
0.903598830850548
0.7472956637182153
0.9938752843017518
0.1743564773685417
0.6404235911358258
0.9494569616302326
0.7375453686832213
0.8996752520575559
0.7171075212479856
0.1332005208757155
0.7709900357624864
0.995641509614644
0.14794293859191812
0.9587582565289513
0.9298790897052531
0.9521388262109522
0.09368804268237663
0.08055120202290281
0.04443224136942821
0.8546446663549425
0.8830557207494398
0.9769318393233062
0.8703454715804608
0.9730645023812629
0.7988338813994974
0.1466855956424655
0.999157930527387
0.6910309562999386
0.47748870199314775
0.621915258010087
0.700864375920761
0.8725304397696401
0.12384464260161876
0.9061006951999566
0.17627885195137416
0.9159312714650292
0.8742126903479657
0.8279971567090207
0.3237890290178197
0.6402888506035569
0.9732328520022433
0.04339606729674233
0.8930905182442874
0.6256047267020077
0.5923421866091365
0.2082399609260056
0.9735199165434854
0.7437011277299915
0.6122485563285354
0.12685154687891048
0.9519586519673988
0.14680404243716594
0.7015058876572849
0.6766945163688212
0.8972944918950612
0.8255208130317311
0.9014876708306279
0.7580292705033745
0.24056650472533403
0.9193877027024647
0.731599585936106
0.9751340242920804
0.5903170702362165
0.9850465326925146
0.9782908537830028
0.22621130157352926
0.8786317832415864
0.9645320198682249
0.9463482256825775
0.7715159093482703
0.36122618801931744
0.6245675846765012
0.7533315174711608
0.8456513046471934
0.846177551264877
0.9301289220151018
0.1129291955906349
0.8377985641070493
0.12242313417204483
0.754830860012102
0.9963838647625425
0.771175384611759
0.8000955580559648
0.8853321511830523
0.4921372232251254
0.8062046394718909
0.9284526366038327
0.958630925001281
0.9022013465670322
0.9114942858086759
0.9289264571203688
0.9584371161966166
0.17630365768095574
0.8464258230161812
0.8797641423520084
0.051965615849805524
0.11231021845039438
0.8189251043785802
0.9888230439388905
0.47226810173480926
0.8969804278906108
0.20117309823479917
0.9083063835632814
0.9661482181422607
0.12347647765718349
0.8642908165152847
0.9788311554545606
0.7896331812392559
0.09344197955319532
0.764446025766905
0.7369785539865188
0.06836307753712363
0.954663286681922
0.7989758113420985
0.21417279062818084
0.5111543590604238
0.9889221162582638
0.37617363761768785
0.5499125919539152
0.10159430369209521
0.30500017213769526
0.9797523306219762
0.19569086842506697
0.883239969726479
0.1186724662896454
0.9712703766151334
0.7757538102389907
0.7352972433996436
0.7754718513909538
0.9517217372280419
0.9067757599082341
0.4673034264154769
0.8376840979060287
0.8431093128480471
0.04229627984003845
0.8004676521535793
0.7195679820273491
0.9596525982389674
0.11922530999240256
0.8180804070293617
0.9968926907701938
0.818923893781714
0.18516958474273337
0.8863891016292205
0.33742301361268323
0.809243771287149
0.842885991465496
0.998341337177479
0.7809614350022303
0.6202311839084431
0.9907793651623198
0.22474148251949572
0.8681078439786925
0.8387680360091688
0.5951104006040739
0.9723874974197807
0.7717894543090142
0.780838374940106
0.9796053455195965
0.10394715942814858
0.8944986180938737
0.8440018427854888
0.8617008638192817
0.7911348701499926
0.3290089435425605
0.12368096168104287
0.8029310969313339
0.9644088213409063
0.7395322008387035
0.998242582850442
0.9595853000710661
0.9894301426012213
0.8784842068904288
0.9690732285762806
0.8313781619650713
0.9479750639117808
0.8448117046200306
0.8072416950010479
0.8941555052709338
0.972056373832721
0.9699280723898942
0.655653552875697
0.13435169880392644
0.7145346664099688
0.9677371942135577
0.9131872614822347
0.9284793228969601
0.26953249745299257
0.8936600677117809
0.7110768883806867
0.7054715478511596
0.9626191626606945
0.8182471178867139
0.7895614708708056
0.8829592911479253
0.9195890497627515
0.8570366527472901
0.733911298549184
0.23078229253671537
0.8175675393660389
0.9136910971038389
0.9619673755744443
0.7796472551764877
0.5083246586982029
0.8749685005762091
0.9908307790096613
0.8971689768911104
0.45869995196525526
0.7355170459169738
0.3164460241610935
0.10432783892589806
0.8824534522640746
0.786745715509887
0.69840362415452
0.9208335474690763
0.8390991939749236
0.4247857402640673
0.8544871317850574
0.9379743364317827
0.27670144700409716
0.6994268841474947
0.6597417806604613
0.9130618069068691
0.26365546066629564
0.9978394840099978
0.9536500398469303
0.9602615290870358
0.9433752215238267
0.13696672133891957
0.40384311265244266
0.7889211515712833
0.9204447580806849
0.8847076136659756
0.11544304824120541
0.6965637118446188
0.19583279149450053
0.8277570024386023
0.21364296415845246
0.5357598108659939
0.08656399704101149
0.8383400083386752
0.04224286677007494
0.8396269019259628
0.08176414329583373
0.8619760537385728
0.9856843636355677
0.9678665205747776
0.7562800524726206
0.31118695946002717
0.16883013678248232
0.6926495518023937
0.09053883462970316
0.14905650245665683
0.9230157482203691
0.7845924643138682
0.9894884615696569
0.08411171743366098
0.9325877353059663
0.8402480468326572
0.059450784376223614
0.783835809438618
0.9577985819244215
0.9784362492209513
0.3181645449637933
0.041132209248016444
0.1560099905079503
0.06815019560743302
0.8529920075682567
0.9936391819366648
0.0773687033626003
0.9877340793849654
0.5892736574829207
0.9914453106991107
0.7119526207672008
0.28565917979604316
0.9742369201812913
0.874862214495963
0.9217692068165901
0.06362384966591617
0.08699554823481619
0.8368892518559766
0.27812789578863906
0.6829521082050715
0.8750893103568854
0.7975177719803761
0.8582357231598243
0.7277152201937207
0.6367734382145929
0.971189264492383
0.9304479873981462
0.9185721883579232
0.9613825616959881
0.976277754927052
0.8451339604792902
0.7463450883685131
0.5823557350455086
0.8345471960465247
0.7829499201161668
0.9359210502708806
0.8048078364683655
0.7360311539766464
0.8523047858108517
0.732292978696123
0.9743241786114396
0.9167137412952886
0.10183101892568412
0.9793506343691564
0.9088736267060697
0.08682818145136306
0.939445753622939
0.9607150785661163
0.8126361246094398
0.9156678434624106
0.7293018452838445
0.6954640083282735
0.5785790060674862
0.8875459515938646
0.9288861607401688
0.8802064003434176
0.7171026628557364
0.25403239559278684
0.5322356603806127
0.8785642824580646
0.8881448975814634
0.9276047364132356
0.5106138358608757
0.9379448471243943
0.25174725502283857
0.16224533704946578
0.7722841368272577
0.2468987667435537
0.9222478571889541
0.896009964165314
0.9594375519550185
0.8230990137941514
0.7709818161604518
0.1600640759221795
0.10955571836961019
0.9874952646060211
0.07336274430187927
0.9679378647241115
0.11935000218782599
0.2842221426909867
0.953500497179276
0.20738706205492113
0.8302980241620551
0.9760165881216724
0.06788918183827135
0.09351887744189738
0.7366634200890705
0.9882225648880953
0.8901514216297126
0.39040223524914736
0.899453744009363
0.7003198076067045
0.11014968217485477
0.9998417190452152
0.3820190868681575
0.8117302440160878
0.051561882916965174
0.39860901966002193
0.8808198711725288
0.28190101178994215
0.373032101247211
0.6827378312896644
0.18950295293127387
0.8204479843573582
0.18231280469463368
0.2173689560016419
0.983639642485298
0.05748390899439729
0.9813182014745134
0.6837755893020535
0.9860213519159422
0.10777588609943284
0.8583279568636966
0.8806127215000009
0.7182912626502471
0.8731978724875444
0.07165126285589012
0.8263165983546572
0.9960327686865293
0.8933520877357877
0.8917096781763324
0.9383960398451738
0.9717171469818284
0.05349693846895754
0.14200178153335918
0.8142825270408689
0.7463466124088942
0.9786947210316369
0.9147745767643017
0.8959954323290111
0.9064996957661249
0.964059448543768
0.9005753681548646
0.29102086252146875
0.07488729232633387
0.8017082019719775
0.9315853614960072
0.6503657865712024
0.9754123016280529
0.26534559663855334
0.9821340216735936
0.9473147197432659
0.5959736940834677
0.9222342025920172
0.11340162341005097
0.9243077214916346
0.15922327462904245
0.2669624319394207
0.11026921730855223
0.5887879522586117
0.8432591787257562
0.14809845596701857
0.9427170994063447
0.9006661675932174
0.7110515691656193
0.27992851512335215
0.6976323347427729
0.8224939085394213
0.9808789375132583
0.7547022719541059
0.79926549074837
0.8746423820140485
0.9490019300669914
0.8767047838489668
0.9696479016925965
0.5072947959317119
0.7174378412919837
0.964907226253459
0.7783562536556168
0.9847037869311661
0.07177552686640104
0.9245060270052506
0.9706208336270492
0.9820473856862768
0.810389631638689
0.7212892366520101
0.8153783995335823
0.18818731693936752
0.8265987077408679
0.8211509487786186
0.7713521934852634
0.920118581783405
0.9679992588670742
0.8246983784397733
0.835772987090045
0.9267614607939103
0.8811633750421297
0.6219697208328481
0.8023167256677963
0.7991006023692688
0.9160676352874897
0.8902650275634284
0.9967348914165262
0.1380234418822089
0.8054835798059624
0.7093847985019399
0.8447901339903934
0.9740065445362722
0.7719652823846046
0.5913490111795154
0.17835799153452409
0.8336518499499139
0.33068233404073305
0.6786314680490169
0.20810589734880325
0.9495741124535424
0.9479572425638562
0.12123969289293944
0.8388472123488928
0.8528002155343943
0.961099967965969
0.8177817181633784
0.9349310611301951
0.7961500839169445
0.6602945077186546
0.9030425902306063
0.3435198377107349
0.8682718444426882
0.6613917385461461
0.7800471961138893
0.09778273158173134
0.8713030242327754
0.9280126228810657
0.8743333809677712
0.8562288762990344
0.909020155087759
0.9310586675512131
0.21114708343593913
0.1372085825791833
0.9058111785589091
0.12924206727728388
0.9473737344536459
0.9165520237249405
0.4773161815517517
0.7998367976565639
0.8786891193451993
0.879071931364662
0.04935030827907527
0.07511898848323373
0.7324617232664926
0.05644947787920945
0.6027184479157153
0.9525899715503505
0.9867708866533769
0.9859445102260767
0.7385820000558077
0.9692966433937574
0.9649968172704422
0.09415871111180849
0.2593955679698021
0.9884664179019564
0.9535251184809866
0.8226665070384851
0.7654301864963778
0.8556918278945977
0.8156886030909509
0.723116053228479
0.16153485538379597
0.7912621315380619
0.8381725469055825
0.059144537108118816
0.1077629321710038
0.9764062354261234
0.7146548947121645
0.05012022204423246
0.9434649183830965
0.21852335063128625
0.9260759764304212
0.9385300028693322
0.9943259567136028
0.8641253861613463
0.6116610271705343
0.8965349271205337
0.98140919199315
0.9574861767681154
0.11897320986556593
0.865616855959846
0.8342667200693326
0.955611609007973
0.08941598414166976
0.9542902000339768
0.8979146404542253
0.8236479003564305
0.7517270961761462
0.05419268855317179
0.7510800547676972
0.7833812487994889
0.5642567864986141
0.7494924224984987
0.8736937537009846
0.8161134893639024
0.9769037777351559
0.06939052104380801
0.9993419197179568
0.8682275375432367
0.9979941318211792
0.6833082296356277
0.908901026632924
0.8685191703779493
0.09914833576780352
0.9336202360661179
0.8981832598210808
0.09533184448653947
0.7965925517835768
0.9254849125809176
0.9116607536968411
0.8087604770395256
0.8037618796440504
0.4515222879046456
0.9052013104666026
0.8887512402083033
0.21118244439725753
0.8592768524744172
0.964705123141633
0.9211333379634215
0.3439797528091301
0.0751149584255883
0.8458356617845582
0.2339363591192179
0.05372625855686752
0.6598919160185959
0.8058327078743741
0.8710294053154237
0.9882263631633502
0.8957715028731273
0.9548556065270613
0.8139512659250574
0.9591616286960915
0.8923417762937519
0.8081819992077388
0.6992161747699608
0.8048006913302392
0.15780408762107273
0.7733742057951845
0.9703584646871246
0.9323802715589873
0.061692168124716354
0.8249247250290677
0.6324888060102497
0.09402870342531028
0.8577706833847878
0.9410166167211267
0.9862932987416851
0.9568688840380273
0.8303486598003644
0.8126850086648284
0.04618665862081184
0.768005798386927
0.938351933989479
0.9602921804433635
0.1779606169086781
0.6848902150528
0.792927662682755
0.8041857031858468
0.9852608197522268
0.680150258263081
0.9776681350919768
0.9511832682244374
0.9028450789277653
0.9463105997992896
0.9600524907112817
0.6609474500394532
0.8093433284543281
0.25868041490041893
0.978130375391515
0.985375407165305
0.7050737706698973
0.0951869794543024
0.5630644879445665
0.4581825112374769
0.9678576833209922
0.9982545803651968
0.9543793335523532
0.867030053358809
0.9490872876502328
0.1423567848885384
0.7523175745040618
0.1703236256330938
0.33566618554297023
0.9084977176298629
0.5341811970097566
0.5728466225845656
0.16516953971590448
0.0833446386276043
0.12299170426969065
0.9548968334938439
0.6760154897494465
0.06301893235005805
0.864572985634356
0.981647700096397
0.24957201427385525
0.9144972427136927
0.5690977352910329
0.8369914066282297
0.869298585430248
0.6416377371373849
0.917415226752915
0.963463500837181
0.9623150827904046
0.6704646284505613
0.7323342866951068
0.05815021685448149
0.35383212850023105
0.9988790067002846
0.10789410904358074
0.8760720593751369
0.6735854334821063
0.9878391417345926
0.8553989317088719
0.7284542272539543
0.08580234675232645
0.32648197314652827
0.7321496831359893
0.9989529609967127
0.9271389193390356
0.8485459777747137
0.7519286790373975
0.9981778595681909
0.854615230640789
0.9726678902072352
0.7403310364617544
0.8664039273949147
0.4376156784625527
0.9420410938083421
0.8865521706871629
0.08251314428476073
0.610085322308136
0.11654478048337123
0.9926887466307606
0.8464649106274238
0.7444139171917141
0.8868866967378459
0.43045707576880693
0.7126143512228682
0.9950712607152594
0.7404250854793896
0.2415067419258864
0.8680692330330155
0.6138662388565436
0.7219689644051401
0.7239167008122162
0.6998287988732288
0.8427593669376381
0.12365108550665727
0.04658208778941932
0.2337396492169586
0.7860225815724263
0.10221102287654434
0.9402491048615851
0.8686735764435836
0.9102075959030087
0.12673085235523052
0.7308043926494756
0.9742134277195226
0.9998342004997578
0.9050824680285293
0.871171895880235
0.8533759759859286
0.9926315299823946
0.897817417403064
0.0951844517009095
0.7737585698751533
0.05126879819022068
0.9700604475376102
0.9468426057673616
0.963316370752278
0.9469884191738723
0.8502067800295098
0.7345881219424955
0.9679423395183062
0.8970341803407069
0.9580515949056373
0.8329007880833283
0.7909004815229066
0.6823255628643379
0.7111698310733385
0.9399151095346582
0.4105815982299672
0.6888976017603605
0.9977556448668805
0.9582335704095685
0.09265512000731949
0.835041842686757
0.7143195887298882
0.9602056569185666
0.8263841517117543
0.9957988800109162
0.8459050351800963
0.9850733000602169
0.7765850752757537
0.6664474389175805
0.6922854529783371
0.11777789446177628
0.6590607030809916
0.9530327767723654
0.05219086714356741
0.05237279233305153
0.9387874043111644
0.9996553349232675
0.8206321163302206
0.6103588333029805
0.9648815573208571
0.9027447923846561
0.8393411759889162
0.18547102214444133
0.20300097590320285
0.8008610552201832
0.8969038906495747
0.871454376228276
0.6259858983524216
0.39150395155471795
0.9895661413474937
0.9759378114004457
0.923036009540458
0.1951505633912146
0.3060607792642478
0.5748777277987813
0.8873304140149908
0.7004956357003405
0.7701679526589923
