0.08815037082354427
0.722581281108585
0.1824115707737513
0.037343167456051055
0.9589919311082006
0.08235508065150339
0.06126307316332996
0.01906476350637917
0.03948151066800046
0.2320648066689278
0.139247801370945
0.6325151360045156
0.6725545522196049
0.022728081841505758
0.42311975679864816
0.5980889661190613
0.427403471543477
0.9191360278295492
0.24618899910876144
0.1467371842807676
0.9875269705823965
0.6843642612015463
0.0834277612144702
0.17234593533149686
0.7509233252218669
0.11149028658558634
0.5762148016029843
0.330475791726894
0.07008944082535078
0.08482484717047421
0.7173850709075246
0.14470412537340974
0.386085049738464
0.8142299877773743
0.2236663949755563
0.011110184346867218
0.044453163870842395
0.2928608117648588
0.33152699749884107
0.616816857834299
0.6778855171450449
0.7767753469078438
0.018797589098215058
0.062072839218237426
0.5995673519101535
0.10697872309494513
0.27606330659762157
0.07401748403629883
0.1359585786774354
0.33959423320279014
0.6112160745398757
0.7762889543521702
0.18795163213423738
0.06813545501780766
0.6074009751034409
0.04562123479149091
0.18147678328626632
0.08817938863651853
0.3378515264943379
0.027749014241777864
0.014454304899921933
0.6884710519311689
0.5570263782618661
0.17874574137028637
0.6441384053443603
0.02648345605858227
0.12176615869067982
0.018613048915666078
0.26239111200492776
0.25898417718638167
0.703409168585827
0.030024140332204435
0.032824424337974084
0.6173928159967151
0.11019246680549179
0.6158134516343342
0.19609192507227138
0.11486486793482506
0.6428571518530606
0.8778124602492794
0.21242679743317766
0.719243964880877
0.011931093272946752
0.23876097748282402
0.2036643757911161
0.45895508987706973
0.7581563349715895
0.05097578452283432
0.6975038302877452
0.06519537713446465
0.97219997127163
0.0952204845190377
0.3713413113346651
0.34332320617070244
0.10843090355409289
0.05958653136478291
0.00824322788110046
0.7065504577420219
0.7438264014834088
0.5992882235974325
0.4286000123609475
0.16401265638825824
0.5267119735961472
0.10947446599933794
0.26499169315257093
0.5112263174702849
0.23226196290257073
0.16888436648622668
0.4457228876013407
0.25787475896230183
0.6411725338734067
0.7270253908073446
0.5645766551144654
0.9598943406711696
0.02415978903713116
0.5865163807734001
0.019269480130341132
0.4613197747932089
0.2513382208868895
0.19102450589604947
0.03724249585980661
0.331850523451912
0.18002990619628237
0.5118240180382243
0.017842525274167274
0.7793451684335038
0.05693510506796741
0.343383288481155
0.4499521400624597
0.7535160705429502
0.07881603052886042
0.1333623272728604
0.13332582212878993
0.22132426904949332
0.06064946111442472
0.992897536714616
0.5784276814160023
0.12013370513516698
0.5851377226921609
0.030104803387535566
0.7286785661541619
0.07904284581090634
0.3341832232163374
0.481336612309985
0.1284630279680129
0.08201815636227572
0.5755880457648022
0.02309052424407229
0.05977598923930995
0.14956313836114446
0.0567384384014039
0.0703129600579139
0.607402442094568
0.5314235235952448
0.508657229674408
0.08036906582125086
0.6121495778920928
0.31828103331263324
0.7442703900943634
0.07724519978592831
0.04781580428674321
0.013766197728271676
0.25671719725627734
0.6729441006695969
0.4990618323908181
0.7933884954166253
0.19253943685691058
0.30794760922661124
0.13608934653538296
0.029340181774536674
0.7556339410244695
0.16645600102853464
0.5320152649068304
0.4631367587632352
0.13969479706333424
0.11334512525143431
0.6409225376150083
0.5727175015305905
0.23127807209528517
0.20664341652269036
0.011825799527547793
0.07016786979453699
0.09859294305172202
0.8729086674673445
0.032799367173685784
0.4599286809241221
0.24967704786349748
0.684950207642437
0.5747254578865215
0.6309031902009243
0.25964873298306534
0.4550005506513759
0.03162076933257991
0.6402393976546227
0.6707342709117756
0.2123257026744783
0.6359345814112143
0.701338165637664
0.685013226328288
0.1473934652426627
0.5005933697639896
0.6715623375078804
0.5582811747902443
0.8590810470111505
0.207207117566371
0.7903831422807189
0.6492731551510063
0.7483818257482604
0.6557034657638273
0.8001309103514407
0.04350921812237586
0.6816126394729237
0.937123325770109
0.45808807961876796
0.05900114587957778
0.005139143807421999
0.015815509861075567
0.1900201777074303
0.38064319237134836
0.6679850060145504
0.6128127919164917
0.2184504488913694
0.6507572294890756
0.2743698815185989
0.6697826817209908
0.7472654358125248
0.7170400648042012
0.6440852659651397
0.016449489392560246
0.6630158520568477
0.12432807863645366
0.015631276780398037
0.6712597924849537
0.5222215121739245
0.21090381116921125
0.020894776633715743
0.8136966636037348
0.7291259636769502
0.6882378598956854
0.3377692681519867
0.022591851393412354
0.6549075999829458
0.04297013124291996
0.29153265056520955
0.49861576014942255
0.03538893920792358
0.17219036490255651
0.10379543437404717
0.6678601345504421
0.5657647453634822
0.03384228097507652
0.034164826975111556
0.035399385919257925
0.1289111757977886
0.5354952445732448
0.8617632524986221
0.09895339362605131
0.6392220214406468
0.65209310422051
0.0817916138384216
0.0695506694124436
0.6864252078324048
0.31782224070953335
0.04146855900937807
0.9781519607650548
0.932786529139413
0.1798231038074048
0.33074224457967943
0.6778624059403268
0.41937336685050886
0.607959810311961
0.9584512499392326
0.3024581655800411
0.8116274562570152
0.05865922434590112
0.9594733721208818
0.18330417590166412
0.4409819562044452
0.9941290183387412
0.5455404879185866
0.011735708589402344
0.7245188709170781
0.17605157316267273
0.4487270419511283
0.503760329309421
0.570659810807242
0.9621008621855007
0.48709621224076116
0.7494726436054568
0.8874819124682434
0.609393808083828
0.5226007132008612
0.070088624482676
0.22029760917296023
0.17739032692477916
0.05640492446547478
0.03297043616200078
0.6029834853160998
0.6504035981533874
0.6034227054153233
