0.9339497135734811
0.7482738667118372
0.9598400183518445
0.7995434787847167
0.542152895451015
0.3273199135642124
0.7025553154430222
0.9780845323441485
0.3474265785473609
0.5998722828033749
0.30890029612311515
0.6649547859018523
0.7140196875747111
0.6626208992348971
0.46375500566104133
0.5067886488714552
0.8403143902814454
0.323562164367725
0.4076602910914863
0.46184556927046927
0.8611243616841935
0.0054713505293488545
0.0068888316027655916
0.9611942721631901
0.7465996893272461
0.4858225329599708
0.3761297998292771
0.9453063639530422
0.7397316157226969
0.05282561067872037
0.8174953696076299
0.013581687057833268
0.035565872819563776
0.06139008841500766
0.6541166929294353
0.7449759644017309
0.2685415219914462
0.29275234410453943
0.6994837541809619
0.5980005245795716
0.19637966472731133
0.06647698106455965
0.9381486168598754
0.023134590449673226
0.5385489138846445
0.9163973548784369
0.7854961909303599
0.7940519193908837
0.8227476839132466
0.6710951876799532
0.9490746080854809
0.2283974617473857
0.1360668684730797
0.7122436889767924
0.7622207066181139
0.033677020255834585
0.47726986225601675
0.6459191844761096
0.8351393542845595
0.8477879106134432
0.20192563349804557
0.7106740871609689
0.5948361380667544
0.672112115609936
0.2393390118652535
0.8066046330981782
0.467048842519952
0.09028582358670897
0.9012588321567447
0.03889379117340927
0.1641089854463751
0.3553071921968294
0.6748652224629077
0.3049023421490002
0.8987930952297258
0.8613245831219475
0.240289866063856
0.577466087107775
0.9258677296530701
0.8461967821072354
0.5974384238470016
0.7945599318195962
0.11937222384241183
0.44297138564699956
0.6538246325499091
0.10765692038988818
0.4206335436927243
0.05227183122294297
0.731280306070111
0.06963063285408752
0.7171739137867772
0.31665700831547605
0.5705102306704837
0.25807872473262317
0.8706593512802752
0.6616736735275712
0.9136993309864168
0.17279151553440328
0.01593876227783304
0.28693788249622887
0.9818406248843587
0.6934153116902901
0.9734801582269732
0.7513629765102668
0.5317806548114038
0.029084490763612653
0.9660425493889105
0.4171253006702169
0.019093409310523543
0.6304225915720694
0.974748117391125
0.02357468199952502
0.7872458991740532
0.6677617602073398
0.15760857577963705
0.8934202214787325
0.9773032429416316
0.23250400538599614
0.8753451772518284
0.04461332709782956
0.4560968073534489
0.7764979691721381
0.11963095843226698
0.5996045151165712
0.2872398645292267
0.9087245517471325
0.9466411709921456
0.3581254227330974
0.7190947741911224
0.5181170406532691
0.5221139161154135
0.9870592254147998
0.5899147078266924
0.7515486758234589
0.5223635414174759
0.31025534529571236
0.33958668769618106
0.6794364043437706
0.020675047065181175
0.9109890249310525
0.43423789950209374
0.392792100051333
0.3239665589755506
0.445194238661644
0.0438778824042491
0.7420079648575996
0.19118646909327203
0.3768997290172152
0.2146392503804245
0.8216111071701697
0.7089143340737762
0.8198432883827823
0.8731578253625691
0.320437909454223
0.44308401738472986
0.6836940373309496
0.40462765383098087
0.6320360438196797
0.009710670396498226
0.3303840633674327
0.8448312040473145
0.6843808513173587
0.5217976452439246
0.5733800699281911
0.04220859404072383
0.8395384588176821
0.5977400810998548
0.1867272584503704
0.6660309695814123
0.47678957874229433
0.39622911429275676
0.9886964594699736
0.8361812463073457
0.8992002882063814
0.08236979324930079
0.1394457757143465
0.39851238589661103
0.4777501975923685
0.8156574503997867
0.14737584626995084
0.011389252424279732
0.8869454916525485
0.7766965486014996
0.20342452180643752
0.8785658484649753
0.17053397528881248
0.843412908933
0.6617144103585886
0.8592506354133707
0.5979160716660843
0.23773152632288563
0.984912106953644
0.48767426339784925
0.05422490880100801
0.5283704265514961
0.8491725023359515
0.8284142392517929
0.769241111838078
0.017384883277167654
0.846612215092595
0.16209975182765982
0.2482716983274575
0.6625627967455079
0.7865682983351638
0.8878547616709745
0.9056745010750664
0.021901146030943924
0.8904024395926595
0.6909275250625535
0.3834290780510793
0.9967254154105771
0.8019311486210395
0.05159454886107893
0.009021042699745636
0.6728070414153533
0.4045506995998289
0.7687914795532984
0.7229783239419278
0.06804354973509341
0.5657723674992993
0.35632671092231016
0.9272196631889764
0.8141476515064777
0.12310988558216152
0.6840554983105489
0.2393020039119047
0.5648282887811616
0.6195392443369077
0.4509383531043431
0.8382473469197849
0.9419545450388946
0.6037770182687211
0.3868927220553183
0.7796694957032286
0.9454881485139404
0.703788181277709
0.5320288783351002
0.22209629927579302
0.017288739144643555
0.9891945257162954
0.7098548411105976
0.1434483203954357
0.6394349219173974
0.8452374478973425
0.3849685428274097
0.46686400215361906
0.6257521135396701
0.880173045731669
0.41652588648342076
0.6118350435561954
0.13043541784122525
0.1462673815101396
0.49564894143718213
0.23261159845448237
0.3420682912048054
0.36155652222281376
0.31224022160538256
0.9324147769717769
0.938773375990259
0.16923824054612918
0.757005115149019
0.8273502926663264
0.1286622756192984
0.4279450945520252
0.6266905925475821
0.7450008069313129
0.7768413546635847
0.7338076797516353
0.8987315604505582
0.7860309190200387
0.283277820876336
0.33017212433864707
0.5493845174553804
0.6923913148715817
0.11350924858702544
0.03623344107931861
0.4961699167646672
0.08017080931979273
0.9170437180195069
0.7056398116996088
0.940230374055119
0.80902407615112
0.30620146169537127
0.11230939238932632
0.6948316470425361
0.48407527568336695
0.8407398671100035
0.03449041808966718
0.9662474613052079
0.04149718530912089
0.4274043147937726
0.597080217400041
0.1271220993978604
0.1556398187506164
0.29149672298771295
0.3524328584256541
0.7097634433726456
0.769711061295233
0.5374988384073214
0.024606968343486784
0.7799185842215487
0.4619833178092141
0.8436074988129232
0.35486611371828514
0.8183106275410299
0.6940778675658326
0.058239917168249514
0.28824061125727146
0.07164501880486202
0.9775821642383484
0.5402106540820036
0.6938309076380007
0.9760693813640338
0.8105056345557297
0.8370792888402148
0.06092592148367848
0.7991519717418795
0.926824290168467
0.041648292965641855
0.013751875655330108
0.7403828951554023
0.19560980956358473
0.8863363442464989
0.021577083895853704
0.08828683219715523
0.012952053010007113
0.4009953184162945
0.017975925136947412
0.7871712730699405
0.743676565649001
0.8627457566713881
0.11467281545614182
0.23500222988286368
0.05049215047443662
0.748554147794975
0.06335939177048391
0.6301550098774609
0.20424103818330916
0.17015359051588994
0.7583106140543554
0.805324778442084
0.03498147077658557
0.9294331549590995
0.8537622891106733
0.1842243849038257
0.04399566617371115
0.16597309307836428
0.040320446777984166
0.3167030213993108
0.24159802651221302
0.6750176856423709
0.7060009627642756
0.34208520170298207
0.7032622825155606
0.9219946042197962
0.8840771421887168
0.5005447431991572
0.20845647148865865
0.6587899673745674
0.6434003142670451
0.03399460376489455
0.3429704009917137
0.05902167532506622
0.0025040507698516714
0.4154885191182929
0.7726701705387486
0.6321701872419355
0.4336825016946517
0.8043125797143471
0.22511854463554865
0.1915903786031943
0.4646767238495092
0.26858078469995716
0.7028324227287833
0.04196130470792374
0.9232227144966118
0.2532922263539984
0.38328758888747727
0.06035112493399553
0.06269373851756685
0.09674743752779534
0.8028410719414948
0.35484987718427685
0.13144986925997854
0.9656327636188086
0.94730299631929
0.7545966254991622
0.2900097426053012
0.7885776243656439
0.8504050198122635
0.9226404540928161
0.5633360754471762
0.20602563616581104
0.854246112875951
0.6156047089078196
0.5960013335139577
0.7308676814167259
0.7294074938949975
0.1134896049754723
0.438700549275178
0.7233960569394143
0.1324671916038113
0.24897864938461015
0.404158797612518
0.15739222252671184
0.8560180897370389
0.6290712411911257
0.4770084526384817
0.9578907915015276
0.2196741381501266
0.1447324597819898
0.07115201665816884
0.7972468712613265
0.9323901809857145
0.6012772217191691
0.9601620258924508
0.10610143544100198
0.8393995789311683
0.7882323448165026
0.954260416816364
0.6694560181818138
0.1640938211465852
0.29946252627747805
0.9095948303357797
0.5595164325823905
0.783589671092527
0.10762964924220339
0.392504414116912
0.8034586401315567
0.5470172511177842
0.7798565137490657
0.7337542639400827
0.3345136708414217
0.6945213245650756
0.7614224552263111
0.8537333966368454
0.36178690238190336
0.11523153665118391
0.45169948846844726
0.5298313330796949
0.35001515160755076
0.02906623271700342
0.5054104344816661
0.17885208990158233
0.6561375537651718
0.12425302478581449
0.9770158623761864
0.4217994860867109
0.6184337725199389
0.8067862694539556
0.07052974498733744
0.755022841640387
0.19847617048528576
0.4335713589194858
0.023377837961026878
0.5702732318693
0.7105156647203592
0.8727285734090005
0.48360454932695035
0.9092299156242785
0.8906653025687246
0.7645608197992917
0.7927726925045264
0.24312388373555216
0.331104410910407
0.6702916661792248
0.7993305848002847
0.9612079229985551
0.9706880142613148
0.8245455738969171
0.9518658186150217
0.4177687802632124
0.748249655160452
0.03668805629179568
0.46848143801494085
0.4259746861674552
0.4005606679451724
0.5179837160182408
0.44930701129415784
0.5099041611518152
0.8310847141788249
0.3829618785505509
0.9523776082563131
0.039321202091095256
0.9562929828540571
0.03064526415642557
0.4835530424967752
0.7601184840444406
0.7063189059519135
0.5529812798834097
0.015587103173428752
0.43457041607539004
0.15871156480365955
0.5796745137106389
0.0748663769304193
0.8357288556569897
0.6538718960269965
0.4401501903230307
0.7902725171293996
0.4810985949976726
0.6141941463176062
0.8503473319682014
0.1039913223526818
0.6262354017476786
0.03838554705188169
0.9632389068454879
0.8481718303362799
0.8987645454096171
0.18563376254333744
0.15412474484939495
0.3001094187737696
0.23529727345425458
0.8637131328654797
0.776361661123677
0.00990501727272907
0.07751715537621198
0.014376410655080416
0.15003691250486187
0.8643190424890549
0.126123427050771
0.9001181656170152
0.009360883819049929
0.6490028677219387
0.13727967121063747
0.893726106450724
0.7315973166579506
0.26779227970428277
0.23901855686180984
0.7862065466873833
0.11203772320225547
0.21858054866236518
0.8121224598734705
0.9504022862092384
0.12486155702606873
0.6692663264035887
0.08487415842745326
0.671130197993614
0.7939929477511045
0.6896647726015809
0.5852135151665878
0.80608225966438
0.24389882153758308
0.48474643376674054
0.7464065609585409
0.631046299935966
0.697106065532445
0.8916374525289436
0.6641143001471452
0.7027373792179548
0.629277816499313
0.6971929590332792
0.32808466260374125
0.962888871718665
0.7466499741278513
0.39656911993584754
0.30411553530521857
0.7560556266380265
0.890525024424119
0.11322681027268247
0.6638334758518355
0.9677887237832645
0.9154992899799856
0.022133312447203762
0.07747626863739718
0.6395654353742002
0.4617221554938613
0.431934069732876
0.38644096332093303
0.7856726655668806
0.886829155457862
0.3226814234314346
0.1562744594506284
0.3777150061361802
0.8366685852455314
0.9982892870180218
0.3318744297439159
0.7984688911733923
0.9993544989037758
0.1696830986484244
0.04496392013677406
0.6243931768227464
0.7735623506912435
0.7239642213795965
0.7004234504968958
0.02294702049991452
0.5846547241268181
0.6868491094433946
0.6143540730108925
0.024730443942004392
0.551503087955781
0.11044822781976392
0.8375109616082359
0.8940443130331673
0.008235643509669746
0.7894158277556984
0.607904466708804
0.9088208772450634
0.4126861615450133
0.6866414879545353
0.6765698454233426
0.08210311048138988
0.9029664022963014
0.7937493170983541
0.1506532637742759
0.6026320460539557
0.03684484007807945
0.11505862223162783
0.22983397414137552
0.5212951525886564
0.8445796266172407
0.9427164182819199
0.08444039880366501
0.9064930208256758
0.017477765666899882
0.3746563193920183
0.6537189277177369
0.770086059727618
0.16389811514822886
0.9481629335747843
0.7494033292386332
0.5577811904222818
0.6789432376830203
0.6933021837561603
0.7056642022424108
0.5723665499300608
0.8030267680804735
0.5569283508888082
0.6160256107841922
0.11940740098129617
0.8304989996246801
0.9139434430566373
0.5395925849149775
0.839432688067892
0.049946274057917725
0.7239665112993934
0.033280731530905244
0.3399635212507516
0.4340314087442164
0.6306725912638291
0.5167034047533949
0.010070322425401559
0.41632221952029486
0.6840232133965437
0.2044346551714799
0.4762940863295174
0.39733470193859743
0.31592492706622033
0.44395463687345266
0.7631924837951203
0.7435784287135647
0.14230340072084618
0.6383947796050713
0.8254802562561083
0.7869784630264078
0.5564948534019036
0.6412699713519715
0.08465896039688413
0.9239765527620892
0.5533714841815995
0.8687295796949539
0.38323025574789
0.7991263521780838
0.09109448337109395
0.8948159168769165
0.7907291638632692
0.7787825085102625
0.891421650965186
0.7020011518720939
0.794272308175431
0.4979439694438005
0.5262799419702817
0.038272032838026784
0.6549340744917529
0.9687179863206321
0.28642353083194855
0.5381942581129333
0.8652417472819796
0.9187724525287582
0.22042806187291014
0.19215666933704342
0.37023188859348466
0.9474676593735578
0.6294324219941969
0.005776471656830987
0.5767643655420318
0.7599728705835421
0.32774289135361073
0.3359720946195952
0.23464488914386536
0.2774493713934787
0.34567405219012715
0.8702985033728553
0.6702629537295921
0.8631698504331946
0.051330292603982176
0.8905102507364895
0.6786516178586217
0.8121486215115514
0.044809473255492
0.9543537531285606
0.0019076106477328501
0.5073442161602173
0.7533006300314355
0.6066993922956071
0.4719471295739017
0.12819710818313354
0.6395198963805194
0.4419558996720483
0.15649195081893053
0.06817604251855587
0.8972892166723123
0.9008929462168425
0.569200867413625
0.0961856342597093
0.17470601844259606
0.32237039982204035
0.6664518087179166
0.054527967459803595
0.3794641510362263
0.4785492334228373
0.04127280032485717
0.6573872734743779
0.7686542570869728
0.03949619004298157
0.7993674919400344
0.020245630057825842
0.8443361489860384
0.11812734371660662
0.5092807969247574
0.04865852733077539
0.8368940617092739
0.2452629553093955
0.7422276950366438
0.04383504318554518
0.7613910775074387
0.09918200911881644
0.626543045110774
0.9247711505628353
0.23008045378702713
0.18576193380372175
0.8723572556370964
0.6898375828457906
0.03772839940313904
0.5241344247013178
0.010314858270626963
0.8356535429682524
0.5961814347179781
0.6674897409015496
0.20997461842012333
0.5329487882875908
0.9644115555814528
0.6667857031898992
0.38542760566672385
0.7752344106984126
0.6063221453161285
0.40466919366579
0.03207031980131605
0.8281681930758923
0.8593155122762401
0.41308545134339747
0.5651117391371221
0.6515740469819661
0.06165300062337339
0.010670870464492808
0.30261421066315664
0.1924379731282999
0.21786753676490173
0.8167725042538474
0.7975601489761561
0.3874082810162191
0.0511484937134918
0.9768252274283538
0.45177299993469777
0.14433230892691623
0.789240813888259
0.7134717930125725
0.35162654156546336
0.1993718202900702
0.015038187711169885
0.8633021745250293
0.3976861997341398
0.6776536476873088
0.7818644604883649
0.5337301909900118
0.44921087327747233
0.033884434062303764
0.049906984073382295
0.32027653185861604
0.8964122365140497
0.7417347243411887
0.6417513117400582
0.11042391213837327
0.6978183958670345
0.6296869539941365
0.020012244852795333
0.3241205201518268
0.4374452460456819
0.13006568272707583
0.5381024980992937
0.39937988927409596
0.6213046016273672
0.030331410970560913
0.5158648219184448
0.6706842832194921
0.6457686203945332
0.518305877773518
0.5238375309142801
0.7137716062799263
0.4295426011686788
0.8537115154556236
0.5141502296763866
0.4481842001540992
0.19341369394763225
0.560030107333605
0.010894649565587644
0.036425002414578446
0.3702142563070521
0.841861310267179
0.8862858901146935
0.08212457213209222
0.3705479648079961
0.42530731813999206
0.6927265142575997
0.02045920435560415
0.10563456166817667
0.4029861150075765
0.4593737523341945
0.5985619398076955
0.016487680492440603
0.03331725346298624
0.8707581127121097
0.1247228514496718
0.22325187747924669
0.19736779012580258
0.8155756029665313
0.6724170042512743
0.5873466943370707
0.9139161740716878
0.907169364913085
0.01320269623485686
0.7952585867186849
0.34329720798675467
0.8831624962610005
0.7360259356645673
0.8424949281257705
0.08031190311532416
0.2816647762313923
0.8138520259257953
0.19246571467199922
0.6532250129819703
0.736151404818893
0.8166860944267323
0.31245236726397724
0.1780292448662308
0.6155132969288132
0.6624103367393821
0.7410599806674545
0.3655004982286074
0.3872654324936987
0.9590304413369967
0.09454634583630717
0.07065123450221307
0.8328274491613723
0.8867853190496365
0.6941998053578805
0.9994204644929909
0.9881899367868553
0.7147544792978913
0.4535641959936658
0.7030356755584546
0.7022452230394011
0.8330778558998924
0.06702788789341854
0.8228343805723608
0.7426914178334172
0.9380322322559822
0.17235241308038213
0.030957565089962218
0.024653053190126138
0.023460537950995695
0.023403845359414872
0.721717130384769
0.693975155515071
0.4926060353734989
0.41027647156719016
0.852731425903203
0.010526139694984112
0.22573486750141059
0.9641810003402433
0.3854101271852373
0.07139866364057025
0.5723664137078559
0.35459751763880143
0.5359136516878867
0.17547455280680624
0.3505178997235351
0.04752442495722937
0.034671956115235096
0.7876503109546764
0.9597125987384862
0.6486657054568146
0.4143493389237791
0.14344076281123402
0.7427090469645142
0.3046651721627506
0.8079723017118755
0.9256874702131723
0.7569487203802662
0.06419737467893326
0.6394543142795537
0.7034617695285654
0.026715620503448424
0.500684899740635
0.01941840702162044
0.040943845277664884
0.2725851337314791
0.46987784577779435
0.6107166953904137
0.5204670650330956
0.8242009871854207
0.8985231086228915
0.10320726121874671
0.6702464863612166
0.9660179894267087
0.8255161019701337
0.053648904105768835
0.7271313735075171
0.6308591758056861
0.9451798297710203
0.6367590166431076
0.6783778134891612
0.19167261864396726
0.268818889880133
0.6224667550502383
0.46995413842701583
0.3733313395310468
0.7028755122051584
0.8219118920579893
0.09758575001469957
0.716435802297045
0.01731539327056699
0.584148526939836
0.8889576051323032
0.3292518010192007
0.6703127482145546
0.943175781835099
0.6072807152494241
0.059941819261725184
0.550557907794691
0.07042155111949257
0.5734212239267991
0.7125384407596678
0.90746680041929
0.6229840845854806
0.6020701935028012
0.19251392081474103
0.09071812982259361
0.7627077171668759
0.7985395767705178
0.9081295700129725
0.043337294363267165
0.031051048898611554
0.7661142614224439
0.6894462233161338
0.7615229166830728
0.20358136289538925
0.003411681237592251
0.7135716722371197
0.6508736430107793
0.8240185433908666
0.8758978526006647
0.29174535417898995
0.8719388916481312
0.3491694492945414
0.7677424002382027
0.6709051818994992
0.967907734620736
0.028614867865690747
0.70140445684859
0.6342291343604459
0.6057639498579741
0.9579016977617678
0.217350347640636
0.026238961989157174
0.34422494323547376
0.2272393609820375
0.9947406935239511
0.7416414041325917
0.789131550653382
0.5322779860070572
0.4527264807647517
0.6211800237827914
0.20558964851841266
0.012821895842373792
0.03385166481146401
0.051390309529508335
0.6790249657937555
0.4049558615310471
0.22183905210077132
0.9350334155659714
