0.573974490585129
0.08421453695597331
0.5262299554220223
0.8634702406787007
0.04924445583074591
0.36702405308516184
0.03885056451980233
0.4868781549366157
0.6889845765390259
0.38662489141115824
0.7634540812523376
0.5258332370723993
0.9514713563619601
0.08904995634524016
0.9065475431380663
0.06968695485423679
0.19276906821267265
0.7429639075513504
0.8981538350099179
0.9276128508130326
0.3315298377365831
0.9576168254749919
0.8440344748843682
0.9219273418725065
0.9566675164645752
0.48626906269792003
0.2500423835946149
0.18703875272421733
0.17347256450314635
0.232194571163412
0.19175211783997578
0.10750443159048123
0.04981447380021081
0.07104603886485156
0.692074200458151
0.28851307234756485
0.8510825916341547
0.17071001699259325
0.7821238515439453
0.7600764321253404
0.15036393936495673
0.6430313385428934
0.1264597744179748
0.5148094945539409
0.6187747591421766
0.26485175565774355
0.1558000480754826
0.1732931434726095
0.1212134959129453
0.7295736557952959
0.07920264228013993
0.06871072686155338
0.3068851880163564
0.7149776275237378
0.025896719491789795
0.12868335498300887
0.5037247441180883
0.20202640698590146
0.5902569501036453
0.8318647942174058
0.4289311757818563
0.9181596895518451
0.04589311630772225
0.24002208670072758
0.17246997719295867
0.4830871371769782
0.0457243124451957
0.08028269595955563
0.6599164621220632
0.6558965933954026
0.08777335535048816
0.9117543554522434
0.9224520565552505
0.6937147197384977
0.6581680171374868
0.9929298285360293
0.19689686654766675
0.14646261747784703
0.16156964581003214
0.7862290226220484
0.12478780781044949
0.35344881387915245
0.6881485883340075
0.8217485727004148
0.28995136372617925
0.11404295499904721
0.0663186000513613
0.046578664647075885
0.9954551468839169
0.24490923034048373
0.10226432856647824
0.9234722433721091
0.8500912349108447
0.14194144966763453
0.9889449008688562
0.83002308166462
0.691291649101436
0.5854023654379839
0.3619154662735908
0.5348365301151501
0.8038589821149824
0.10985371613978492
0.5704451283945938
0.971674364053454
0.594423014290772
0.9341001261005014
0.7939070571913623
0.0814379674322734
0.5178209399649769
0.57093501554465
0.048324544084027136
0.8880603754500467
0.4171792197156636
0.4377517916589546
0.25424233179658473
0.08118765738775868
0.15696017704673593
0.054238450999335795
0.9372818798681452
0.6044219756320178
0.9196029826504439
0.38316931266345616
0.22372214983084904
0.9878933676993358
0.8513693189054049
0.12819872092402998
0.5706809700736658
0.10479518821944678
0.8407897553692876
0.7765676406899064
0.6355682992312738
0.06935490913926802
0.959258323068698
0.9423831228719335
0.8745109209221501
0.8264025516465092
0.08079129185203106
0.39916442968334775
0.2360123377192655
0.7103040731457448
0.7864075992069534
0.6732413900441421
0.3123070085174322
0.11156274036885547
0.2491136119111194
0.5122181243874571
0.10251424866849625
0.8162310798177673
0.09246827658928128
0.7623681797912296
0.6631947230713504
0.6455301398719155
0.03515874957731348
0.953218320807714
0.6474892959201953
0.910846153374725
0.7672077929407255
0.983247240818
0.39084906603486236
0.5646140499406846
0.42065413210999714
0.617430090411246
0.02542344381355296
0.18184532159531305
0.27063400249153274
0.7215801567679969
0.10432934406718385
0.8971186531373889
0.5842624098249878
0.42032833946912646
0.050906629968790425
0.7493801949132421
0.54239055953813
0.27503248135972724
0.1811010585889587
0.8645595065231378
0.8039498339192708
0.7874682198700175
0.9526784859296971
0.07776467258946956
0.16967905244806641
0.05447869230522044
0.8171812547803783
0.1296045956849068
0.14479714745980135
0.29863084262235073
0.5010005899889645
0.4774501562660695
0.9654853182445907
0.1904585784638326
0.8457543504268321
0.9212073912848731
0.3247461186217704
0.46425210835316044
0.2300545331659916
0.5721457309789867
0.9315115307163409
0.3839066565448798
0.7791620339179539
0.4773719784971797
0.3890606121324478
0.9616897212044344
0.8733681985701449
0.8784517250605258
0.8611496608960075
0.8567807539677389
0.49257796491457984
0.8948186269807175
0.614620486674717
0.6104884464125535
0.17978474760532076
0.0905721025096502
0.6248580562436616
0.44035664932071494
0.05250108812031033
0.6636174923010758
0.6271739329719923
0.9721867828287174
0.6009787338295839
0.8608732733440909
0.10260417185344184
0.4956466685510871
0.08083714048656024
0.5105422363496707
0.978767406807471
0.5577689737957904
0.8152127876922077
0.4646301673498662
0.9235800557871294
0.934305973309005
0.23987746164896576
0.7109062820973844
0.05982967682791128
0.659253247006505
0.17256596552603592
0.491081245258304
0.15059466230163787
0.18794547020001875
0.945353758541905
0.891824114861956
0.7225596176729175
0.8607453977375976
0.12778847843199054
0.20005835181810291
0.7522022372368562
0.2865758026634114
0.25814924476686063
0.04281046865488167
0.8806098618944613
0.44018568826638194
0.17085279599735131
0.5219065307711132
0.0521301435682919
0.8967726714632839
0.6191625008332561
0.4638843781716752
0.1462635331175102
0.21149651136629183
0.05979200013442354
0.8458722269335285
0.11130864293353107
0.06498045230896429
0.3819076222842977
0.8884453554955614
0.9686607790390334
0.1859087679932758
0.8358549779493393
0.5870899166992405
0.13289522439779441
0.06717697594779308
0.9538631934948036
0.3695339976721127
0.8616592502427687
0.5605951435012099
0.9760318338078087
0.10118836336650737
0.20554211573670197
0.5563686921596722
0.7628601185774379
0.0523687569367169
0.5733769582076125
0.6420339380198691
0.8718493978367171
0.4412926531119516
0.6449566716424097
0.9218595364739921
0.9922639146805425
0.5374107778172386
0.08523165260742148
0.06506018702347245
0.8793638709118702
0.045674478254561494
0.6449924186661327
0.7842355255542751
0.07692239435110297
0.6024781081416551
0.8934482453026693
0.818388334947505
0.8258024292542887
0.3723031306941605
0.5617629185033478
0.9521096756705716
0.04766235622570567
0.5488086260402961
0.1239870598877796
0.3211116951864544
0.6235532698912065
0.0737690579100139
0.1710383647175086
0.6219420641367248
0.1512178444595928
0.08914800573774082
0.798161558985894
0.748839044094933
0.09284424671454844
0.049036819589243205
0.08110047277531346
0.9276372965013282
0.04617853452204282
0.9106317883043812
0.13249547833325617
0.8354072888907949
0.9496245845342283
0.4713787644268384
0.9932713836786327
0.7846686750261381
0.08945724217589959
0.9525191435138756
0.4126703633379062
0.1474727392789571
0.031786786744271614
0.11787397444383708
0.7235319320450859
0.9250077029755561
0.8488420157714287
0.14723487712179892
0.9908415789842212
0.19000176163823812
0.10633199293192926
0.4427274029056444
0.0729441247799079
0.08041064399378459
0.09157925989458715
0.06401815403931012
0.0799151179524033
0.05917820083509614
0.4572565137420219
0.09488954002974426
0.5454807240939521
0.07523169772377805
0.9022941510783711
0.7855739699140107
0.9254861780068767
0.09759396886613313
0.10862793868100858
0.9586831102437164
0.2712906932938792
0.09393302034752585
0.15999275387993367
0.7895417418651958
0.7361317004440371
0.08611175385398456
0.5245700311386159
0.6887055673180276
0.28755823765437183
0.7201816231376389
0.13971246092085587
0.3421448623969553
0.9376580962614767
0.4792508883772576
0.053336041951456005
0.8923966865914734
0.18235159736663287
0.09276594091850446
0.2621424843523797
0.8882140887840835
0.7718756243006052
0.12442622327203406
0.0389852114426142
0.24319972843122134
0.9676142132011595
0.9628650103701389
0.5070574072804197
0.07196283049732348
0.8351115035814375
0.10390794295287553
0.027338465199116604
0.8629551764594314
0.9182958402431596
0.2528075969662737
0.6866019878002869
0.885804936704276
0.22835400418968488
0.7610133416375031
0.8294808722244673
0.968542927645881
0.32073311790618675
0.7704782479440118
0.6095363125687991
0.8499980594739902
0.7805716075041338
0.11983897272177688
0.1296607445769006
0.6679218078661253
0.8867163278858389
0.9467190368983207
0.06639773942919144
0.8049806157972829
0.12081403248691841
0.6863659227501018
0.19777850239917982
0.24740855851123228
0.04469180499703612
0.9367371137112805
0.8232908835263903
0.896745384380637
0.9067723520194853
0.09606298359392239
0.7227678825307682
0.32112146135526815
0.6591408432583704
0.19653809684335616
0.7209694268762394
0.11818743014781757
0.5322483295862241
0.0528044310322858
0.8678080191403064
0.8943864986069434
0.8480923570670869
0.9331724110235028
0.12498252871535412
0.07960967720745542
0.5368218379441936
0.24616798099656134
0.683243741221276
0.7619107189652041
0.07377508604491345
0.694221312175058
0.8058176438659286
0.524634914179545
0.10336949464113368
0.9995520188361346
0.07987770186926228
0.04271772921597338
0.6900262668639435
0.9891760053352678
0.19050475644663728
0.1255052501285178
0.7520648159686039
0.5195824681380086
0.7465713469644593
0.4855766524167906
0.25014632456917296
0.22743668177560464
0.25229737523236606
0.669534230541582
0.09685077211890289
0.9100096250779546
0.554119337808207
0.05417882354014735
0.4884297367910678
0.15796331196140503
0.83577736931663
0.08179037734012151
0.0982302742487333
0.02683540411021796
0.7671600917771191
0.14058864625052475
0.14772602885272001
0.39252015269606166
0.15585127657673942
0.30691151489329793
0.8984380471806042
0.29539202813818516
0.38164234429837474
0.1330169734537403
0.6681407631800276
0.8413981974490579
0.23403665798747358
0.8840685666542745
0.9202845723767579
0.0770084015509784
0.11942073509331912
0.8410785397312013
0.4543868502135514
0.9073278560317443
0.08235711649619358
0.18356239811195615
0.5746364202281803
0.9620473308802953
0.06931869926281259
0.32739089521820713
0.24104627592401598
0.9658997484757323
0.9505878608245695
0.9504349330540767
0.818195898624575
0.14896806560906156
0.25004514049336524
0.5966492558668222
0.08223381388171683
0.670976974052431
0.09860929515364222
0.7287617360599795
0.23632104450895242
0.7549705462612691
0.8448493884181046
0.9624281869107589
0.3384171198617447
0.8366200340149739
0.9097071190052809
0.8502838071510586
0.5573070645975264
0.9998020955802841
0.6826424688352625
0.0602230708708887
0.9278189774245655
0.14937160246618972
0.6590002503804843
0.8535974460566959
0.8933142108335681
0.22885645217570288
0.8480521720836602
0.9641836674787772
0.7193540784741116
0.6350634712728377
0.689414480192893
0.5533871583776748
0.882367897813096
0.13700951505306766
0.1653445068363648
0.17849581155821811
0.07249690448138182
0.6344732771233711
0.8204786028014124
0.9885221187338165
0.8310703527740417
0.706851403748247
0.29594510965128085
0.254694890887082
0.07742110514648015
0.7841520146353114
0.9478538496701479
0.9140461245226926
0.47292661081783116
0.7519553091876493
0.07722950436646164
0.4538132352605979
0.31916280316072926
0.6538823576399716
0.6107789354850833
0.3356181347967468
0.38827820680924563
0.18707625495035274
0.4213031604213618
0.3119245614240393
0.7372885002241057
0.12497772366632903
0.9950695489093745
0.07156531632186167
0.35396430680751867
0.052004442604159686
0.9921307339080654
0.05431022962627027
0.1605431063061455
0.4116016658215603
0.06233282634655676
0.16709222926766432
0.5753061568583812
0.07097428216369979
0.26544369963566283
0.8552479617592101
0.07752674805153739
0.06438156255579547
0.055574242851212444
0.5528981942955484
0.10764969389290463
0.9890169825013329
0.489752123012192
0.06552303702253728
0.49154277420182846
0.9090935592327314
0.8688170040076566
0.15223859116205088
0.44712691159715945
0.5260774738682592
0.19827547339666662
0.6368228319462104
0.775877658936002
0.642869809370246
0.6909089501198252
0.6177693176792837
0.12588834763901094
0.5498153363101846
0.8557250950903001
0.09108875012110706
0.2594732546216517
0.10527157873084018
0.5549754307588535
0.8187849524201862
0.583818036087102
0.8865598210006271
0.0992921651672406
0.09331647556900073
0.6173171919966897
0.4383895999574349
0.756852527388659
0.8587954520971346
0.47188598584062885
0.08276202158927604
0.6823548458879165
0.17223479469468916
0.27668577469297473
0.9857365463471609
0.8564999618872193
0.9358002929781826
0.02747377995487021
0.4017271707009735
0.9769045121841587
0.28284518134773695
0.1303172346829744
0.19407182749580726
0.8774058699475955
0.12760383884711174
0.48484245119313546
0.7443724959330762
0.04581203941979133
0.24975710829953895
0.481737185525552
0.0826281187447412
0.693025062305613
0.8201926051060019
0.09786193647428976
0.08068396460530164
0.7611063901578119
0.6065677363330926
0.4840165180234398
0.6698763401658993
0.7400820870114586
0.28232945545715915
0.4449867482798813
0.8776544816280196
0.043900464767340934
0.7087816146782389
0.25565165995101696
0.8154723674628523
0.09258388538150764
0.45349206787218466
0.740266431334093
0.8822025884584115
0.9345991474204638
0.8697106350821211
0.09625586886734021
0.27118527407451454
0.6540882051407987
0.9084508054365004
0.07915618688369747
0.8382594160434685
0.07513539875673954
0.49750232036704345
0.95600156777104
0.08805986116212447
0.8755362928642707
0.7073096281030009
0.717677273773502
0.14946569493378967
0.9750451199656204
0.6898052030399869
0.3837434175208175
0.9911841329962047
0.5681771642566009
0.25223134103222
0.07477455176653588
0.0582093878810022
0.8714924628174313
0.6706059450497339
0.08488561137498313
0.23845586736766516
0.5738253965598556
0.4057562602509467
0.7858260737538276
0.8657372349249506
0.8078659394471663
0.9511863920430954
0.7035263525953288
0.07103631281484896
0.08980144563503875
0.6988369848768645
0.027393705197064765
0.026182828410781084
0.79471299748553
0.36544086247777763
0.6960384667172853
0.0633852406104365
0.1706192805161924
0.05367075416230377
0.5229662966442015
0.03154497379399031
0.5576124092012865
0.4544141307127495
0.38828509494199415
0.4963338324367871
0.2401892582883821
0.7967908342862188
0.10753606023293143
0.4940945578257161
0.9518713620168631
0.7779561828789243
0.6665302335325474
0.8068664694856339
0.5848484063406126
0.2272909309573969
0.4525524439751718
0.29772420682181655
0.9246991455515411
0.991629795739826
0.7592473312960812
0.5028274757075465
0.9119459047721004
0.21400195867998212
0.08954467159897982
0.04662677728045486
0.9804407768376564
0.14385309562579848
0.8382247326849493
0.7383299646001453
0.4582283704913135
0.5390314633927672
0.564341349214458
0.1043246845470133
0.05784079768595786
0.41227012200782825
0.0357793181945061
0.8360339894231519
0.8861196901101254
0.8212636981669792
0.683610548058674
0.8772744384295222
0.9137744415266031
0.2518743742541223
0.7502582331441109
0.7109966741172518
0.8217487536161547
0.5916875621590071
0.7647728351661174
0.840004486343518
0.24104517635749834
0.09134360342845521
0.09331214027810457
0.9241247624804227
0.3519100229336645
0.07069880188489577
0.20943982396460703
0.7714830279818681
0.7474887349523792
0.9004532423441594
0.04306179184939633
0.5373908270240225
0.3877635849972134
0.895087400191113
0.36220504565475203
0.23371254181596204
0.3262800072321517
0.2709003684301239
0.0764534934532497
0.07410907086038084
0.7303029923862798
0.9353548444502048
0.29455061813546285
0.7373924558283165
0.6508395987476587
0.9959164303290886
0.27129470801873
0.05131239501672384
0.8471201369012507
0.864597373118339
0.4948957144429341
0.12537085317737456
0.2900907496533735
0.984650945584608
0.6035343340162096
0.6947107232531248
0.5095128689051622
0.9879709411276303
0.7236575088636561
0.9280538656983344
0.9419479348126043
0.616816188647399
0.5961459015341025
0.7558664577732163
0.06815870554192124
0.09898907365751107
0.8402309105688391
0.1533014497797541
0.3228187578117704
0.9601045984709619
0.922223138298452
0.16543063466907398
0.9540418106390665
0.7519933984471193
0.8786197520010193
0.7939630638747257
0.046504924216074175
0.46408982691674866
0.9096092811352081
0.7794489476096698
0.07751431466036088
0.9652686143960543
0.11595693680290475
0.3868850495913921
0.6695763941435546
0.20496114496344997
0.9117009052126419
0.6430259658875171
0.027782301249987117
0.033202353048440394
0.11077875552415836
0.833133761551254
0.9751972942519016
0.7914666103615733
0.057700655166968255
0.08644667741420797
0.7276807383706194
0.5055994591581526
0.8773639337530234
0.8137939140765533
0.13997586365878917
0.0612643305164664
0.8526789350850381
0.7460820804920992
0.5246130246429442
0.6572386501665415
0.1224319815780452
0.2207505412736302
0.2425962296358376
0.5844932930078478
0.08631477807138598
0.7216521178234978
0.9153815076652255
0.36499328851858404
0.6082541868508959
0.9096249095759362
0.7104392533975268
0.760529479038001
0.3938729037364994
0.15563946327000033
0.38034363472587707
0.14719262612706688
0.8564222203981998
0.7210661331593298
0.19132383499246658
0.9131137459381724
0.3629077886821007
0.9546308805577715
0.6131595785288956
0.7935858401591804
0.09655333720714014
0.1378637491398203
0.9231489788010792
0.11873766101521128
0.6284501971913177
0.060096542724789294
0.39369359258753606
0.49039534493569525
0.9376386337340544
0.7803636748914796
0.6320358144522439
0.5609044426784462
0.06946478826468266
0.9297623376368597
0.9130648000255974
0.744126405793353
0.9243191696265021
0.6383906874029458
0.5252625822633948
0.7132193444163927
0.9404213149015941
0.5559091494278656
0.5680044149262298
0.7241921981322819
0.901799681697881
0.37267847667053067
0.31787129904591493
0.14539476620485922
0.6819536904121615
0.7481000936940447
0.05835241981099322
0.9883640574408279
0.10860698052793774
0.5033820064803449
0.7077446237744792
0.8391204429353555
0.034423185848856556
0.2342605294916771
0.577540558070524
0.44675424042302325
0.09015224027222254
0.24530794837554862
0.6900816660908573
0.06927329830969717
0.5763737264616723
0.026353614223401666
0.7381139389362474
0.8517230350165561
0.04256861806830981
0.8936640194832076
0.7943895492619344
0.1258416628935193
0.6249591948816171
0.5342913962648265
0.8446553288638723
0.41557633443220343
0.9566976582904977
0.02185758414606552
0.3036223446514937
0.07367824464773501
0.6283283471461679
0.7624989519369045
0.7449026384903021
0.5195244153905427
0.06724310869707252
0.4729470076082218
0.3121522337098389
0.10027410114890167
0.16967371125942654
0.616230192436223
0.30516149647315827
0.7656036420252674
0.834720499529456
0.09473477633868764
0.29878186654770933
0.2950207368874082
0.8272290747455846
0.28901982838145795
0.9021560162344697
0.08889050852570171
0.26012989905811634
0.7604612842132916
0.17015933042514653
0.46433846541421187
0.08719579801122256
0.37150425428005507
0.3164338352643574
0.057475086082649895
0.18791574740226502
0.15956772303428413
0.7580091667629274
0.8779732123827431
0.30970521148219476
0.5973103893365861
0.0747479423637076
0.07733338141562227
0.0706658484477556
0.9238815210038904
0.508359543515751
0.2634002775353919
0.7621615729554101
0.4186514630772941
0.684212122757741
0.14869502389543893
0.9135632635156122
0.6832196289159276
0.8329097984283804
0.16909478428279387
0.2613560908537309
0.9296706992545603
0.22654760538634738
0.09844712474782369
0.48079901959442034
0.5971202323392668
0.6284835982102961
0.8644827576389026
0.9686137156224459
0.7322233514374377
0.7018386481699542
0.8067100732905025
0.18955564249049997
0.582833046354722
0.9527964053979757
0.05450658764745145
0.1879252412270941
0.302633232084518
0.48178049168892884
0.5860556995252789
0.07394155132162789
0.0648952307318465
0.5014082009312207
0.944423863023038
0.1311605828813301
0.0692778216964541
0.2166604144864146
0.056473295403867044
0.1263122043470645
0.12937833428597995
0.8132126466284083
0.09795235311149478
0.8717442324059314
0.8985565465348402
0.978545473574288
0.8232817968773074
