0.9354950502316689
0.8562047737571767
0.7673257069726906
0.6769380500151878
0.5766167351021293
0.9778021441820043
0.9027021591292845
0.9733266712008634
0.6584052647051795
0.7415438425618478
0.1441978602411785
0.7765051357180929
0.8436116065830368
0.7844583593770391
0.8313016665812442
0.8523042414411971
0.6771661617637786
0.5882002063333214
0.5030085199313827
0.4723035855664097
0.7416618401185915
0.8055319039233486
0.8578787248003167
0.4153832710602768
0.8205631888951431
0.6697717358546086
0.23309058780516725
0.8321558688913566
0.2568248365129027
0.2800906855833424
0.7713330787417252
0.2204862544452369
0.5277507839064454
0.4408823383481918
0.8127755448766287
0.5694443744452937
0.9939838347517593
0.8058250705864711
0.8855597391946781
0.3339856865184143
0.4337750140595563
0.8899852941162456
0.8044528493607824
0.989470276106868
0.9311126098995888
0.5874194321759578
0.7110831973902776
0.9338599239049876
0.5675152145059496
0.5115972562245857
0.7003800661723718
0.9076558563023753
0.4085242395366394
0.8577722033425483
0.893574802866277
0.6959991582395679
0.48535232645380616
0.7659125236050845
0.4687552787040342
0.5113159152095705
0.8657552148319783
0.8890178327640644
0.9340469910456829
0.1582232608355404
0.6504782910746901
0.8442143215615652
0.4526372580578106
0.6854185320489021
0.9374142116377129
0.8413580822063991
0.6754925689687958
0.8134343614931158
0.7984833722374132
0.7318331251416772
0.7223631840417757
0.9524170692051583
0.8177398857405538
0.9788931252935731
0.5011263610607272
0.419427069330711
0.2744959742481007
0.85898356696456
0.15162723475600945
0.9815270612053839
0.8170302590009245
0.8890960018877004
0.8125777506453427
0.7525172606078686
0.9065360410199823
0.8150914828208006
0.9224932042542037
0.7193281584546348
0.9456907600827806
0.7307577934179823
0.9428552831125647
0.5915285720670023
0.7702441163881322
0.6633836958398363
0.4885707790872653
0.8087989670319917
0.5677774828777009
0.7592883162262802
0.8135758996991176
0.9261405313214996
0.755329712219549
0.6684175742533307
0.9750430506562222
0.6112301680740878
0.5121724901819638
0.3030562810078954
0.693783853841571
0.8017236968758289
0.6267184665990865
0.7161530544007979
0.9514060314317452
0.3060505903062931
0.20834231958266594
0.5591872990600328
0.8290368568394977
0.6916367425657048
0.913940613893585
0.7027095211093762
0.755256295259068
0.5663536513485571
0.9556821456011791
0.861434896213925
0.3092951587269194
0.854639802470753
0.8521201241706551
0.37698918751255056
0.464545738552838
0.7135414699207846
0.836672731399902
0.37199159927991554
0.47401065165032763
0.8242456629706648
0.9492383139773598
0.9830891588033563
0.7894786731247344
0.9154279203490339
0.7905186987240712
0.27591054684873084
0.6441780481368153
0.9159489061511491
0.21836463398753483
0.9297136688944729
0.7148789611015521
0.2344368431522149
0.9363318278865886
0.7346506223798138
0.8386682695341783
0.995985668497229
0.9391902072287033
0.7541720501442891
0.5891913987711965
0.7430195757915422
0.7095110733681094
0.48670541577717397
0.9382245780000216
0.7433309934478487
0.82227296685499
0.9463356845890912
0.8480789941925424
0.8747322898058643
0.3995158696449919
0.9997964313034144
0.17252073171066967
0.3480366065771512
0.627518466563139
0.6435294222455138
0.9719546976888147
0.6335589657029953
0.8702844491684942
0.5703007194817622
0.37271385997852124
0.6074002076496875
0.5079392005287213
0.3825449322603408
0.8678887486390641
0.49698146698787693
0.9667560247038984
0.8848071254247014
0.7685593153760217
0.7235275566188577
0.959697778427475
0.6479925815555336
0.9692719321843623
0.9059563343392747
0.4155007854329795
0.805938363165469
0.6436867363282306
0.8421217972495567
0.8997838121045301
0.6070396741668801
0.9365626090501582
0.7224571467223531
0.9937049692621601
0.5351149387899755
0.6921311510889885
0.47942054093983705
0.8861798038624749
0.8924588087603825
0.7579959579210376
0.8866954706853274
0.3591896043915972
0.8308470025157815
0.6667516972600461
0.7321594670188087
0.3277164785874662
0.9619134541118649
0.9199886431506757
0.8078612099291014
0.5670137588881401
0.877956728559337
0.9709963474566655
0.4912975695881173
0.23793786883567208
0.4754907977837797
0.9389284393577861
0.7436664885466715
0.9368635152784175
0.6642475862381014
0.9433988559139536
0.9918540807924896
0.6713986798427491
0.9395411209348746
0.8727311137459364
0.8255148832429156
0.7929390381943244
0.6442802124250293
0.7825537954152861
0.9711590405279802
0.9244506276785356
0.8201034829396944
0.8113131674295119
0.17943588905417113
0.6906006828386013
0.45047778276075456
0.8858212352629263
0.374518321865248
0.2731377144274031
0.7568383074940506
0.9631045649823237
0.6940672114457763
0.80166379276541
0.8390662646755515
0.7844303518271898
0.9529203285551794
0.21657747761181603
0.5291213688515571
0.9122755421686306
0.23888172957784112
0.9067558951725789
0.37951550454454086
0.9626811727921144
0.802811632039342
0.7646410457478952
0.8690494614377566
0.8975039222915513
0.8684905865631728
0.9234140146973355
0.2383148688825073
0.8764622084886128
0.2888173409503637
0.9606621878067267
0.6111527283067717
0.46923448889416475
0.7208699506000253
0.5356710509841626
0.5029127331882581
0.8891738093276333
0.6496737724726188
0.6803298704229994
0.640987569994411
0.8352168797366593
0.8772927162886504
0.7540818674159445
0.8669791881515674
0.8676136424434451
0.7195326832113368
0.9233778222037804
0.8462439831288301
0.5144147882892011
0.9236066249270283
0.6316913770763868
0.5291301400356163
0.931197822726886
0.869262291590416
0.9916630977248537
0.4431106550166739
0.9843228030140958
0.7757305683557627
0.8885847934739519
0.6922034694464657
0.256478543002002
0.5656782568895273
0.9733000570744066
0.28042238820394216
0.8219922409967001
0.9868380516165178
0.8725743144977838
0.6745294177402543
0.9077207621213381
0.6517967923038317
0.6686905811669697
0.5903456749069722
0.48870260668943993
0.6038832327673767
0.8996415899196017
0.9010378871435738
0.9878426927009324
0.945048986119748
0.7319086245015018
0.2972657910232202
0.5372395593837307
0.6788036193476802
0.5668637308613549
0.4674703287408911
0.2024189142658988
0.3445641881188144
0.8062163890390761
0.8076305444617147
0.6205710841713132
0.8024062333880578
0.6242929734010918
0.9780605059305592
0.8637345404470118
0.7666814516567294
0.778123328587413
0.8084306157603796
0.7607963911849089
0.38646158312706075
0.8503621512734605
0.9027152535420064
0.5439970302065955
0.7183483700248535
0.9669968610911536
0.2982761276596477
0.7415031398385357
0.4990060993759525
0.3974229289773716
0.6686857100673045
0.6338819061678013
0.8284154988409014
0.6933038950199879
0.7033214454807737
0.8970375082608409
0.44016239588353556
0.43702800699742167
0.6248384575180702
0.9229227604651076
0.7593393890145386
0.771996946416433
0.2628281580629418
0.7736435515687708
0.39124741779906097
0.728346813304813
0.7348182894175839
0.6920886062285487
0.9631421385410722
0.5127814409305447
0.8643457695608453
0.940454396959103
0.6698583645259879
0.6305611278063068
0.5517195936908872
0.9092614876367371
0.6523767001282866
0.38170805049957235
0.34791784166142525
0.552508974933306
0.9138685354912712
0.2787558802036518
0.9203977647483506
0.8227629815902814
0.366587224005408
0.9063204987694182
0.487856892726693
0.5775021729082896
0.752582301076773
0.20488953070214438
0.963527372787734
0.4681808124499648
0.8642400023163974
0.9222659560537401
0.8185498948774776
0.8784101065449323
0.9895153909422505
0.7221998743153513
0.9113729739804423
0.6704905905867797
0.9535526765534817
0.9207466434436857
0.32284928450402406
0.9099821979339302
0.9145490400966543
0.7822799216477194
0.5310374457093225
0.6415804235264261
0.9290850094575036
0.6697004478193141
0.23956495840897546
0.8565914912560576
0.7051475655513193
0.9565610988141289
0.795259152079932
0.8972852899091279
0.4728749628798449
0.8091589427581793
0.660672237356466
0.6789264001278794
0.6626162038391842
0.9816800642884105
0.7205328129397011
0.5130667422365028
0.7618729432610581
0.7381154514197006
0.28221100709195046
0.9746608229418823
0.9438119056550955
0.5040771872784626
0.8383369100300699
0.6478291780058829
0.9725305151308159
0.5481045773407445
0.23680643754142922
0.7284102208262954
0.7459033466181293
0.4869536802218525
0.8210952254249698
0.5722375154626288
0.5687598075885545
0.8389752975732134
0.36886141765223546
0.8916455676464318
0.4542255206785285
0.8139179044282475
0.6479446371977393
0.8614046877824215
0.16429843404724187
0.8021341952847676
0.8314902290322188
0.9440150030135904
0.7457312911346218
0.9469393364533819
0.8760970105806313
0.4603872382617612
0.8046851347820895
0.5946294770757921
0.9465777831232682
0.6058856629136112
0.9468209892276407
0.8180325198905889
0.8845854449242206
0.6788150243012749
0.2690178403935683
0.6563745825047731
0.5718407340450822
0.628413879461771
0.9396099033680605
0.7550701672600566
0.8281359415999964
0.6625704768876232
0.8759484656207943
0.9590782366165437
0.264102013061833
0.7471547640191565
0.41716114459516657
0.38359029243655246
0.8427673243737341
0.7719480553726813
0.6737382505570104
0.83383626010158
0.5723972180625584
0.6981180228440147
0.9609441915365924
0.8208787870366354
0.8956226740384029
0.7601450757507785
0.9246792555033024
0.7056784452506937
0.9732756151744997
0.4973881225303515
0.7162493209157951
0.7673087165871335
0.9255846418659393
0.9413812207929
0.900406491121629
0.5853197648105384
0.35028534108157594
0.5391288844023552
0.6560784483535199
0.4807544422207013
0.582435744119254
0.7910668679896238
0.567952663922699
0.7602598594821519
0.7302341434533008
0.6016199547101503
0.8704771053643805
0.6910778127958418
0.6421443813574643
0.936275206609455
0.6870472804602288
0.9484402594325833
0.6558152835391862
0.40820927472494184
0.923554904409913
0.6591035142749309
0.5503737461070671
0.520791303632768
0.5237359963911337
0.7688135796114963
0.22543806199291572
0.7164641576824807
0.6265296221382245
0.5745814261834119
0.9718583487567096
0.4067857147580072
0.9662883109276124
0.7543475833158608
0.46709226014920774
0.9548239287940459
0.9287019272650263
0.41932969785106766
0.33049827819008226
0.9476097629923375
0.5709725264903527
0.7479582631805464
0.8494446818220698
0.10117427501917502
0.9340029219848033
0.9055214454101944
0.7740993499505959
0.3945800005842406
0.8842156585785267
0.736190194540886
0.7460204172374209
0.6833212287756438
0.7326277930242518
0.8193525022452054
0.7439116670187358
0.8994863794129027
0.8918974577078305
0.4550381926956475
0.8453794619329781
0.7067391783079832
0.7169381425363764
0.9384745447281253
0.9223860279178135
0.8442778997799346
0.5856328368598093
0.9149456452688824
0.9583083520188713
0.9413028309385405
0.3305458205685624
0.7366234321300176
0.7963706334249488
0.6332709836266567
0.803753939145141
0.41441209980791105
0.9655637817885785
0.7180755866537066
0.9160878726965933
0.9047602901475438
0.6181759742487974
0.43157936783979634
0.9029689527590798
0.8359236321011062
0.8123760092631308
0.5126433477739628
0.4298054326004752
0.976793514622206
0.6924647759479086
0.8716248959573016
0.9804374724345591
0.8631110964742199
0.8879116533274555
0.31591238682901895
0.4292086524399311
0.8461398817182478
0.6554851361402463
0.5545875789890687
0.48267548283447337
0.7623959921783321
0.7290199352897734
0.9970839103534859
0.9573323571233479
0.2803197345486467
0.911188897506153
0.5761003728954778
0.7741030672940095
0.8966851040056276
0.7821251342170886
0.6441580345472702
0.9414311718407111
0.7960987616256072
0.6904016891042679
0.7727343035106304
0.8297266808301171
0.5115134118035052
0.38409243650247615
0.7847930631214459
0.6129460094554706
0.6244734311893236
0.32763303927072873
0.9170330673421364
0.6362648075173765
0.27853530992370157
0.8217173980108793
0.6006881856932232
0.8086967990904714
0.9608884417186256
0.7398245968583871
0.6463923332830832
0.5699397370426625
0.44387130085451143
0.789097857477594
0.910632559504607
0.5388505376817319
0.8274073109348491
0.4235393578086061
0.8690334026624902
0.6061450581495368
0.5382598209657388
0.90545416298239
0.5667296151650962
0.3669004227699957
0.8924292742443816
0.7207964152777733
0.8670299926673721
0.6502663558602345
0.6819135452332028
0.5307842485786685
0.8470069468823371
0.7138567744935403
0.7246810895700376
0.6141997346639574
0.8671313587431244
0.8300764027901251
0.29320108987316496
0.9136867892045832
0.6782705733338421
0.8702539657009365
0.6593036633356923
0.5064226916582366
0.46584461107511477
0.9658385785368919
0.3461101580655173
0.584299403693357
0.7273882937963143
0.6543208254566553
0.8780032209287639
0.9022372569456942
0.848054067021448
0.9105031383364313
0.4489541488979397
0.9295039663136895
0.7351710437768872
0.7869669793830398
0.5409782605204594
0.652277211485542
0.8738456686354337
0.8509416389874805
0.47667596907466037
0.9222492188978269
0.9413871252894617
0.9458951259084942
0.935834523103293
0.8990638680035712
0.5862819467721818
0.5220681677841889
0.9435726473878387
0.9707605942773028
0.7537225824026871
0.9415119662183375
0.7383925955177069
0.7012130021097571
0.9780534275971553
0.9080512381106007
0.7377775115993979
0.7894467032145163
0.6639568033005472
0.8314600635839446
0.9966206777434737
0.8192643115056475
0.8837314740066133
0.768415169810728
0.37031020356286937
0.8292981953764735
0.516585600480211
0.652226664865448
0.6595334527570419
0.8799763238023891
0.9759137376413909
0.8220650036571799
0.9256123308159503
0.7308382565522594
0.5968750220091399
0.6199758993446736
0.6871732621018083
0.3284843921699203
0.7973181264118684
0.3946165865735285
0.7927471342366692
0.9040084206768171
0.8546509468299628
0.8442422631510469
0.32810130514625546
0.20631258079768652
0.32387809306219006
0.8525176394525555
0.8361006543880146
0.6737241215007533
0.3747167227310102
0.8018202817363025
0.45854044829657736
0.8470045045334536
0.6073879878904227
0.8404640772314044
0.4571267289863842
0.7313183556060507
0.487148490954529
0.8737417870074158
0.41782887600513186
0.787704063138422
0.9265541220092848
0.9258185893411923
0.896320116016103
0.6740313373687783
0.6130931570977372
0.9752525653375075
0.8352338029260116
0.6929359533982602
0.5711970161957947
0.6922107091455915
0.7673349437373957
0.9552390848307288
0.574758395027161
0.9200050623819952
0.8528939584911355
0.9511804071684502
0.6983643192348756
0.6963781664873563
0.9023158102290225
0.8525075295962056
0.8816152206159817
0.7586757625368619
0.6681495978537995
0.9716956005854152
0.8576576387185343
0.806639167099862
0.9034766283963607
0.9466641884879905
0.47237596066833987
0.7091254435637684
0.700822126217425
0.9217794694305046
0.7938230418101342
0.9641796303268655
0.8887351511682189
0.8422719196394937
0.9156783612522834
0.3146795245755629
0.8295744835056627
0.586250957551584
0.8584973606427648
0.8486965542869186
0.6676623199583716
0.7218266898806613
0.7572929147527472
0.8852578072005695
0.925520495475888
0.8525427644377873
0.7789650263153055
0.7216715049577521
0.40318770520158786
0.9274028192549792
0.9117221307290233
0.428366495032234
0.2962922404029461
0.5512034770766563
0.8561852622189606
0.929701263582966
0.49829373276346905
0.9979009219810788
0.926814499614659
0.7214279339524909
0.7487456335975013
0.8270921548811807
0.963090582078008
0.9756006662514185
0.34771400309078326
0.8901974266302942
0.25170338452442936
0.5095264662466719
0.36409816290927677
0.25137406167784715
0.955071118022597
0.6028131668580842
0.18251280232676417
0.6860601278559859
0.317697792508539
0.3893719363701207
0.8994726030747994
0.9719063332264442
0.8470560901362417
0.5398531111110755
0.5750987551990683
0.4030967735516522
0.7705416698495733
0.3153941631509703
0.7005188898940237
0.671328277493505
0.2522041250352931
0.5922818792989957
0.8497000277664396
0.852857442325482
0.4971838067423412
0.9625764445083014
0.6924203537866356
0.9016156243292875
0.6881756425414229
0.8783800175215077
0.5537001768774984
0.6484126032885437
0.7315653484674962
0.7345377208297854
0.7820955639517734
0.6967872587291405
0.3207627915470868
0.520904700161307
0.9461927316183939
0.36353927375422385
0.5211282968311156
0.7188361024665464
0.6259324948556713
0.8399226237485813
0.6629945631358629
0.8118143181901823
0.14128471728247177
0.6702447408877032
0.43329674562837894
0.9061640824019395
0.5735851179729204
0.8817530298769345
0.9508956336904868
0.5606438398435257
0.5208934897561076
0.2729984862275072
0.9757121613376003
0.47086741910090313
0.704322803915107
0.7698165157283704
0.7386039978958645
0.27273360007619796
0.863086483816712
0.8532955729776295
0.9453031641809582
0.8617597016453808
0.5014208988686902
0.8225770021597962
0.7064601459683931
0.7896775903616062
0.825718230230208
0.9454671288349078
0.9107910510881676
0.886518050777102
0.7843950528605692
0.9700613242297944
0.8439871019913869
0.8748857919372743
0.6408260188756791
0.9731312792691497
0.6602541600436
0.7315903405920701
0.6915966387825085
0.9901556755888916
0.46485579763773777
0.74646686319183
0.8167522942021072
0.8331915916775026
0.5281652873868792
0.8395656566877807
0.9065600414947818
0.589548919523967
0.7528282739418574
0.4987555542534814
0.7681211017275442
0.9663915093538156
0.8036060073495322
0.76148096280622
0.8608476998312158
0.9258408974623468
0.996981902114764
0.8035884902066648
0.7218310940835072
0.9923315827353527
0.8578859850406846
0.7232116349271388
0.9509435259097561
0.42214266014616125
0.32540650431030566
0.8893527929198772
0.4823750346735102
0.8252545722834473
0.8364901984972087
0.15414002732473697
0.8459756890219674
0.7705763253887241
0.928170572712412
0.8747348670591384
0.7914194100444015
0.9084186500224123
0.6842514995711395
0.7976464653928086
0.8970815902768938
0.8986756993134579
0.5957805989194537
0.9296534795948994
0.944778591956555
0.7185368274215466
0.4156623042935997
0.8156891438754017
0.44288251912323534
0.5147644012355715
0.7937776425077457
0.6291274607554153
0.7776695913242725
0.8128802469453484
0.6859486591592402
0.998406733181167
0.8610972387643887
0.8610995181583647
0.8511824730686949
0.8893303127052051
0.5953299712321302
0.7176735442212695
0.7718806113681393
0.9254447011287822
0.5353974225854329
0.6839391807531918
0.8526538311627281
0.6308250167910692
0.7531259636876952
0.4351501664486181
0.8596829192549953
0.59128021296083
0.9923783760668863
0.9744601673243585
0.9029169152687431
0.9943086960495942
0.29929982930389887
0.8487564315262199
0.8491820969853172
0.48831302120735276
0.3631555878862486
0.7909723354049739
0.8159159631039484
0.8752595473863887
0.827607249262134
0.9250643151642797
0.563488338986553
0.7159147651671263
0.8675387996417774
0.7032103651328382
0.13601357872680148
0.7222702718448147
0.8856391206817883
0.9411967401638631
0.5357719494340705
0.9232015124132553
0.7827359130479357
0.7761192786400805
0.38662798913337476
0.5779300569519698
0.8280376526049948
0.8918842898032096
0.5820146745139972
0.7493957480972067
0.9876006381374471
0.8753573034307222
0.9838056320897146
0.39564889537135367
0.988836517579809
0.1359252227796294
0.9186064565816734
0.38338018798071555
0.8228841723797411
0.6977112650516375
0.38249933340537645
0.72603771129749
0.4139082075181536
0.8985925811443838
0.5092534494395577
0.7247222146591061
0.2369521072472876
0.8791264285347485
0.8999576621405584
0.7392884038139296
