0.9726373741658383
0.45454020672454953
0.8833193043180637
0.898631945661469
0.9764512183331588
0.8694683728693853
0.5044660908790838
0.18858023352176057
0.26302515754558115
0.8406071220566658
0.9575690927858573
0.21214496185497986
0.3407131034044085
0.8656463142604914
0.1241518604429148
0.19094623996096638
0.9922217376224137
0.2979184430125835
0.8573453268011048
0.772041962354215
0.6979762148905344
0.05974513867418953
0.7379328548426705
0.19249473785753007
0.8751706679679538
0.749002393699389
0.8669555440352978
0.2510378303293602
0.676599514759005
0.7718086129440433
0.9742696584980164
0.8618317300863699
0.296134187189853
0.7043758906137695
0.9635209472174919
0.6895363081885396
0.7407804761985133
0.9343992688671325
0.6591703997800376
0.4981367277842594
0.2014045561401218
0.8443081600609148
0.757878703275535
0.9889286032752393
0.114586085192791
0.6771947647018983
0.5523816779002002
0.9166836806203458
0.2000822266466985
0.30285348521423283
0.4304812497920884
0.9424278661076047
0.5163549692808564
0.8421346642945355
0.5617918589402704
0.8377921822330718
0.8586174078482892
0.8116361244383539
0.2737488626099921
0.7654654403243791
0.22161297719287362
0.6082200090128502
0.9182333452381564
0.7784777232158746
0.7615602172242188
0.8409992535580795
0.8829129413782355
0.8455992695805488
0.09880316997573632
0.7967719544717188
0.936349508272308
0.9727277059772561
0.7932190114048638
0.5892401078086229
0.7973154227593373
0.15077500777871417
0.10839854070091291
0.9192741538535506
0.920023095368292
0.6969143219383804
0.7968442586808262
0.9508467504150613
0.8702158271535397
0.982077554678819
0.9418461855035496
0.9601174548682024
0.9563228372380701
0.5429198022860059
0.6868662741530277
0.8972648427758778
0.9996311709587431
0.8073086291444475
0.9707420937205817
0.8778705514987323
0.8791749521393237
0.9866455996971776
0.9651640275829186
0.07077746057859649
0.9299603817486249
0.955517008369491
0.9932157792152931
0.9448155473098492
0.956705826791974
0.7845599401829715
0.8348295483561159
0.9821406473114216
0.9923836246528728
0.477416848001557
0.8165593775755933
0.7267108254956054
0.6915640718693017
0.755926475534672
0.9976393236854455
0.886201662109946
0.9731201979286279
0.7483693874627919
0.8578146281954779
0.3799729109406894
0.5846755032163748
0.8106211192382962
0.8122873290587944
0.9919760861914599
0.8451023707666515
0.8436714241347874
0.7689782943314722
0.8728796406252847
0.4894286110975701
0.22094568465715503
0.9734758160393575
0.8038927567528343
0.7289450219229308
0.9931917017898741
0.2463938470600321
0.503555772107215
0.6391084085135545
0.992459742092809
0.8802881392732924
0.8772725312774587
0.06508521611487446
0.9728015049310961
0.9629985454150188
0.984829514990869
0.9367785481652053
0.09056325903215566
0.8742802143463912
0.9992476849919643
0.8315369847778522
0.9910308730186538
0.9117656032597314
0.7594408478203507
0.9539082254491904
0.9119193110912699
0.6344060979544317
0.7844089816164423
0.8667124996684177
0.8511981212697852
0.14229596009878337
0.11143015984836954
0.8346670619760507
0.9106986590794048
0.9570964184822416
0.10784663607006179
0.9921968932653039
0.08598634776149537
0.9488413072777138
0.8702361045742266
0.8337458235032282
0.8457352378059577
0.074182967250844
0.749637484787294
0.9505212444851994
0.6990590598008675
0.06528553154018946
0.24727751084068456
0.9466727028648834
0.09994753281138713
0.5353758689447692
0.9395379348236094
0.975051210683914
0.9558225202694857
0.8011105154525768
0.7643719755846586
0.8866917567621839
0.9862052514898532
0.14576844491043806
0.5854223127723157
0.34372020093027955
0.8623576240055651
0.16898480680242745
0.3936999210081751
0.8778869332678982
0.8571573921535771
0.17617235817654375
0.8758859564534399
0.2200783928055671
0.825099420436652
0.915654030062792
0.8351870910184722
0.6663067588128484
0.9867574109227739
0.9422482151431582
0.9724525496650948
0.836280484181025
0.9349018972582477
0.9082759933045607
0.8679142631892577
0.7663790728024773
0.09664145289705092
0.07272809108645151
0.7059684164285929
0.40342764245972423
0.11873771781516596
0.4704166907232159
0.9675486801578023
0.9568338395139129
0.7681585396932642
0.6397540587882989
0.9401743872396369
0.08748557612673022
0.4391462876183923
0.7190721725426643
0.7714056653294155
0.15190921467146618
0.921075276320154
0.755506685747448
0.8188951235475088
0.8966722660580835
0.8207820936831505
0.3964430768660479
0.8824124769975532
0.8775906966137721
0.7790227279862303
0.9123226268585399
0.9463930753782182
0.6490100646973593
0.9044897467252966
0.8780765480441117
0.8731950151855807
0.13199483856036026
0.8505291426450625
0.49867653786689736
0.8254611422690535
0.12194586495157814
0.07122841336424218
0.8592993542460752
0.9926862383262118
0.8923388596876358
0.7040339234476138
0.5605841237108015
0.6499027700913613
0.41112129284334625
0.9589230658987806
0.9666807940599853
0.9854915158898498
0.9048085824520279
0.9941963106040985
0.9895502207754767
0.8511493594137038
0.10474281515955167
0.6308878896760024
0.48361932304770217
0.6972502383244683
0.622414390160343
0.7465409555031428
0.9966630471845617
0.9371336425224126
0.8871086724510538
0.5245546401568114
0.5682690972497697
0.8234829768386747
0.923007726790428
0.98747694140609
0.3664053942932124
0.8130751988208076
0.11429830552590617
0.19965232107284306
0.8604525900894452
0.8916387200336919
0.7377754509832906
0.837710760438868
0.8266001344298981
0.20172288183584636
0.8375241379156539
0.4857215933358675
0.7976878675335259
0.9496067628792679
0.8957525117376803
0.6800890766188985
0.4633905219424712
0.6549696996930434
0.48345474774816466
0.9499479630246568
0.8080927414976806
0.9168928298526885
0.20711407761319822
0.7565481387195576
0.12254317780855242
0.8636189947956949
0.8189343546201033
0.6250467217788018
0.9516211081803821
0.3450459430479691
0.24329539536546363
0.43369080720264797
0.5538701606114182
0.199036843935469
0.8123658261762368
0.8483264545232551
0.8549445080217346
0.769570928879063
0.9011904618307373
0.8153722586693604
0.24659789414048322
0.27630779158052554
0.8959309384443384
0.16160342376289594
0.9689909749004191
0.9249414711775253
0.49614353784972426
0.8182687402457014
0.06811513497322355
0.8157834577918526
0.7193941964684327
0.886928681414973
0.32263523231236757
0.9102864603538399
0.8004983840245051
0.871912554807037
0.32418633445888156
0.2788638045146725
0.8901798030529156
0.725185303498592
0.8636928106890063
0.8874122887592473
0.46378001999858304
0.9712898225743395
0.8651490303785025
0.3747970224261251
0.9095672632519706
0.9467527448664144
0.9945691731408832
0.9300682034135881
0.6916625751778008
0.9601560740514077
0.12266617635530616
0.2667461957870081
0.9732599353635165
0.06339074350111709
0.727072257208515
0.5909090258568859
0.5735993732455726
0.9297818882245206
0.921841774776859
0.2535065116701116
0.9174644435498225
0.748332743968648
0.8947415959223128
0.9061150493553187
0.6265913962428326
0.18496918397828638
0.9577700771422264
0.3877005018408271
0.4880306369467378
0.9378910609456832
0.07999847022802598
0.9702462793057602
0.8357106235961274
0.7659176140986296
0.935478945219516
0.22393145572835277
0.9557172255865124
0.9730882755886365
0.9732704883378008
0.6429835918631597
0.13961287063784972
0.10977696203166372
0.7160621940721752
0.8537270196607627
0.9845998824398884
0.9522492859270663
0.5888880515925232
0.5475942340264748
0.8226608555286606
0.882276616388408
0.9507402193187606
0.882463694749736
0.846688666657456
0.8585148588571667
0.9432784435687958
0.9722958248731066
0.9451921914429129
0.9507124640163771
0.9121559755844095
0.9860925249327497
0.8243035997963108
0.8139504606838037
0.2225760890595607
0.7655157039748244
0.1670223342584904
0.9633205723928822
0.8726973584015831
0.8411982439700967
0.7469535387541747
0.9245090707300903
0.12297843621155233
0.8559148009045499
0.5679327935008558
0.8018528707163922
0.984531273616309
0.5961817324598762
0.9401091097768997
0.541250693433761
0.886675303258434
0.5658137989501377
0.961378819978165
0.9385970728005775
0.714617087274003
0.33857374460305634
0.9184224072707408
0.8094900599664216
0.9828251200762423
0.8376434217313902
0.9746129060138078
0.9952186217180394
0.9074288627627964
0.9515974775380093
0.9046951769628386
0.8959771734276747
0.9780540103530402
0.9412966417568887
0.7611015095324397
0.9331367855288544
0.9989446400810462
0.7686624067372325
0.11864415914275867
0.13471863956525898
0.9319594959048203
0.3314634021139231
0.42277377766134216
0.9238595545610119
0.9813240006868477
0.8559810936361922
0.09878023514234452
0.367393489091018
0.6201593637319921
0.9368819291301502
0.9479182546955307
0.49450695555314694
0.944477130160023
0.7097925759151159
0.035580859487917255
0.06720493102944225
0.9776952680416053
0.9623377317878212
0.14009799392964928
0.41640313942262674
0.06660018634120554
0.5749376936714442
0.8871787904591983
0.7341147455676826
0.7758533726601418
0.8174553241674376
0.8243462578871594
0.9788479333387382
0.9149658591256435
0.1616915926139568
0.17583970864837933
0.8214644161898643
0.47098032712419785
0.8603474676303289
0.8089548080139058
0.9621975516168371
0.41032644564397414
0.2724449773409052
0.9543944126231124
0.0651116010906811
0.945045668298822
0.8491318738548173
0.9558005045958985
0.9694273735462478
0.919347485016407
0.8747063203737543
0.963950936291202
0.4561019389302642
0.17773605726581795
0.5677377233188373
0.996766710125823
0.23096585580739964
0.827007024673462
0.8896568371842561
0.9831743599655027
0.9236500504441812
0.9767531202590038
0.1715139910621921
0.27814102815360087
0.8828616714772717
0.8772237358653903
0.11293558080583672
0.38970642151022067
0.9965870365957059
0.8795929771092779
0.8449445690578199
0.796199847171986
0.33746714259286736
0.3863367378775109
0.6833489904702628
0.7913872457242359
0.13553647464925886
0.917787831045942
0.8002885185386126
0.6536093575729528
0.8775685875137264
0.85074274447463
0.3603444960119657
0.9392344196936075
0.09170458484132708
0.9264797192575063
0.8276172079704446
0.8770976091381781
0.9786450262229942
0.8474563770966801
0.6091279037351833
0.8398065422353449
0.10742483412698614
0.7481798540425887
0.9672959914980189
0.9275475860280427
0.6242315630899538
0.8198661417724834
0.3877686658873322
0.9008645188039063
0.8912045178247114
0.6591356230517571
0.9600584599948371
0.8977195729743701
0.7044308445993838
0.2029356892896141
0.5427151339042413
0.9278788682803825
0.8313075397341065
0.669236235056855
0.938518836055801
0.6390323695590658
0.8961450103791884
0.7141060798332097
0.7434650249970243
0.9767740670686852
0.8930721343082121
0.9750323744529578
0.9663093471597634
0.1475423095708134
0.13923595106054804
0.13198449465316442
0.14746887135577302
0.6743394537039606
0.8609882673207254
0.930175297486642
0.3774459569644024
0.24353891037575462
0.6132264755825686
0.9721049420070695
0.9480002481915486
0.2180092821388353
0.9912150506493868
0.2905464435888067
0.9141424645974571
0.829764103136928
0.5946900485652886
0.68744224384263
0.9475490063627772
0.995109006415906
0.771674989210615
0.8210279995230221
0.7504168816334171
0.9437899239608053
0.6714855428969995
0.8874119186305667
0.810765527149232
0.7690578281798013
0.8328425659486924
0.8986352106258508
0.9216830244397005
0.9170735417997681
0.8558483194278046
0.980839222728863
0.9711703443401186
0.945679757014096
0.5200375416805626
0.6841690597055446
0.9256604500086008
0.9661128559435884
0.4815344582081681
0.9120028303396794
0.9558515757867954
0.8406248686851433
0.8927919923039344
0.7058806042257214
0.6424644483134514
0.8573638968659559
0.9527749819561417
0.8989294418437619
0.6858347651424411
0.8439254229350306
0.9524453900605871
0.9260148363024157
0.9537524076787594
0.885366488414372
0.7814842201189456
0.06900375778960952
0.08076568223498667
0.7936468577005216
0.8716865844646685
0.07595825859183153
0.5100127978707885
0.12023442630536746
0.026799985353750635
0.480660727866585
0.1817554343595438
0.5403651856278657
0.24842828330829728
0.629764942647686
0.9733268909561763
0.9872697742794672
0.8377769787587126
0.598861107528023
0.12513622828129486
0.968502566744226
0.3594167070654748
0.875761353868352
0.74823427518803
0.9650367761698879
0.7032146266911503
0.9386991855303408
0.6577832236534793
0.9950759072713957
0.603389741060878
0.6338729091943514
0.878945761314585
0.6402091761311616
0.8870898859017997
0.9356512827489204
0.6645349109228402
0.45379507174470235
0.9843552860904105
0.8039698328494884
0.7678869204035536
0.6669804683188552
0.9730510852943492
0.7204725492666582
0.45119521356085646
0.08974072777841154
0.8949757580777339
0.14514908585016884
0.35588499164236437
0.9635750202117486
0.1495342216283558
0.10299120133169375
0.3082678160283887
0.4844931654696564
0.8975931288685589
0.8936758316722351
0.09119232043912984
0.9986923936128373
0.05442755842647802
0.40449437564754975
0.9599776623745255
0.9785794842082685
0.0834718761814168
0.9106960718988528
0.763708480455981
0.9891452404374359
0.10948072542979026
0.09079039389550773
0.8428519974214177
0.8112939351408428
0.9775951257865281
0.9892424925703787
0.9846891977577814
0.7577166270044667
0.7279231616881263
0.10683537952209744
0.350068345773243
0.1956885604832154
0.7624684073383404
0.6690275622320576
0.7128726163157124
0.9467560085637459
0.6843593656864546
0.9465640972262929
0.4345581574788204
0.03553165951961981
0.27200312750238353
0.9517671569455863
0.7653739878026625
0.09086696962376747
0.7988657893853204
0.8749460214015378
0.8843896321978434
0.10862154690713322
0.9583270543541889
0.4581263920500096
0.9323830478648084
0.6944599778110208
0.9196752914393729
0.781169366287813
0.8190782257273463
0.7502177145734754
0.08222053356352714
0.891717185016911
0.36892362079895813
0.8146733330019258
0.3714455520181921
0.7899503830714684
0.7384864136607197
0.7848563041812284
0.32757645123967594
0.6249961341209653
0.08653850442410879
0.9666012233909786
0.7992247931274772
0.7551287267215618
0.3225041769163868
0.039323540910222124
0.861824896145268
0.18158503852392263
0.7887631700241073
0.3787792561050818
0.18319370472027063
0.9713112358930478
0.8724627062910935
0.07813706267689616
0.9897508767721632
0.22377664272987433
0.30825255188235295
0.7843961194349571
0.9834415445008593
0.8077167828594134
0.7858758946185762
0.9123310896425583
0.8593867030162164
0.8854444560413219
0.3245373520765988
0.9893347879519282
0.5414691767686357
0.7632404667388074
0.9637901153395456
0.34145260323083726
0.2648947693863207
0.7768413420810735
0.9721510830671157
0.7786595063403876
0.6096116243320286
0.9536214008374142
0.8788616891394772
0.8272989365089272
0.9247909208822043
0.749037997905328
0.09565679536890849
0.8134917190843086
0.9699184961650344
0.9580865809319146
0.9289726788546585
0.983553431669536
0.9065500718503376
0.4064061111216647
0.7585259999265264
0.9061500003222421
0.6097467150340483
0.6609967094473959
0.7422883016685218
0.894108892582891
0.7535508960507598
0.7934316892995696
0.9719670401118086
0.8670509846151754
0.9771778701783386
0.7693731738720214
0.8487105850743548
0.9215982741778316
0.5419544555264313
0.8856337315921736
0.9978026305718968
0.9619525119646151
0.9794204107502353
0.983993767019754
0.4136954919260337
0.2290723324907886
0.16165677226431696
0.2202592608332093
0.9876021700215878
0.7443142362769675
0.6188502789847932
0.9477536530118258
0.7543086008962634
0.84547588833442
0.904020661827116
0.4375100814207718
0.40511517135605457
0.3527383937341255
0.7876125005039458
0.8575876883477374
0.6344750342355822
0.3285630905361673
0.5881472866246218
0.888741783043643
0.8278765702293013
0.672935591973643
0.46794282248830277
0.081818873628133
0.7844932733443764
0.8927740644431162
0.5299539566448124
0.6518910895870552
0.9359671922259372
0.9099228226482039
0.12980729344960645
0.35604007959477524
0.9676022334289397
0.6856675540909742
0.65400370003928
0.08194310511935793
0.16562049484187974
0.9026669381820305
0.06326584758548373
0.7543826925568158
0.8886765974092229
0.9149708826235656
0.8867332675492372
0.9330867607446718
0.5237362860481378
0.690900814025116
0.788945822079536
0.9913703015543249
0.8233944164842595
0.7270553592288866
0.9500888210556584
0.8887686055156176
0.9671406609600054
0.984637096345814
0.700408204141115
0.996942217198485
0.9155925827085154
0.5098428086019797
0.8810778347592247
0.4502014928483823
0.9595339425174187
0.19799156412180124
0.5594473301771029
0.8736979399090293
0.11522001663630738
0.4406148966768594
0.41625579610516716
0.8460017984351588
0.8133405792356827
0.7707517419087664
0.1730475797270117
0.6453230492949203
0.936514344948588
0.22054134045266457
0.9369668894718146
0.9253138183944686
0.817640322740916
0.9029557068591538
0.9414022717219648
0.45938127123782174
0.9655892522066978
0.8922030542078734
0.6549666361593611
0.986882468645749
0.9324093003469077
0.07406267692596796
0.6342956037017209
0.9296604912996831
0.8868237306821962
0.7872846756579337
0.5196047678228225
0.5852010060956817
0.700404815952216
0.9844653709617037
0.0432722607966774
0.9623044439898506
0.6589167110752432
0.2167175411730358
0.6921972801106973
0.7614037925633959
0.8677427127757563
0.9695682444345264
0.13057262450619228
0.08053747838000447
0.9120382295763759
0.9844707991328405
0.8669748980778814
0.7618762168249905
0.8787628811040995
0.7587526295128447
0.31499192824765343
0.809139535494876
0.9082695709717656
0.13605982601118127
0.883842330458604
0.7660891119266608
0.6385153907313673
0.7001505497770317
0.16326299127550647
0.8303852545950348
0.4594506237466023
0.16221097909201457
0.9605296281921138
0.8443213028100756
0.973872804312822
0.9146559812614449
0.952227055610938
0.912279218495626
0.16069348905603126
0.9359239598502667
0.6263459221010076
0.7875569929053908
0.8089506217648407
0.8395020275580944
0.3731813939301223
0.7404803002936133
0.9413785087753754
0.9845842441588416
0.17440419066753116
0.9934708141385296
0.997169072123512
0.12004970216469651
0.8518475248826654
0.31637175904778037
0.8493889388873794
0.9693070417053856
0.9990914686613259
0.9204306149772714
0.9219386327433796
0.20640815294403042
0.933159551079435
0.45092428185298
0.9634758079187203
0.9334103983293616
0.08740213532073643
0.9720496225862769
0.8395459773227786
0.9747667046444624
0.9155598420746416
0.8492813730585875
0.9674897973785181
0.5520797252447419
0.9176677927923704
0.95882499094534
0.4459928384413656
0.5277823450509895
0.7913952751772839
0.0729154175347571
0.13174601775086886
0.8754782767487239
0.9068895769461081
0.6648990867469392
0.07180633366876946
0.9963126456892031
0.6434809610500813
0.9334381426465579
0.9072781503143315
0.808667398712354
0.8360850357305449
0.9509195376903848
0.9417460793479024
0.4993981327644188
0.8747153316061467
0.7419502568118662
0.9899218094319405
0.9569693701920948
0.9759999929960332
0.8335977675720813
0.8301422043657414
0.8816533827725256
0.9645973033212103
0.9719099628288475
0.9323223868982422
0.7740178380209586
0.9281836606179775
0.558551853126172
0.6494551045124263
0.9473267649286592
0.08390332049824722
0.7633821651671082
0.9648518342020324
0.08211975103774449
0.19419623676881945
0.7062213450811692
0.8428952644866923
0.111111553272865
0.898784852351384
0.6776885086440616
0.15360422165838522
0.15294013008343924
0.8157687897739869
0.8418438740530796
0.8622892619429183
0.23811110616326636
0.9881017022772589
