0.5842805420484382
0.9856273059171539
0.8711523085807684
0.6913970095556284
0.7978241849360915
0.8133330292252834
0.712436035470154
0.20913185473674203
0.827759404361446
0.9603529354039485
0.9974606204800665
0.9544985887838622
0.9415633493414124
0.38625736229228513
0.9269896070097516
0.703864643550042
0.9600534469429374
0.8845732120052774
0.41542104006363245
0.9549930026752175
0.8902532410086084
0.7172240969077561
0.9185495177364608
0.9415149114740325
0.8373466609917674
0.9071686887822817
0.09801434557498219
0.19736500333076856
0.9187931074715376
0.7710582817297478
0.4616062050535022
0.5877476106321734
0.0692689186052016
0.9944463726799231
0.8227810325126466
0.7632129738478161
0.7656569216328324
0.7478351217333923
0.6934617989760943
0.6870488477968814
0.06149091673019717
0.884667247337606
0.04710735258393499
0.10905595153939623
0.8040349680517436
0.7405868222932914
0.98887729592711
0.9814243232528679
0.848014220409365
0.9677770247921498
0.23452103032186566
0.05415344616042311
0.2391285782520688
0.9770616826016725
0.0669284157344522
0.8294252880044043
0.906674653121117
0.7535569392415467
0.14598813807028638
0.9800733213517472
0.9637309626035202
0.8806982377399903
0.145190453964058
0.35431302126775743
0.7697597884221923
0.856657809439229
0.05224541315330952
0.08376856835075143
0.9557978891742203
0.8262921943894421
0.9510399485090566
0.9848792852994976
0.6199331840655686
0.3813459947304514
0.15061225514994395
0.6856818295614759
0.9784645522364616
0.18789660657710108
0.8026044807472547
0.7530615318344122
0.7342554362280238
0.09308020517441375
0.9420629146848776
0.7453332335518583
0.5983171315111099
0.7675575089189359
0.7862388328764531
0.07005084632729904
0.8506362244944348
0.9545340443869224
0.7651448258886883
0.8413930266510055
0.7994252224210324
0.7751265265897815
0.7130386136316254
0.9830758381431581
0.888542265874727
0.8922352339213528
0.8328744417418155
0.7847983323655233
0.6867996122913602
0.9964603662442266
0.7389537535591026
0.7669947242333546
0.9426105673445417
0.13250449233993133
0.9480121358235349
0.3559741655560656
0.0358297051400898
0.8798946156144264
0.912672377212003
0.8373306364362738
0.9608535067615314
0.7831434299543889
0.1286381741248787
0.7946731262244011
0.07820958400839256
0.9762185213645165
0.8450511641333611
0.9216082653490956
0.467287349108366
0.8958079948106681
0.18566221411675002
0.9525704123882985
0.8751901625549439
0.9263265483588192
0.1395518160692047
0.5361564152004681
0.12884265288639946
0.9986692424555809
0.2551840730786653
0.9135771369052794
0.845976562624974
0.07315599916257368
0.865706737751696
0.8840375239009222
0.9797957438150737
0.7688612224625874
0.6232807163067497
0.8627126549013481
0.18867538139401896
0.798863418289126
0.6568084791455941
0.9665795713627655
0.9756946217268461
0.7955344744195819
0.8430485396442159
0.7106736363517276
0.911592564667355
0.9622332304267016
0.8110076014046541
0.7596794470294538
0.9398032863430615
0.72772690606418
0.774458475593057
0.927172656571478
0.867594560926855
0.17215634580519007
0.9967453422332733
0.9379375901168584
0.08636055530005492
0.7863857026087031
0.7708909997892215
0.739279907915384
0.7533109168113816
0.8261936305951738
0.37859400275992805
0.8768369591022425
0.021099653755009013
0.08334265155702072
0.9330494963489429
0.9102864032601237
0.9952684551773274
0.7844991005864571
0.9750937780602921
0.6683300954124891
0.8441864886906949
0.9182559509529508
0.9448315970595604
0.9135340952280108
0.8445613772990993
0.05852216569825953
0.9087119026463765
0.9429581836435172
0.9336225541976263
0.09887176556418698
0.9759629502668199
0.9660523809829591
0.05826579237294481
0.904387684164828
0.9469422886393106
0.7117520538945189
0.9972848524586388
0.23242381288969807
0.9769998129366251
0.9687080401074682
0.8793701610169125
0.8692997277989257
0.9959765789649497
0.6539550163617831
0.856618169877422
0.7313214007432911
0.7024727354715676
0.14480647533868785
0.7190649087112149
0.9940986802369738
0.8621736481830331
0.6903234965460309
0.5905435461521202
0.13725913169005122
0.8683252249835895
0.9608139824746322
0.09101941645098546
0.8650366466743611
0.9684296546138929
0.9809813372651337
0.822247868012056
0.8219394180112469
0.5980870519727798
0.883669534049511
0.5289224566667402
0.9903212931780523
0.6435255365895962
0.7968057803678872
0.6527475846575177
0.8625528529505072
0.9869132157337284
0.9736187269264756
0.9919844148614206
0.7540206132345332
0.8415695428465058
0.9113005833039607
0.8195983746102805
0.6955874728695821
0.07958280172727174
0.9035100194022567
0.2914809075463907
0.7721437615643969
0.9196572133276089
0.30378797255504336
0.30416381371760354
0.35355302416637024
0.9583376268236996
0.23802752116645307
0.8130318555008343
0.13996106643518483
0.1578515572825633
0.01727757785912587
0.5469004879561957
0.6053796427986761
0.14908414431753103
0.7981840649261548
0.7636466475761675
0.9549319380589847
0.5809410510345774
0.8015258245421251
0.9772110775366426
0.09892995027802329
0.8434543163900912
0.8263243902830988
0.8004294998221562
0.9775989211387331
0.6943142308455715
0.8654961089431292
0.8450916805102333
0.8979662237525718
0.971606209203438
0.9985330099585332
0.5273440489255401
0.23367705708212266
0.21644577643134447
0.6722951749344519
0.7101875948054641
0.863405069997525
0.9046173676389853
0.745311829089963
0.7356499100040723
0.31149231764096624
0.9324877792997422
0.7497212067518939
0.39240073279832766
0.8240531079752351
0.08432481857970847
0.09143413997037822
0.16236210364318293
0.761811921148242
0.8378809046462836
0.14669493346026957
0.9867070148048854
0.9031674919625297
0.9390397396832323
0.32953789854846427
0.980675768612756
0.5228006164203388
0.9776772066307845
0.8906266492791439
0.7832544103206864
0.1664959006848142
0.8466327115600013
0.4746721139716233
0.8781459221417395
0.9008975693414443
0.6238474133081243
0.3528087529480848
0.905913140330978
0.04854557028991261
0.8511516882014905
0.985983772056843
0.7682012931731392
0.8492691801292125
0.945768727961849
0.8050294468009058
0.9551720280904286
0.08750647893890304
0.1332059360182564
0.8730504572024476
0.9816003355743411
0.03810616893064098
0.030852857424629974
0.9219034378082908
0.9500550127025504
0.845727934157199
0.6345794381511661
0.7894034548818245
0.6722699420769718
0.7979340308893128
0.9574334105671944
0.910199016619401
0.758123329653779
0.6849236831478901
0.6632905465499324
0.08170793210254526
0.7295461491608566
0.23604924044780948
0.8823288621812735
0.9553806781164011
0.9305803842221003
0.778146561305073
0.6455901591676483
0.9756091066583474
0.8737122812008313
0.05623469494467433
0.7987553563088687
0.7955247469237006
0.18916154984868344
0.8276460718687577
0.9879421836031594
0.8428539710957652
0.5381895553682734
0.9415584507959764
0.9150957409496046
0.061268481095868445
0.8604727223982847
0.43630816928903726
0.702700450015848
0.10249526084564228
0.8085214594557484
0.6488279286354063
0.8118841109078434
0.730502742884835
0.9806235151360062
0.8941584633827984
0.9782699149886147
0.866453683017987
0.9852134887118444
0.9813048460498516
0.9971898756750482
0.9562357723732893
0.8872720116911244
0.4567769561497275
0.9642608953566425
0.9467253372542037
0.8960807709644709
0.07515747382118496
0.9153748042425134
0.581422011048328
0.6706958472510944
0.9070743168757476
0.8515246525655041
0.052304536237437874
0.778672805801167
0.1334433190520817
0.09638499541713666
0.8757453707642608
0.2242348772019751
0.8705703361970765
0.8963222641864164
0.902145787188495
0.9482627398253318
0.9837110648019698
0.44235127634537974
0.9034025433162141
0.9869424064677588
0.9338378605182416
0.9702303714042002
0.9003489104028614
0.9069880633564157
0.8649873407170762
0.7246187184129443
0.10820560021366402
0.4579059621040163
0.9905969679800224
0.8980230688881057
0.915131508793878
0.8130719809530248
0.9499134775836837
0.27408722433124855
0.5762708384046772
0.9462692385931395
0.4933801069911054
0.7711838148142857
0.5727689442414217
0.2668454994655697
0.9454443733826152
0.82886289889169
0.9706422473465777
0.8458782995759166
0.03310506115753624
0.9081127494016705
0.03319393782812639
0.7734836094622368
0.9217207373057706
0.8103831081523154
0.09960256049175358
0.989713065527044
0.9239127171881167
0.7294188563489968
0.9736183202136942
0.1513664863625295
0.9949350399325354
0.8374036738026064
0.7585684969972584
0.9721452122779141
0.8465812449854142
0.8572535154925038
0.9015342339056942
0.3910071529614413
0.999185801203942
0.19179978517234403
0.9135484674311299
0.7223391014809629
0.08090235898513842
0.9840696617298978
0.9058178466097484
0.8825822466494216
0.8251823487137475
0.8519191465236247
0.7911297202424163
0.20523799530525905
0.888270029493737
0.8432752645467281
0.6007357324894549
0.9346441702873567
0.7906479774253009
0.06144685566095638
0.9901315704130917
0.9188557092800926
0.1336211648019552
0.6502899290629776
0.8980303965234149
0.7644389024809786
0.7747262235692963
0.8094309047488273
0.893946815469464
0.6336028008291713
0.9042417420316113
0.22794505675191565
0.1771323951020925
0.6957875082910635
0.7682287406931234
0.9884978352795514
0.6737635440447046
0.907930172012045
0.9667904731842948
0.25314418974554137
0.8627788914648615
0.8833466042306033
0.7276499509357215
0.753258409434091
0.818422183751234
0.9615850380487885
0.8067804197243689
0.7226097892903324
0.9716036484126533
0.07939436283375731
0.9607559078532697
0.10240475436230131
0.8477910256234675
0.874510080759271
0.1672813271244611
0.27100986516732345
0.9809504095033418
0.9497008277858607
0.8625266219253875
0.6237266558069159
0.9223577224421009
0.9520716829786567
0.9619267672023195
0.7982486007763017
0.7982014303562592
0.9259250071319782
0.8087963803095602
0.8468332927343242
0.9058946893063653
0.8597043855101095
0.10549516651530938
0.9436774027536223
0.9968720481499846
0.8431649446645314
0.9671987711944229
0.8346786546075765
0.6333800505925764
0.9627505280204167
0.7556063605709583
0.8904299256196488
0.4665800050190253
0.7997867342087338
0.8650002696832354
0.5729426280961254
0.9894580485353115
0.9261974386606073
0.8752284571488265
0.9647875649289293
0.5757346444118141
0.12451140419002385
0.9230583914670789
0.17590941849133182
0.8388417915846613
0.8573861200770169
0.26381032111145053
0.9875983855986978
0.9681345187160589
0.8148762253410284
0.7243770833693879
0.2295915639784569
0.6211880459221326
0.9776785519296871
0.85021073802346
0.31763719217297565
0.9778607315630767
0.9119602053086171
0.9316552470446797
0.9177638864089882
0.7498048913658923
0.23922905770958136
0.7151713360110346
0.9149666140197874
0.7468154059584909
0.31262223020159313
0.9621859225339936
0.8951253384798747
0.9846418136746968
0.9627878556536975
0.8347730001611348
0.7460506931549753
0.5482200321261514
0.8693762282791151
0.978688466394364
0.15976697050269714
0.6416931781355275
0.8493263382317888
0.7317915270566822
0.8246357767413659
0.16168007960031094
0.8497610272892948
0.8195541298104442
0.3176102219730458
0.9383063541996749
0.20466265742295825
0.7747097224798207
0.18871388418909427
0.24518596543405247
0.9757118099985842
0.19673359805121
0.7048114553727551
0.9658083021918272
0.8024756232638941
0.7733470747613342
0.9869552834250013
0.7437393409304831
0.8728696532770077
0.8915525113931744
0.1933312970785904
0.09488526025179175
0.1313575070099914
0.8849796954842083
0.06618831784307813
0.9254429729249475
0.941315305218265
0.17083704442549835
0.8362903352360249
0.05029229789444138
0.9971822591875572
0.9221814414285165
0.18809128912059975
0.9274190072894476
0.9398808085115916
0.7560293798843183
0.7696414953320447
0.9091739386424571
0.7083475341751964
0.9621331581122754
0.8364956359407714
0.8692181026278473
0.04397439431415695
0.8516466006589811
0.6618482045703432
0.8858328775701045
0.7650378238303256
0.9497153477291921
0.9618246299169539
0.8724181349247415
0.931604807737384
0.900034097156492
0.8721328050565016
0.5567197536168949
0.9671824212569573
0.9569783686438614
0.9730071585374199
0.7795825987372609
0.9663587978287586
0.9186201319492941
0.8883822267740419
0.9453678940307655
0.865996888826142
0.876026603076181
0.9902795157508189
0.9374179516801158
0.9574862431498734
0.100935068306036
0.052568570241919216
0.7076025185448153
0.9747874193988223
0.8853380776208105
0.7241991610546141
0.8899779928122975
0.8662154986829719
0.8630786384328388
0.5852386630418148
0.8216091952780115
0.9802109069691604
0.6475694565477572
0.15790753677809066
0.9603373995440403
0.9408583948793692
0.9734225007986643
0.138619772521824
0.33187716882173124
0.7787589530988759
0.9770192319315634
0.8306131996872778
0.6109303334764546
0.16307581958088807
0.9315390688583538
0.5702317997999264
0.8874222000798944
0.9504830119801071
0.941589816746273
0.9508827817009307
0.9201278255889096
0.6989811465516154
0.9061056428632562
0.944514811830701
0.8539896960838699
0.10247950163384177
0.11939578041086654
0.05431338230320212
0.2061994664568259
0.2359362478851615
0.9475433053771842
0.9255116903610655
0.6554076584052921
0.8868584186750695
0.991386888840912
0.8426537038855981
0.9036174708070273
0.5214256388303157
0.9524843131363245
0.10860501769976436
0.9672133153509175
0.7495355950760871
0.7235537745416638
0.7156876367222934
0.7605198068469451
0.958141565290143
0.07413428878819106
0.14052619714074496
0.9109220868676002
0.11771539447823248
0.815711073531322
0.7721509772543191
0.7474646924664107
0.11250294957337377
0.7554008229908341
0.9777398553840664
0.9865921394685742
0.7804502296612463
0.9735248268909072
0.9963603211230743
0.5623009453869866
0.7146945779143691
0.7712722168308644
0.8603917209206169
0.09845618434328508
0.9764248537569911
0.7591396962948145
0.24281841318730485
0.7607370707331504
0.0888017501017906
0.6683820299377221
0.9670481594319369
0.8788087237865367
0.29358059244803814
0.5629718236070971
0.6579386744540958
0.8885049120805807
0.8166669653267677
0.4406984864317508
0.36003831619561777
0.8785757878412518
0.7969149550068215
0.9354993752687373
0.629137953601786
0.8562025169011881
0.8750172627369106
0.41119968655823497
0.9921783022981518
0.9623281300015918
0.10854928636342087
0.21848534077966372
0.5452585720054722
0.05760183617401278
0.047756194484057976
0.8967725273888285
0.09596846201498684
0.9356982365251768
0.9948064762099481
0.8973631363645321
0.9945701047262967
0.9705942417189133
0.9809281702874199
0.1798297069387813
0.9602042522981994
0.8551117130878514
0.7921610189915949
0.9489959353491462
0.9865648188118235
0.24806112832400534
0.17252191259528482
0.5975548322851483
0.9794939715107451
0.7605280069515574
0.9457747841873876
0.7273251788538067
0.43104184565721854
0.6383372850501599
0.9895982380287637
0.9135024288642226
0.7016036795692165
0.9197811796641666
0.4505761229492357
0.8918114356563562
0.14269714612678333
0.9697886852654762
0.10298261869423678
0.6620270391668721
0.09822669137982586
0.7188578168922496
0.08339021153236634
0.7518498288290643
0.08808564309608438
0.9919839257193988
0.9140624100488506
0.27443043344189166
0.9828808537413949
0.7580645698771842
0.7214251289112155
0.9329608945231749
0.8535949126544857
0.8025601585784587
0.06365846116096838
0.5822641201703852
0.05799298944033464
0.7704693335729014
0.9200916072713625
0.11009400168608531
0.9201901527474896
0.16396627293147092
0.8421691064137866
0.14665448308151546
0.9787622461313977
0.909585280073627
0.20662084923267446
0.564540804748718
0.8088024609059108
0.6125297904308951
0.9611358269542365
0.9829236378618742
0.6044391226262702
0.994496026365713
0.7097934711986664
0.8744225904756211
0.9817586884441507
0.8837765658028136
0.8188021203546354
0.7588495501024237
0.9027341692754522
0.20531973965763636
0.9991801044741795
0.9140094650602084
0.7215581890379381
0.9785361381957072
0.8259176911222839
0.9833905445303961
0.965970474006361
0.9195945729440492
0.9384853867274419
0.6872327972786528
0.7891651441901953
0.12093620836894253
0.4823976031602958
0.7435046387896455
0.7194854566583897
0.0711497937605435
0.931313928635322
0.8040809892478612
0.15738969618574075
0.5354849875168104
0.9974668573477654
0.9735894993055918
0.1919786955458696
0.6358875526889014
0.14492042922492065
0.8857376317640586
0.9300587651797699
0.9997823449016842
0.9977660799419972
0.9779197697076021
0.7602735615688853
0.06014860133743385
0.641774151994267
0.09546497636749925
0.781716101099616
0.8522241319108896
0.9684829085175231
0.7730711902197835
0.9279670205528752
0.22269939288882087
0.16869685782711985
0.9057821755971928
0.14317622273696884
0.7718855969909735
0.7140856019521251
0.12882684518066684
0.9242447032548273
0.7216713441806399
0.12950902063203346
0.8286203022393233
0.09449504112556278
0.9847765024803294
0.865659820273059
0.920397415798972
0.11072270621957642
0.7528587406223786
0.846201904815099
0.9471704104793357
0.05439473072065698
0.8194352831947369
0.9124579964483062
0.8015945024862314
0.9776306257267213
0.2340117280126138
0.2930798298441688
0.5669909932322252
0.8172435506838156
0.901189355651256
0.717427573426422
0.9624015737199063
0.7038059325064203
0.8490414307679982
0.7440196055837482
0.09341656567226411
0.8681018560683331
0.8702811611453645
0.9878568078855579
0.9733298168261986
0.876047792755129
0.8447844042067363
0.8947800651188654
0.054422056650523305
0.757206606104099
0.8147336488776262
0.8598842087961838
0.09400615690949084
0.7245318176596892
0.5583755284813234
0.9120004662449945
0.9882281547139629
0.7331295364206487
0.9475008711299424
0.27394989839741535
0.034970825784555376
0.982000180867008
0.9746735228166981
0.8836845082103764
0.9032220540781111
0.7141281935217108
0.9599279032326304
0.8944591625991649
0.15510925117907515
0.9802669439135921
0.7618581741920022
0.9673740734975029
0.5579317034837792
0.3483271868366298
0.9704899036958332
0.9464749734331261
0.0997378303705305
0.8356635612834862
0.9342196933068894
0.6863317195713092
0.8946734888963281
0.8806057516125892
0.6938351565002147
0.2789605806584737
0.8157272126640562
0.9083513801794516
0.1609914966457116
0.8818490819152023
0.9771367837557922
0.962788573703448
0.8358562469048075
0.770481746229106
0.7476352348658848
0.9976086974534158
0.8861689979111105
0.8078596707493404
0.8223726918558649
0.08451712902234039
0.03602783874982457
0.663208258991981
0.9179162767625144
0.9124468844971183
0.8358531210259608
0.03992255747635624
0.8118985557498404
0.5757294821722507
0.9727569856669496
0.9957688458287854
0.32144985031555606
0.04060818703284915
0.9696530801468578
0.2787634632445968
0.472340886831528
0.1877817108809854
0.07111708156638949
0.9274019822010843
0.9596282727471932
0.06978130106869845
0.9506829547088953
0.4533639463114278
0.9073511330583319
0.05558712215723689
0.9870107758786957
0.7417572674869801
0.9120277840376262
0.789291744674012
0.8877273411273882
0.9391728342599791
0.9769723209446097
0.9765334605903022
0.737924151186084
0.8968316806236682
0.5170373098009693
0.9326313372623034
0.9992669771375982
0.9089143522885197
0.663479887203864
0.7522022764375651
0.7407333770040463
0.08480056297064224
0.9137027591540327
0.5683873665995913
0.9783652271268577
0.6742774922774042
0.2467983113864854
0.09414066487195227
0.11893830594083987
0.11384810394018934
0.7174150927964209
0.930069978404373
0.8373788018530058
0.700420948809316
0.9005624291530445
0.946248460158174
0.9762168474411026
0.7401338211146877
0.8374654033146323
0.059906169458052994
0.9832862652765428
