0.016423400785713638
0.03367545880641853
0.5776566782044162
0.10671980622573196
0.46487186580115003
0.6199465462012116
0.8786272647218645
0.008696690248189405
0.15398550170943637
0.6751992375257333
0.02290729939291783
0.4360367963341123
0.002232291438857777
0.2617838990180652
0.6434610235332456
0.5758949149680995
0.2643242066075168
0.11117458605061004
0.030590171712006627
0.0038662035994556283
0.02587373966092351
0.1628922814417046
0.006480889112413823
0.1710669431358759
0.2126554650636157
0.3188377385399177
0.15565796768615078
0.7595174503531482
0.42857435004729294
0.5112077853593009
0.0239986307994202
0.16986505157019402
0.36747904789111385
0.9995022006339711
0.020813353369291944
0.1975754002390009
0.014434246283550764
0.005605874383329825
0.039270298972189435
0.4316207258858401
0.07330272558925591
0.6280404359593895
0.03622196620869928
0.6689148738038377
0.5355800625215272
0.9490023690430147
0.5876141066191543
0.005504897236790851
0.18546410934414348
0.02572339974381124
0.6909553527127208
0.054803980637220626
0.9034609749629923
0.8955953679430777
0.5158505534718473
0.9602523972307613
0.03553089431252095
0.1921640004447991
0.5827385912875709
0.04570449701759926
0.8943020375815645
0.34342911218825367
0.28062931255068746
0.728954551928409
0.3237489062399119
0.7043028973481031
0.01438944528546668
0.016595817671109236
0.061865089019934864
0.7304963159330121
0.268107041916243
0.33104065740473154
0.02028292072526677
0.25995422761031123
0.8711480107698877
0.82884153659867
0.4837111901190173
0.16681048264038012
0.5855376519622639
0.46404889446462744
0.46900157901702944
0.25367248873218223
0.13875492694005234
0.8220521696418919
0.35065933590267706
0.005541179523219627
0.6288073380691411
0.020038176678512813
0.9248107292891816
0.0776743248178361
0.13533538244674068
0.4657725331413274
0.2849101425832463
0.040129119931490945
0.13136581983048243
0.41714101768527634
0.022962116089965533
0.0029967274981911292
0.04293735143001678
0.04119686494038647
0.05661005426646631
0.10273140835758854
0.6403448391234758
0.7593884312180735
0.841007838041822
0.5523508462401262
0.1905100576505657
0.11285814462172727
0.760865955735132
0.8295112281789665
0.12123395266925745
0.28575477678727124
0.5219531605468443
0.22150695725782887
0.6024878432248082
0.5319803836293373
0.172006143051283
0.4692236867204094
0.2407857448454345
0.022169053074876634
0.11001585639729938
0.2671006727398945
0.30424670303948537
0.5060931126211541
0.158004119630949
0.2724327785115095
0.3195682774002371
0.30324167867800744
0.029134033430736315
0.5471729164424464
0.00789156058133247
0.19690341244141943
0.2712777061579396
0.6423477848915233
0.5035045109853569
0.6696377691443289
0.5372010112461447
0.21014841980529203
0.38322771259666405
0.026403462917755922
0.432182446481976
0.5255345718604818
0.8978486052861846
0.18625315664500805
0.795751180789296
0.7446801618260758
0.3833269711610616
0.6946499358698078
0.10352689104751613
0.015629074361091864
0.021200874179650896
0.009408812475590809
0.06376070627706047
0.49177399991044357
0.1850253785292942
0.7942585172966
0.8212666268882287
0.9265046321189092
0.48643570764560545
0.17140558997219435
0.974580757451742
0.963017855028916
0.525160820898007
0.83753892639786
0.5704208009811413
0.5305211738096158
0.031143538371676858
0.766227063345699
0.3224966525165567
0.12782794564372293
0.005220598930660406
0.00652501687297644
0.0666144086931992
0.5976633916595933
0.138564166852411
0.15526805967193263
0.022254574730264785
0.7679742689897296
0.9102867716289476
0.26618979618761385
0.4818982584392436
0.029152823359895094
0.2265837147596199
0.26733203812908357
0.8747874003166565
0.9248176773770653
0.6310712923164736
0.888573987057877
0.8249590070271569
0.5178644631424854
0.011233220475853505
0.690033333937371
0.5105555558905434
0.4402145476456067
0.3944225272398219
0.6683703981083347
0.6456344373998195
0.8772401439818543
0.008040696421796046
0.7360517768466786
0.8807274792479134
0.46818171878228176
0.8635173974473936
0.012482649427633767
0.01693346120450592
0.41070073409762214
0.809585131737302
0.24081715436523793
0.6516867684179382
0.15066790614811856
0.6063774202003209
0.0778085929725256
0.34434338022108524
0.9416841397876174
0.6483596355594499
0.9989866941312642
0.33399492099168315
0.7295199524303
0.9578648365619996
0.1655852311901964
0.8452790400069264
0.2600204850763538
0.8352284839123582
0.006823808910909893
0.021393153535122007
0.6153603639298952
0.6343254546286691
0.5129076153118628
0.3048776468136395
0.6188170003065036
0.025830072512792998
0.9115178836326376
0.7119064344790091
0.6365314571615963
0.4280721416457625
0.9418309094264066
0.21845620166176177
0.5403065920518315
0.7431424660807533
0.5371984661284719
0.6035839432865653
0.007112429696956675
0.5858600398638949
0.01796053515109213
0.33610495613635405
0.00379620512953758
0.42529603241053626
0.22163456182947475
0.4207316858922097
0.03997357997855168
0.34666247296828057
0.15440539731422148
0.6367006060523224
0.9494962884868741
0.4993823721059993
0.678564749191426
0.5357859636248713
0.6790628072496256
0.1549801025646919
0.6539259072067559
0.27309507184941245
0.31828145719018597
0.3737913026109843
0.6465844514872123
0.3650314490165527
0.2793051621112921
0.11292682589973113
0.7593439809587111
0.12416431836441995
0.09005378043702428
0.32518698637608134
0.3217525165837609
0.004608447788626832
0.47888910472544527
0.6901319342746891
0.4577657448111209
0.7456262734963218
0.6420727934602242
0.0353008112498786
0.8819656222303682
0.8950913667983516
0.21107948990618108
0.01876562667579345
0.20779238082286888
0.9942353528115688
0.4139136960673391
0.4512798534839919
0.1945852016687329
0.842621855607889
0.7672005931298369
0.30476151283240627
0.008227701223852479
0.3648995637852236
0.3521806740776158
0.017892102402479404
0.7344479585363317
0.2373277494164861
0.8920482359274888
0.15220323372837463
0.014015063213627877
0.02841639745416543
0.6641585689380491
0.8868365455183123
0.3979161531849316
0.03308659636056448
0.29437326179519524
0.7889370031258527
0.35162137756908995
0.023380880221940285
0.011158524512316942
0.060512129621258834
0.1769510501123652
0.767984703083884
0.8595498754483055
0.2775416195650092
0.21879766601077444
0.2874977726889479
0.10935966801681087
0.6241140486668926
0.2532229040409839
0.017886089785717797
0.11668798399339275
0.8483028883191672
0.701822490251601
0.13124936265240045
0.39484907782856526
0.0039056952678672807
0.4866460077438188
0.04917028001589578
0.19089989051299108
0.7996362903761004
0.011920319599772803
0.45452007087344753
0.6578404488490484
0.5191812045068858
0.2257690227202357
0.5091456597152207
0.058633618470140245
0.01976617860598503
0.32955753190675213
0.25175751087538845
0.47470887699698505
0.2952635102307582
0.09661260587123009
0.9623414679179803
0.6145588855059352
0.4939559046296561
0.780890672604063
0.018128156639368613
0.9303925868452606
0.2849443735786994
0.011820536871046672
0.7220153191061489
0.021359283162687075
0.02208510053421714
0.010593761007609323
0.6059517001275052
0.5897549565555978
0.007857936153597207
0.37502055329528106
0.16568618155811254
0.050337123769380876
0.9103569030558126
0.6602840370727852
0.375331078840613
0.39110608973851374
0.722281809016776
0.7125319202417884
0.7255841639021284
0.23460863508240098
0.7192997444655905
0.02224738202763698
0.3354405649791568
0.6441262432171436
0.906351819320021
0.6655301253772695
0.3594520046407773
0.14872034410274587
0.4753384350840395
0.22212629270827922
0.0408051545435211
0.44861265330608385
0.7957776668161011
0.008000589670563924
0.03841107267695407
0.31244380495836255
0.3263247068260558
0.8890631851418154
0.11774952400977216
0.2973230831873389
0.822195301932104
0.9783717450279976
0.7492526803681929
0.9587760880995269
0.001673656082557543
0.5358477814374422
0.3380383234453017
0.41831554798056075
0.3150185194401516
0.02887783993687291
0.8567145898290527
0.1879567578396133
0.8161258579908228
0.3788814680607895
0.3758472132104983
0.26121785341230513
0.6024965152864752
0.017421252396416963
0.6888182360780578
0.5139716258717005
0.1522319609790902
0.5943718285991539
0.6013770176653767
0.7044591556072232
0.06878029988650775
0.8585099544422381
0.018688099675694195
0.2972979080490702
0.02572937195207462
0.3226304680950956
0.125133373736658
0.49761188541822954
0.007176512767159301
0.2783499417135381
0.04732969244611586
0.9926372919676301
0.3470976370349808
0.8047790303037061
0.8796426795558328
0.02882735716769018
0.6233374891094863
0.4227064970512009
0.017459766211343333
0.7081826846759325
0.7074392527829392
0.02410538991360614
0.05872967512995404
0.8502165500015012
0.37441920100945936
0.6362860268168185
0.14531003642760648
0.01674314851286445
0.5608522736598178
0.522426573985937
0.9753357908144888
0.08452564268511162
0.7016184007259936
0.965652516778849
0.17703657702912126
0.6508014551525056
0.5535852623593254
0.008042514196743266
0.004630098830711299
0.8494245652299429
0.6682738788015602
0.6732726736598698
0.3473652836193873
0.5527484650404468
0.47691397913414113
0.2521860149118949
0.05243488607429056
0.6237586216600908
0.8646041552409075
0.03401424197727741
0.5848985652663481
0.5714854456291405
0.014336553620619946
0.4352173346461825
0.6305567190196898
0.10975757759706656
0.5443645964338387
0.3291062445644538
0.7068606317186584
0.43090119432968566
0.00841886152709419
0.07334625792968903
0.717406148814864
0.1758273876729433
0.5976551733253873
0.599386227884508
0.6612630721128923
0.99109565746722
0.8357789120784835
0.5690841165130642
0.013520929584893529
0.32902366528787663
0.9178282977149115
0.036452224067095085
0.1948696870768729
0.44591975873375655
0.6061723980006428
0.0012474116308458872
0.1489884600792855
0.24851969492733642
0.5916628724484245
0.7442958818511887
0.9939627271012308
0.010876206527228016
0.7078726801619079
0.008460014354495051
0.03745340381148524
0.12116401169565152
0.1893251713150021
0.07580920227890747
0.09514582811067317
0.06393447553345628
0.137543497547864
0.6237337670887226
0.00810398293086299
0.967498734746306
0.8405026882753598
0.2186352941060128
0.21882683067999348
0.056433212534885084
0.0035806423482499586
0.6611645693957655
0.10901516071317205
0.7166954689784616
0.12852806007416284
0.027612313535408266
0.10697549293081576
0.6952073985218185
0.6710037454850206
0.08421462601683859
0.3721406314218063
0.6110337325389321
0.7727012753315841
0.4747804690506183
0.02049859225261363
0.32741816468561713
0.5527829383475231
0.42726062048385843
0.4821374686185341
0.9186105034901928
0.6317428187204018
0.011363303218385589
0.6451469589171923
0.6370589077041762
0.660753628677872
0.012033076134598183
0.3744979446351537
0.042544308375558934
0.656186357679319
0.9826985585613626
0.31429181262324274
0.09816444988222955
0.7125321917891381
0.32330606140134244
0.04342182889997666
0.6678245421904897
0.7097576665576489
0.008732989033643213
0.27605770846818145
0.20544005665874354
0.006977193846387132
0.7836442319531471
0.5292591271522235
0.8645319715297599
0.015360325769752886
0.9086891901430671
0.6412858819452159
0.8137864667587458
0.3118402316658966
0.7687119404006688
0.4387121055490338
0.016992422024123374
0.5807679575148785
0.23557961229871804
0.2858198116882409
0.005230854087084043
0.7721784511883694
0.9947191793479415
0.577272661554328
0.011657898297620116
0.03877371393858051
0.08277054452003221
0.21737844557536326
0.9544050189709115
0.7498131943512615
0.4229158531359811
0.2790429907410255
0.5363086593457326
0.5755443747404805
0.8843230041152037
0.025873426574373817
0.0826235368522714
0.2673900258070464
0.6251320972147194
0.47459349117990546
0.46205145684278925
0.6183683511963978
0.017451334466083553
0.009476406069953482
0.00423702656488931
0.2184614062226663
0.009024535083786065
0.01784540268988739
0.01996965073058479
0.06436581422244236
0.18187249440204536
0.01635371507194215
0.23184267639448358
0.12214352594943123
0.21316062746357242
0.95769382377619
0.2111147825310034
0.008013146080932362
0.42942135639255485
0.6435554793071973
0.009479804302315523
0.054490410463059025
0.25463083912397355
0.15526062389250675
0.23037317124819215
0.07021331957751717
0.4753399261534853
0.012518907528856836
0.02324865472038033
0.19727223865448595
0.5963863254952456
0.1639253916243908
0.6740569874679616
0.12158556016616015
0.14480120071022745
0.7597918230694348
0.8176881152118569
0.4740113723185321
0.349566457064988
0.5558750151113083
0.46353031774873454
0.6356892853440529
0.08636824645358818
0.1942968194826048
0.7086957570181239
0.019223699656737595
0.23252406116614516
0.28056394903555665
0.4122915993455491
0.09746574071663225
0.08913863400517397
0.4968329658626562
0.010172811452654001
0.0053073278676924966
0.02100570659804079
0.5998730406596933
0.6653951378750762
0.7907299539134759
0.7788836797337536
0.6752963005847792
0.8570457012811907
0.6642358556183765
0.012620301432651356
0.3253952346863112
0.6121962239746568
0.41278697405122045
0.4995124376652368
0.3752561789726978
0.4636669828708414
0.19452916810875814
0.8137759589134627
0.6666058964603289
0.3406135849930966
0.17133018520307391
0.1172714995358207
0.5895818654661044
0.8173117384811108
0.23481613752664732
0.6538851378492126
0.3430035401435659
0.606836079395358
0.7624431088935257
0.18386939360470855
0.5695564432030109
0.44627629228116517
0.28383907159982913
0.014415829969670585
0.5260516873877075
0.5952699842068065
0.04905819102606529
0.013122989743660524
0.1388733762480796
0.5004091470228207
0.5350931925775958
0.004732770752648063
0.5973845746186861
0.07055109083983664
0.012116547427173725
0.932825142980819
0.5036666129715753
0.37224764861509363
0.5134997599918315
0.3367315195900571
0.4823444635434684
0.572792479355757
0.017733188867840952
0.02834145745390423
0.49121335871593474
0.6033574956564111
0.7354684233249464
0.6837362709646699
0.7181159203151455
0.662764390454516
0.41966366136593203
0.9761264669678369
0.0165850180781397
0.9903641812327815
0.5365826212936793
0.0888994663004528
0.6118810156039944
0.6395190562449526
0.03305532811369442
0.8761779248609189
0.16123356605162228
0.002593972240166523
0.5140945213329478
0.43442627577027654
0.7410096344773149
0.7320644625360759
0.05963060979351477
0.5732343851509729
0.9609765360005362
0.007577626933988155
0.6783709539094636
0.16824011450155357
0.4287670168664837
0.28524270087182946
0.2481082000645417
0.004554454937653692
0.5430562198297575
0.6322521563301009
0.6801670882546007
0.30795568473588325
0.7600816295513193
0.6486876824332937
0.4089978564825295
0.11670156492510608
0.12488713003387356
0.013663061599009513
0.23514712533293047
0.7809430641375424
0.6694454512907655
0.5846586032754866
0.23880252871701318
0.009510263608747897
0.03891492497813459
0.31851890904043534
0.4392997927654465
0.6915576388776556
0.4699991198535585
0.3094468345949253
0.05833230131691573
0.8264546828371854
0.7352165301144478
0.09375985692688037
0.9399349064060233
0.2527444662994307
0.022767866836900717
0.01280149320240547
0.22456485090602724
0.7025863271948107
0.060197234444708037
0.11202892801609449
0.024277103924998378
0.7151784707236479
0.6007826263879372
0.6129444582318172
0.7294523574794045
0.4382310573262295
0.1353410361759685
0.0009259840240090518
0.5888021523108365
0.15410974094348523
0.7595210400238713
0.019722001375145303
0.021269987008893168
0.9143870423236933
0.47113050705254594
0.5054350276155481
0.5563971081254382
0.4260949383299112
0.007313517184215051
0.518725595261788
0.029723518158513658
0.534180692096463
0.9372566276407108
0.08186857053798398
0.9756550550750046
0.5848476571055634
0.3315346528905699
0.46669936301852555
0.532889633040287
0.5328605103718206
0.25796233707222804
0.13461801799855747
0.11456397019911527
0.045752334385292
0.6785164892727465
0.4945772638033995
0.016085575379486287
0.5662034607819686
0.7861460147022314
0.7473591864642082
0.6573520008148334
0.1091075693533456
0.9773745548119573
0.15255420551733112
0.011934347728567527
0.5960430145796263
0.8896916106884318
0.4157441791153219
0.1540786874870335
0.19195083297937143
0.028438036001850804
0.002041618251732595
0.7720675077155175
0.6948827757968998
0.3568495571748613
0.2515878887304527
0.829371719792068
0.5688883953826177
0.23821177971516735
0.1628271419807543
0.38939662825989874
0.4941844271247482
0.21670698025834556
0.33013506289630135
0.0389997909264884
0.9506378893348656
0.5266518335133517
0.7056603375450363
0.575731691105467
0.4049152369496021
0.80100759558106
0.036385105360658296
0.3735773879158883
0.04640415016842224
0.058263512491189
0.010637831547635264
0.6851366352482422
0.6295249467266011
0.8549554653312584
0.48744189135642835
0.29438997915446136
0.37103851319989894
0.6001468612465647
0.009564223391876403
0.009833778197187205
0.22651833168508878
0.9727907807623335
0.4968589212967759
0.9348478998019414
0.013622310215281107
0.016922817288214875
0.49790117076814105
0.9681079765289402
0.146798327003693
0.013454795063359625
0.22561142453262328
0.11625652549610438
0.5877209974644249
0.6111370365079501
0.417876209439924
0.2881946174030272
0.01862272706251837
0.10735251745057181
0.8552667644452294
0.01596496174789117
0.41274575592570517
0.08654023426992663
0.7817939831952045
0.012831957523548737
0.8409681160469875
0.49133461831216335
0.3571813634826616
0.48022763679578123
0.3857910440512736
0.015000092864064339
0.30423046074718074
0.5669635978587348
0.10030264465200606
0.35099674633875066
0.6915471269860834
0.5238530297607642
0.776597517975054
0.02364822081746226
0.12180699084841076
0.6909768913292083
0.0023500195561271513
0.10768938624557903
0.7729000613059942
0.7157927655276173
0.1610134707051343
0.004139335697327693
0.0068524589925984605
0.039593999454647574
0.5438912016294448
0.05894158957558104
0.6403049890328512
0.004269940619507088
0.03985436196991503
0.014218088108343841
0.01059170919623248
0.17344509055078733
0.5370969553570367
0.027206588748422897
0.5109634203257605
0.0018884819336955497
0.16118496023563733
0.44382555307316046
0.0914722381971552
0.7229216097310129
0.023962781269759082
0.06481539954431066
0.9236002659550238
0.01017287690935866
0.6766024916785665
0.6315979399640012
0.725883189896422
0.638764193719308
0.014349087650008014
0.6488535801135614
0.00978298509195591
0.08990022601158554
0.6484535232683658
0.027742912487212903
0.7721044003294997
0.33605258028343726
0.05263771795702685
0.5070398978703837
0.8166133249377929
0.23439757713272322
0.2770695710757838
0.6305671174412073
0.9872264883622861
0.6057409724429191
0.32506677486476876
0.033065407288357565
0.09865260012992609
0.24740517566717857
0.10715226965312548
0.0018556320023679213
0.008806366378792327
0.004958638514258384
0.9759599418361858
0.6814596725662299
0.6635767913824713
0.13210595978845535
0.023614577638190366
0.5869229622149417
0.10607038777372055
0.6581044410928721
0.29975213328355244
0.6907456635971695
0.7421219708264324
0.43107396914137297
0.4305113304161451
0.9672859442877362
0.6213520153243414
0.02054226317043027
0.8830161869068587
0.3555385016553613
0.09877303374843699
0.24688196354167213
0.14254422058729133
0.24114801399292546
0.48239592984254537
0.2658143956646919
0.551623013448342
0.04991110117911712
0.49880872069730064
0.21278555055649273
0.9253841037438384
0.021074774836084928
0.13428354532596537
0.3416944253502601
0.038635512823960425
0.2916316015670696
0.7496821740093789
0.8786359871609343
0.6714113151915344
0.9823791415446961
0.23915563426747813
0.22769102477954983
0.7873863118297717
0.3694750678897222
0.7753314179920657
0.14072488439417644
0.6495015869303742
0.6610054884378637
0.00792805746901721
0.10120817069721896
0.09634718255611746
0.19606335513763312
0.59438202059186
0.9309981702078387
0.25132322430829446
0.5514493424730017
0.6836490479470634
0.8212283063398597
0.7105648031736221
