0.7369028040408476
0.08383909291006474
0.7155290669871229
0.011126114123034873
0.6993024261887757
0.15536618950202868
0.8490631767524808
0.6786276585595085
0.8593704777495502
0.719615497974851
0.2700072195883452
0.41311572231404037
0.005862182388940219
0.012892158314559254
0.6536134903566995
0.6629802763356774
0.48395879907386685
0.3268626795473307
0.9877866423043815
0.09910124710073626
0.2736044883394143
0.06061162467703063
0.6808575414101645
0.3577680952971713
0.673842397895773
0.745340750140906
0.9229359637447911
0.028680610979851993
0.9429936627806181
0.6956081949295181
0.21825406840554523
0.02677381707784856
0.12681693865753033
0.653098539642933
0.22637125535329855
0.7333944021724749
0.8797739774763141
0.21964829692017201
0.8849928984930302
0.024396883242959747
0.6589028949788293
0.8337577028590752
0.34653981402733397
0.20606935325556128
0.7417604619154041
0.5102067063271023
0.7585345527022622
0.042755253358893866
0.8453044195407318
0.3291061680266287
0.5242367772338508
0.04413202184582221
0.78358190909595
0.520546477294586
0.33970801904493897
0.6609947376595104
0.8601185709700173
0.16522981482435897
0.0653068826621436
0.7927340291430722
0.8420884625001477
0.02819439490834813
0.22638964142370696
0.9869096907259747
0.0887435859222446
0.715458230911632
0.6969741910768423
0.2809525933608036
0.7288587922458287
0.0738068202614526
0.5153153859131517
0.04241553947960976
0.9645607925452322
0.6686544050593914
0.7249041299800171
0.8437886757402038
0.6759381034999626
0.20095853098893318
0.26817588107346213
0.0939060439902021
0.015205623294703138
0.4946603230032763
0.206237110245132
0.7010816742202379
0.5958488131692812
0.035940738126262105
0.21174856108133203
0.15214143957273987
0.028894842763592755
0.34019306031881313
0.6259398549750321
0.6525798212494035
0.7442056026278192
0.02094352952773717
0.6326499619026738
0.07893448035055287
0.4803633192571705
0.4065029655278188
0.029720065339366594
0.7438168787193604
0.34140725553307544
0.3122563483911553
0.6594493134351449
0.7759078239366409
0.02293191165014766
0.9231407772093716
0.06706222924630206
0.42971679505728305
0.8051753230189235
0.9910947337823741
0.43921162807472364
0.5661586817294755
0.4993258217680578
0.07547286325107376
0.9067635340089679
0.732302236565079
0.9068353597789877
0.13610926909828558
0.6360723563675325
0.31746630391715125
0.1121369537593775
0.6886920004490815
0.8530034080973239
0.1709925502774679
0.03420198305641551
0.7542032704372343
0.07508379594783111
0.18488417217680542
0.06043816585828135
0.7455870690023276
0.741131083830901
0.07141527593889649
0.35464481795622793
0.050267471438399075
0.3869581657238201
0.2451845534702417
0.2208916449458486
0.6500798927268325
0.7983951824980786
0.2975906524158627
0.35018539434240126
0.6894724498138766
0.03142485921505605
0.4097632546221439
0.4279496545068595
0.3647359884994479
0.4880927326709539
0.4053213397977921
0.1562638266528766
0.15777191390579842
0.5472504470533937
0.12519208775005677
0.7905846450272195
0.22692652158639084
0.3775433941599919
0.19896804965091114
0.1538190841165623
0.10805356837509157
0.3622479476762325
0.605647780397031
0.9675006080129522
0.44514820124830856
0.6742490377397535
0.03160060770850057
0.691404243738944
0.08860248377783742
0.08660000064218079
0.38028414373696334
0.06364115327339445
0.6314946680940672
0.5190289265911436
0.583873006528183
0.2983428491282627
0.6023358096133569
0.45389884631796057
0.21734867106458602
0.1702103369749547
0.034265520831855294
0.2663313061561337
0.7464430675096008
0.3239686982750838
0.6948704385283418
0.40954640361661787
0.02748922301998886
0.4496959591833958
0.0966945565877741
0.6989531983492848
0.06157021611349059
0.996559049509854
0.7923564283905253
0.15347034555305622
0.4000627762360153
0.40076720389373227
0.5036861898968398
0.9066092119808078
0.2516708121988845
0.48778607370556104
0.027272079299511594
0.0028587372570753142
0.5965375602095597
0.04543168607225117
0.8448961435574573
0.06521185578309091
0.7969946901483057
0.7357505783348377
0.2586143604692632
0.7476637819702316
0.2532059738047494
0.1121920806596094
0.8092391787820183
0.06220121569346332
0.37045356461328727
0.558240778081999
0.5485403534728276
0.5343433589682269
0.0980524599582569
0.43497643499379557
0.5976012440553427
0.24230699847281992
0.055604589350910574
0.6564789450158177
0.7472412180896238
0.5911474123670423
0.5089242008250825
0.531312249725018
0.3420756307397401
0.4634048923716975
0.17932545172885941
0.05387174294299079
0.6211656213707767
0.5370474981758366
0.1624546154601935
0.07642365431802267
0.2982102079817783
0.2411726704353605
0.6566067905499522
0.12380854069785177
0.41984870733670787
0.8601561698433499
0.6427079777289115
0.26619084197684895
0.5143978722561738
0.05274943445994751
0.7752061459685062
0.9415159024251931
0.04346121641409782
0.19364133321481186
0.445807677091292
0.8307172128652972
0.10929541165485633
0.6990870202195619
0.7161281283611439
0.7436077413017714
0.7442029833422072
0.9261381544366196
0.6203020789997574
0.2545861214758999
0.30821580391312586
0.4632691759184102
0.1594793513287488
0.586395165598133
0.420488804253492
0.07330113750865883
0.5033297076399721
0.5013159632580312
0.026586833309680986
0.23021171602133245
0.10473984149838503
0.665369057694276
0.9000130828392063
0.23757669413869775
0.2878536500776372
0.7353439232528118
0.18201462253950484
0.06453005448269662
0.559714150691653
0.19714549929877617
0.5042517049390991
0.03206503105055068
0.05484037110367248
0.0982205152159476
0.38620775214917036
0.6931795612465066
0.8353944423691624
0.2880921892714364
0.5449794011168186
0.6180964323738505
0.36686641057027525
0.6590175395004785
0.11044992822976761
0.020625924625648016
0.4022019504758646
0.4126569825436268
0.7689870858325503
0.41390058976921396
0.45626616979414386
0.028392700616484585
0.5828589730867935
0.7064927991551214
0.8714515496032151
