0.6474259950387252
0.832435601005848
0.9482615764556801
0.8199658759555468
0.9936465897888662
0.7966770892387752
0.7527538294902303
0.6485524780230493
0.9680941985801941
0.757764923217532
0.5625890502936371
0.6906608192072738
0.9513626196209025
0.6249730683597646
0.8146161610352127
0.3713150805826705
0.2945932776335142
0.8999105465062394
0.18162713975674527
0.6594387197609223
0.9518429471004657
0.6776438928515983
0.8785372446567576
0.6362413236559502
0.7054119265106936
0.8911311840128315
0.7820025275132485
0.6778201226392486
0.739001753386565
0.17117145046917698
0.9052205475339437
0.061690918280855184
0.871225245217494
0.331778111222229
0.5921653728850128
0.960345251300684
0.2912710013475727
0.05160996231156871
0.9649478581282374
0.4465061165215814
0.6524375814847562
0.9465619762809739
0.10282393842960644
0.9302516171602118
0.9849761957886678
0.06420545771156164
0.9699874529995551
0.05845689613282004
0.32674712379438836
0.7937107248027087
0.6024586454657791
0.625629027767241
0.5162811776387713
0.6377527961953926
0.5473747136200551
0.5321729096970623
0.734902274529077
0.24976447315529712
0.6869399595760202
0.5875719848509006
0.07930402243597673
0.9475594310443372
0.7202277375556446
0.33916430840850037
0.6209808123481677
0.6732252585437203
0.8722394946921046
0.8475135757449065
0.9447016014491032
0.8433839199014703
0.6857004868241655
0.4416094953224007
0.7016372611324306
0.2777688131800607
0.7019504421569249
0.8167026133586405
0.9252922094717788
0.1381849639748465
0.0482387456402831
0.8028324495894736
0.31425795575367393
0.998056958935611
0.39309682950934055
0.8963876949492927
0.10066346352228403
0.7615671606918093
0.22707115303949016
0.21495155537247168
0.4897295828884303
0.32554312785834394
0.951572476223212
0.947886282495549
0.834686174095038
0.16278233000490705
0.8770726065287637
0.87892304250557
0.5546463486534648
0.9714642253572596
0.704299269307259
0.25111247371663536
0.5047233842240872
0.08252074056252327
0.03533846931288778
0.3293918997357058
0.5695047646684224
0.536629540271874
0.9587450974949323
0.9516038760663623
0.6630905380787631
0.04660924887646355
0.24891560465290974
0.07244594916139682
0.04862950336532748
0.4810419657723932
0.7124450196844592
0.945826815292365
0.8594056205038432
0.9754837250532301
0.7500090159055567
0.29568590617583157
0.6911320970239796
0.053398489858304095
0.9096226388443467
0.29237960067087576
0.5132636216951558
0.6414997176090601
0.6388194717305467
0.049763012374457176
0.16675160663957592
0.10710668121681555
0.23351858071693005
0.9995689611702967
0.09528825710286103
0.9767146979044568
0.9961415501320434
0.5425001847678123
0.09869007813824031
0.8081180365009712
0.025613077308538377
0.26982321979588586
0.08452132296970313
0.08979057025908299
0.1660805295683257
0.807606596425906
0.04640758916887476
0.39693644059640115
0.12743029584665588
0.9372535176190642
0.8722551771645967
0.17384516984543483
0.36530491186537234
0.06680977882830552
0.6511673956312182
0.6428910853240812
0.8304650865719141
0.5756712125760901
0.2026576464620609
0.8551144098158565
0.46151546502236607
0.07405609909911404
0.5975165251063173
0.584219787667894
0.333412548241941
0.13058906711328014
0.12850823794218136
0.7371596392936065
0.5385607342733278
0.3010423196369925
0.037497257680037074
0.0777105772605872
0.8480960782544964
0.5116358287818109
0.7978656787826287
0.22733370175160889
0.43107022034611825
0.68682892388374
0.8125685691606814
0.16672761295740413
0.4896875240195744
0.7901191911441788
0.07954318310183847
0.3267524418558781
0.3852690682978077
0.740052137658604
0.8937409870236482
0.14656187298450368
0.16598483058535754
0.7215083741885779
0.5378927062743312
0.799789922822056
0.9189806818177968
0.3694688986055091
0.33443593649816766
0.542884358608429
0.15159688956113687
0.17570567571584106
0.7512539116737103
0.06741486455966528
0.5292981407226882
0.45130057095855486
0.032499121491535894
0.13167399012906483
0.9908003473315516
0.1831977525418831
0.6585878299743091
0.31547293587027464
0.2972801137327578
0.3890663492921786
0.8730932946021726
0.4550544436631533
0.8348509960334871
0.5095501620052549
0.05237766155004289
0.6708071211332809
0.14735569410351107
0.9393891148319151
0.03341632401766313
0.06456193336701418
0.7872746782584863
0.63564497663013
0.6304064533763616
0.4869125121101693
0.5829093739099129
0.03725026644686186
0.16232740327821996
0.03125694471808198
0.8448517370016322
0.4857497142193121
0.05965092556178614
0.9954187908856271
0.0755219768402742
0.2387780396789237
0.06068883455635222
0.385529559293427
0.7635571249778448
0.7242518049606368
0.10880502777462955
0.49268377417430276
0.5815806909142693
0.07497043770149268
0.5686803659919261
0.39160513900281285
0.939873666529101
0.07209377401231253
0.5107002077261503
0.5897713865630203
0.1877305540217194
0.04711947620261049
0.6718009745336739
0.10266824051455622
0.1312189904887387
0.08232547669742979
0.8796930193619141
0.16486728009990234
0.9632809926697212
0.49154611193155395
0.7090857908018394
0.9920832794055374
0.694340736706353
0.5138185975607101
0.9430012919959176
0.4160753232545741
0.16699179703285846
0.6646388236821457
0.6450197028427174
0.6621059783040565
0.5196527288262295
0.19699371318621112
0.4766926970979406
0.7740012121682189
0.8842925786432144
0.6293940973392468
0.4245281986826218
0.7654736236006006
0.9990434206448501
0.7487031955273729
0.611030651934842
0.7973608867835769
0.5181003506767304
0.1255044221579142
0.08422417687636846
0.08450141329196348
0.7456666541505936
0.44824182544466507
0.826110006782455
0.0871808655468234
0.3011417294780936
0.22068234410252877
0.8566255953729823
0.7971744451600465
0.40999782904086424
0.506088929064058
0.6663727615424162
0.880329794903947
0.1359086831199513
0.30720229049886494
0.9342145591688189
0.753202335652162
0.4624917776030602
0.20215469275652986
0.3595754169622003
0.6741292615635032
0.9843131592498857
0.7702292991729371
0.10373826786121368
0.11272083313427751
0.3201415893940967
0.08105465209111015
0.3252076972753085
0.7963987326645185
0.5075774477348507
0.5688870356394902
0.7260356570459282
0.43128830426682757
0.8379246494374728
0.4449333473005249
0.2054843840202137
0.9740022624013228
0.19728773504556835
0.962897997768946
0.05989508458514047
0.467265241423823
0.22348394533439034
0.6234221842121728
0.3747719168011261
0.6459754590455784
0.796487517914134
0.4354962101406786
0.9049916023503785
0.8758307769531456
0.9131329242080004
0.1254870517112759
0.25318595619144213
0.6486022167726126
0.9940465089830148
0.6735334607207645
0.7927331121301576
0.1197111437089288
0.1618926483590607
0.7064140954242086
0.30950304564284387
0.36637089225438824
0.695468402079267
0.3509342801160742
0.2752942203406423
0.8665020133064366
0.9837876144751706
0.3410481505813762
0.9660082015251952
0.31051734295512906
0.46442397792540246
0.6628736242406346
0.4931347673355664
0.9601984330631574
0.3691877087826862
0.09627064219134941
0.6755594349667589
0.9492682981231623
0.8273612394479909
0.5278275837726187
0.4789347137092124
0.18634693396517632
0.6030941255879227
0.06773425774168246
0.12946440910405715
0.3282121293183258
0.1115069823320731
0.9100796381145501
0.13502321551140065
0.3783337002631532
0.06342528858323453
0.634733052619676
0.7001588914751002
0.4046174840059057
0.1471507413662413
0.8268887433645835
0.19805964008919458
0.23587403646290203
0.13609448565759902
0.20240691305285463
0.6292372106608342
0.086352535240421
0.6284567823899071
0.8701069494344069
0.45049414125068715
0.9666761600057754
0.283594678083796
0.3484788242133915
0.06825528031007622
0.7015432699839522
0.2874108493673622
0.1811288954490582
0.09801562316856599
0.919482931324751
0.7953034814271766
0.43044336097157826
0.1837670559403762
0.8096680390814096
0.04267611677704772
0.8428469076001325
0.04122614052926
0.3458954115831011
0.22731319871233546
0.5919724750813375
0.694974863725281
0.5931879840888211
0.6807817833511682
0.04462658720184887
0.5472973668327225
0.03536614146053763
0.08031905409100937
0.4641473967250705
0.5656772344451336
0.7644501497357621
0.8182136022533573
0.7195410264744925
0.13584185468587504
0.1170835446214909
0.7576089108290036
0.07074853819164706
0.7323513967211681
0.9357080503780073
0.6788103581242123
0.8757475675631661
0.1323179892699212
0.024009289697445816
0.6021017110989748
0.5076036468697951
0.04950974312555666
0.05279690178226587
0.5401703811840408
0.08407859098441782
0.7570240592678976
0.017836046788147583
0.8359560891942773
0.9182920467496756
0.07300867262088455
0.6011855561772459
0.023315005884520595
0.9680436132950334
0.649346448963982
0.9087355337317291
0.6315106484572852
0.969215199354274
0.5775873253080293
0.8923919623730803
0.874011467789231
0.04498033865028396
0.07720039524340916
0.99370182253769
0.37043788699804203
0.1082892350891593
0.878051222405861
0.3719534655699004
0.4799825022219158
0.9735388105317685
0.8312541425052196
0.09122658718379822
0.5636818985736172
0.08023770389003285
0.37115648838711
0.47309411688909314
0.9015611040988409
0.09586248345596594
0.5652128894606663
0.7898667648876003
0.5562670224305539
0.39445769198434044
0.8450528142983273
0.17756702349584985
0.7915621132280071
0.7993128153261322
0.11028307140836721
0.9579555805518778
0.17594205638013521
0.7919054584913985
0.3165709101744749
0.767892320023724
0.14951615758082465
0.056047381418757286
0.16271292779874824
0.9612083592684344
0.6525760663580715
0.6433484150783064
0.885139744113647
0.8143130067831021
0.12335916812895473
0.8676989168065974
0.07776274355288773
0.7133861008748301
0.9427846974348694
0.8104869028135301
0.8376443372830589
0.06017544609445826
0.07261999260052182
0.8544476568913579
0.9551248960796463
0.8034454680176382
0.8915228542789779
0.1107046327461586
0.07386750076523184
0.5310025520028399
0.1874941686527672
0.9802336469504507
0.10821139330913555
0.27496068513478383
0.03379244243721945
0.5045055644460983
0.9901858191944598
0.6524162294056247
0.8396714751084631
0.994092063013509
0.6194000992499836
0.9490418510239423
0.8654873361081417
0.2585424407704094
0.600517469615334
0.8223097066594001
0.9967954765738793
0.14283851843508666
0.9663927278620804
0.18006273547446078
0.7845434403726371
0.9264908413927143
0.051073108816125874
0.8066336299613425
0.8365651507595965
0.15665142194863851
0.9131544743832141
0.7398756350210378
0.5886163413831392
0.5772696557633307
0.6381315175894761
0.08221527193013078
0.4697303887627081
0.8219748990577582
0.09351310300233197
0.6395989023861696
0.8189723205307822
0.138810055862491
0.4288169935830676
0.7386347656418633
0.8179862666452683
0.08266982253803679
0.6489983710362253
0.7166518108838777
0.9797304747931719
0.840867393746621
0.05305714560471075
0.5782272039717007
0.6037089051770552
0.8665254375315953
0.5634614717488997
0.13783146776738237
0.6048342404333407
0.762894235860794
0.8538155759460668
0.06373216145548885
0.6791377246386352
0.3276364118764448
0.23348258881247247
0.0796292853888224
0.8544914264996948
0.9071797587727095
0.5111031206013619
0.3555981540408014
0.7876825182739315
0.5456891670404289
0.19697649985826704
0.07265851760376366
0.6949538325989234
0.13441944698774716
0.6312731037673323
0.861957286368305
0.9434999263782883
0.48706551376844837
0.6429309149040459
0.26325076968542355
0.3448483659840508
0.15331117218648718
0.7204053223269307
0.7616771527055319
0.48702919030053554
0.9223780175009753
0.18081830267907256
0.18489186347478043
0.8065744595197661
0.6974103510595393
0.8011192086056509
0.4444905748257557
0.07983795583078171
0.10381896976575239
0.22113098818377727
0.8394706747450349
0.825833356005196
0.9042422488322943
0.9737974778113148
0.9118276130047532
0.1393500597960285
0.8736169092534631
0.7070355531106118
0.668377451886002
0.7578049079648028
0.5886678841623716
0.5402497822442841
0.8775937143620763
0.948473451909972
0.10716603403347301
0.47635346080507973
0.757204823866316
0.4981997391217604
0.6726236562522678
0.6121029920231666
0.550952244525006
0.03042675093026298
0.4992571669790363
0.5601987873534988
0.028760445905249545
0.23553526914967005
0.10015693179153812
0.972645884591109
0.022835662537099177
0.3258595140139198
0.8745910541110937
0.8235682563855468
0.6415368680862089
0.49896821950108317
0.9605175422747878
0.3575784428366149
0.6696255873682759
0.9044168606522135
0.09158841852139138
0.9765373928303565
0.8722823210585005
0.1156102014387124
0.4417513430470451
0.1566843681051579
0.3922938121612693
0.9359404758401051
0.041299404247669536
0.7881210897287061
0.8295124796967599
0.3780422676452928
0.9047459094748613
0.05008591645406939
0.18124837091977203
0.8720009776172035
0.06654187003950882
0.03845164109980645
0.8763512104500624
0.11036621616264757
0.8593973051366055
0.5140256604262099
0.5549683993767578
0.6230105674298143
0.14041124232256422
0.06915152116552802
0.6937357676841289
0.6711165622937644
0.655622275949757
0.6228996512118696
0.041040242840317556
0.1583873633963482
0.6286532171437316
0.9962295990677732
0.02935803550594289
0.09625552982267002
0.29339142135697327
0.21257814142712372
0.3834920518230276
0.32880962768458155
0.9386022228796878
0.9359125290141113
0.7566491101759838
0.06520312827424145
0.508020910238059
0.08139112296492784
0.06501236616589182
0.023416160281583928
0.9121676272672328
0.1072448360686013
0.10115492979970317
0.8301840399691471
0.45586827471958424
0.9022249186424702
0.19733135193486817
0.7292855983921598
0.1638007746290079
0.7431209401771008
0.7536908341947528
0.6216351894352506
0.6418893155241225
0.9245363444527086
0.4278081451322093
0.23674874674885305
0.10140488128137934
0.6921819719680185
0.8952748753389067
0.8646559570954331
0.4945342234185095
0.8195452687567193
0.1433987806877166
0.19254366027822306
0.6689896787298701
0.04970607742482646
0.9193602195193104
0.06157339027294048
0.3001921274340845
0.867853692407222
0.5601507413073545
0.6737025564068856
0.6278552480814243
0.13786706332366294
0.25361804409106337
0.07188784153611749
0.9546644185893662
0.8714787072104515
0.7608116836068493
0.3212060672760137
0.0884229459778974
0.14761889642199036
0.1098207483749156
0.1869022900971417
0.9032246566035926
0.8675459499911037
0.7859096132331995
0.4448147643902255
0.06981019446493959
0.6061864049293944
0.06977130166665385
0.5726103084189191
0.9806563307133549
0.1913012202868027
0.9276711742008179
0.11782638073343962
0.8102503290537372
0.21395046916174398
0.5013670975930555
0.7344749558403335
0.2442063668589829
0.7492051312157175
0.9259749873428569
0.9374551385430955
0.11285648955961895
0.8040901170630975
0.17992317350532616
0.3792214374629127
0.8061778956178043
0.72966907051969
0.6821294821013537
0.9958539090102995
0.27226900504138374
0.92169240164206
0.31003858042234317
0.14478409022080563
0.5933824829675644
0.7172273465957926
0.020910330188508415
0.19683533577299053
0.19241509450165334
0.6671290375301633
0.48673091914391164
0.12454357294834087
0.4623503772894766
0.36859318659654156
0.7882670239236489
0.616881356615667
0.8743759667054731
0.7186522321804403
0.9300379957017896
0.6407376325288731
0.03645665798722088
0.9386885271279934
0.6002876927437149
0.837215449789153
0.15919863374703833
0.9796655298025223
0.18917647159847778
0.25686393386057327
0.3159275653876271
0.36639886553154855
0.15215610624947076
0.6752483031327842
0.4614585993254244
0.7335376555012787
0.6127912019997794
0.9394882903115306
0.4930932487298201
0.8476923669535154
0.3670638583366762
0.8241920633811473
0.9422970943084068
0.892889912790081
0.6693256701431421
0.6350125035087126
0.8682154334153165
0.32252183856690114
0.586767739017962
0.846075883468366
0.9156290747533066
0.06929091710621177
0.7807749472184214
0.9302982853408626
0.8814759850510072
0.6592267249797115
0.9279820625903822
0.6120622738254311
0.30855202703265316
0.10923467547874431
0.20513829545299572
0.2612090309100107
0.11473845147122524
0.8307768638607727
0.4377031293161967
0.0607314391615814
0.0855259416436212
0.21297015387491958
0.920400087716458
0.8674907865795594
0.9449490437420247
0.9728697424076702
0.952004845010961
0.4244675638267864
0.929906180546615
0.3427156613455947
0.837992799509365
0.14585702081319188
0.7109620679310493
0.7879191631046922
0.7308005823117909
0.4974434054096494
0.4102589543977557
0.1777062326616996
0.5021023687371966
0.6697939132171105
0.9724388230325123
0.6941083520483082
0.6105852850618234
0.15614891326381783
0.07467010142657175
0.6684172960432752
0.6941387359566158
0.1298204007051562
0.9263300377881617
0.08047243133609674
0.20987420137491622
0.3144345198748613
0.05837441099053346
0.5936632659695824
0.043434925920957296
0.19381761106580975
0.6158329542672223
0.013985675469011805
0.336520889066038
0.9596393378390061
0.13891386529000804
0.27569853812512474
0.8655916594947688
0.8314527699065151
0.12272081313584307
0.02310880412322107
0.91243688570437
0.7070444015442099
0.806614490608871
0.8716995277491344
0.4414246148583261
0.06084296142958936
0.03833539059327997
0.4548211987812582
0.7144491463279747
0.032350722079371896
0.9302965871940357
0.1218766254843525
0.9121741828074492
0.49532309501517136
0.8302121489318686
0.4239137638086997
0.2973690909016847
0.4021881866852573
0.5974689053107372
0.12527945062870272
0.3172953322572507
0.044260312306501674
0.4373860468863654
0.9721278746859692
0.12119080791468495
0.8923173015800839
0.1133113536556183
0.8257920758637751
0.8534531679504502
0.08817090435916247
0.6896231081036217
0.13278907217346503
0.8825709829898578
0.06255212058820926
0.4311595067456175
0.8637283311719
0.32638447961505673
0.9065770684880172
0.5606510241950948
0.5137520343305992
0.972045365910805
0.8357297867925177
0.44986243413045235
0.9179688807263904
0.07217550780162632
0.1782021804847301
0.10968334498289686
0.432298879780256
0.6465319458306369
0.5824617811353777
0.4807244991487537
0.7873457401233999
0.08991751111360408
0.3438940036219207
0.03580853241193559
0.986270167176283
0.15813967380926064
0.28659817648764985
0.0803719880725314
0.6331829614062129
0.616639241905302
0.8559094683149897
0.1507484878402734
0.4881795893643355
0.13401050600533576
0.04332257128090355
0.6904766012778362
0.21714876036930186
0.756920436957211
0.15785058415899442
0.38931902100892485
0.48635642341362983
0.043600142928971866
0.9741757384236683
0.03457809335073693
0.9215449777176459
0.3396484046897665
0.14194968323743445
0.9868346681543602
0.8587074844500968
0.6951207108817153
0.101015135634385
0.975822843203128
0.5068404088864655
0.8468672487109656
0.7081810688532311
0.035737075082219266
0.3310368349572056
0.9585922531663688
0.7827083892314901
0.7378698606917495
0.04822674417671576
0.05110619088002857
0.7294787867537113
0.38680460712661435
0.2936377219746561
0.3362791206223823
0.9032674347053001
0.5246581224079073
0.9703244167825482
0.556428810370258
0.1490452749479375
0.5018896401321087
0.1736290283458616
0.7844084849116737
0.8811279289895395
0.9612607182646169
0.5698761202774368
0.8306071222854663
0.5956372163917467
0.8430149710345576
0.07372776210476732
0.5646241466768229
0.15228686081933596
0.9197200333963584
0.20017518114400545
0.9846150511886885
0.3580187660488413
0.8466158649042471
0.044172697574329414
0.7845075793340149
0.10658327426011938
0.6257150903425595
0.41515867318974753
0.37198124250438025
0.9402407201924341
0.02515717252007038
0.054269340516927125
0.07361634486330408
0.39381873309792187
0.1536846748629765
0.11118655230932534
0.8124053239125046
0.6785313775969087
0.5691947748433358
0.6354588020976419
0.4256670233389878
0.8788235410197702
0.9073231164841017
