0.034327191356277556
0.5965353297638305
0.8690065484808008
0.4804825841237133
0.035735031047733595
0.9308419420680714
0.6086862661626044
0.03660577986674291
0.9646953915928367
0.1292780502995751
0.9582356376213267
0.8339989723640657
0.704931613749537
0.12437918957413431
0.0570894454157519
0.06549758052451894
0.5616139451796821
0.2083252808337135
0.5822483188588392
0.06850620332214011
0.08282502460781527
0.6261931765224276
0.4613282390634248
0.7260000389436865
0.853494010540919
0.7883759905137692
0.5607442901843789
0.0816190559701086
0.1651384500595075
0.13380538934923156
0.26390329495048953
0.12164195582267734
0.5190309532006576
0.020891894501287644
0.9184065047265666
0.18167252518032023
0.09848158753166489
0.8083284456431186
0.16022105393550612
0.949667868875929
0.8886107469516801
0.09957664876221105
0.8275921924429466
0.12958430102496316
0.7310456181865079
0.6482309386803071
0.909005108653281
0.6679862213280642
0.0598041618215687
0.0620567930740583
0.03758626992165327
0.7211453889298769
0.6136476550716666
0.45725440162578024
0.8572050001577615
0.6530042061516461
0.8597022505783773
0.1264632430424664
0.887758419638609
0.9331430168234013
0.6605013225695161
0.06858881647694917
0.7234629832617852
0.10368493726517974
0.4172105258097963
0.845135198749873
0.5804487133010716
0.0887511376084506
0.8116286237987492
0.7283687707290412
0.5389889197786092
0.28015425976791497
0.08477877786314761
0.9910057388258503
0.45211524563351446
0.40318622325843173
0.8247619741348375
0.595702648765682
0.9177640234330351
0.9151131592442165
0.8598475860870003
0.3716470236297781
0.9575660281009569
0.8062465944340349
0.5129855479215402
0.4814608020506275
0.7848106164035811
0.06017203737970938
0.16115002772322723
0.16874425627650141
0.09018130905669688
0.7241309759038868
0.811197634871589
0.9636153029541915
0.7805893549798709
0.771821075131711
0.05718321779255514
0.24522326448359047
0.27073223915333133
0.7106914272684843
0.13619148560765873
0.08279664945984497
0.7709941894376688
0.2435618597952374
0.2788174429240134
0.1002132163533639
0.9299943062735594
0.7304107276836241
0.4238286850483304
0.13869674668039383
0.9044810651204969
0.04855713235363887
0.845523614830265
0.025244022865536103
0.39269027832820635
0.0449414033495741
0.6025126614814609
0.07841974340195391
0.8273344189383466
0.8562563702415927
0.9925710470513192
0.5352995516046295
0.9264824934719325
0.7796602508233776
0.6962345520644707
0.06125221165354455
0.750937422152401
0.34939324195713306
0.7424114709699191
0.7491512388332214
0.09388679626184944
0.5324563856659053
0.9377687287179881
0.6864037420305098
0.7001353881282641
0.6739178041367708
0.07867391101496443
0.22166294003145276
0.718184208380369
0.9593795245951957
0.8189188399570025
0.3380556647322033
0.08006130417816254
0.7926694698357326
0.7621432802494659
0.19896324106427432
0.1210491276714937
0.12405733874605737
0.07472671081974273
0.8758210563159423
0.04824358074750391
0.09936376495224124
0.523924693806453
0.706531584166755
0.20460598761540782
0.4200853204535195
0.5617450900732913
0.1944751732032426
0.1397229518857364
0.975127660227094
0.253544083684329
0.6838428405410787
0.6510892394479308
0.626446194916889
0.7953943674594565
0.5135601949411628
0.12744387643719138
0.3673522192159179
0.17096004009305837
0.19895512829017156
0.2023305339468512
0.9459791290481108
0.7059461612779139
0.7377161672815451
0.06279551082444497
0.15236355758198128
0.7906653575463028
0.1632709997270554
0.5065832704281452
0.613748930723692
0.06485638948271456
0.8592840697180202
0.587462757517797
0.1325389879512368
0.22041794837697287
0.5154279935422014
0.11446179275466889
0.05198300637016635
0.7820601220821324
0.9493727029367389
0.757856153258776
0.9379594802945495
0.8173882630027038
0.7280018422708778
0.8473795425098711
0.368097958424049
0.08155564668715179
0.3608402507067593
0.6807668631388704
0.6222221190995103
0.9595781699384305
0.01683703630700626
0.33912144427105234
0.1509483345323843
0.8120600294339653
0.7592116807564351
0.8942576456638368
0.6103629113089393
0.8122122449582296
0.2877645140430639
0.07569337919673186
0.1030764349576497
0.1265679560533396
0.5223729115211774
0.6544881334358754
0.8529396271243322
0.7420018212062658
0.09749296746175681
0.2130091072702486
0.8136801332810499
0.9712304113141725
0.9670936641342534
0.03199954079274711
0.10154316415351984
0.1397774868401233
0.6810056535366904
0.05744004399955733
0.572980578126191
0.07769749123676978
0.0743320810687216
0.11055832845821403
0.16084672062309666
0.787400856265369
0.9278666344220362
0.9408567540816524
0.14410197317914708
0.9246225460519102
0.5966897775118326
0.23735738828384084
0.14828997409450315
0.6929110640255691
0.10998832878101433
0.09585725400823808
0.9011818915482405
0.7309464080557381
0.0974116773160674
0.9676038660630246
0.8470483245321604
0.9945126378912821
0.3568254629473949
0.7464800145431082
0.7493337105539892
0.5357253492107525
0.12306501565330602
0.31292046651961797
0.373069389517797
0.8924258545540098
0.5172673923042322
0.3246063190584698
0.2814296979685216
0.23118790187989674
0.07368832074505469
0.10145439621533428
0.7535952709437486
0.19479115030569627
0.2740813581018466
0.9945336974144152
0.053257027360062464
0.6774102452680026
0.9193773526559126
0.9374149820983542
0.9745607621944802
0.639058458942287
0.9212623256043969
0.11304358617216101
0.8143570194666969
0.895208287758817
0.11087185278304156
0.9063582803768202
0.7089502717232831
0.8970778173375669
0.9729657910687945
0.7838267259558386
0.6574032966406647
0.9338611143469717
0.7023094883522268
0.604267225128921
0.8622791368307239
0.04527360185588432
0.9300883990796425
0.05228314406345897
0.7193628904445338
0.7225845968446948
0.05409811494204404
0.7878286186189173
0.4984326276013331
0.5476029717595613
0.5904892653627036
0.05998033605172931
0.9787056023216112
0.06825598481470362
0.6761025893605574
0.8663922215866844
0.957950891989896
0.9536097594023475
0.7717248507739143
0.6528795444841597
0.09635937325683985
0.11382004628815504
0.9953232310370494
0.4608732905763165
0.9323595073285988
0.4943441793534489
0.07787849552032905
0.9780104749522087
0.8343920335501201
0.10760468603727864
0.41572393434491234
0.6650442147374375
0.1619354475858464
0.19190419754636373
0.5786369659145078
0.5209843017036301
0.4778152087154972
0.8503673225310904
0.0902515323201729
0.6591510730966987
0.5551760846982976
0.18629803615421503
0.45921228517206825
0.04318223500471833
0.6235280780374776
0.9937300996942651
0.28379474251878045
0.14536712745202784
0.482597229213002
0.9572098908894167
0.2083160299266168
0.5254699160998648
0.896927534364941
0.052851389502830734
0.10442662187690457
0.7248004369907062
0.8453382883058671
0.671437052989112
0.9322183356658635
0.42448675793978063
0.6553116048044141
0.8942119235067795
0.0881180581631954
0.6682814504962735
0.7612778391725405
0.5097655872277971
0.8386694972576237
0.2934298298672191
0.8907935949076771
0.6251208493423512
0.25540352447909487
0.9599960514241471
0.05551404787397035
0.4070038549885342
0.38997873917745035
0.36984156056973216
0.12183311055083318
0.14738249943930903
0.963572037050259
0.2983037705081644
0.09740705747227199
0.09869236096243492
0.7615009646849722
0.9187502941888573
0.6307225559882778
0.7911126505344296
0.6948262095182991
0.7159590546933947
0.4717935962755115
0.19095825925666154
0.665121677198806
0.951619210275005
0.11110797306950566
0.8854516346442157
0.5934609917631208
0.02251517075905898
0.9163032479908702
0.4841526195605986
0.9720998136213266
0.1969343404372069
0.053802014693445095
0.05003233298645644
0.5365759445582614
0.8593352847074656
0.9296077948647349
0.24830690208465223
0.785676492962559
0.8797716420992864
0.5867707473207775
0.800942136371698
0.4456749903118475
0.6270927142531818
0.6406234348474712
0.06422109729853495
0.1872567947324625
0.9059947378831102
0.09466966104681196
0.17708112222036035
0.0849582894985153
0.6024507991083341
0.6445096954950033
0.890672325646223
0.8601431849255178
0.878483920687281
0.729411858647907
0.7126523120734375
0.35132627211951395
0.5785169729385219
0.822863612553416
0.22053245031188007
0.9384777282766819
0.5525154265406564
0.1346443657935406
0.8883504917965235
0.10014320579771663
0.8731819082958732
0.8699643067825573
0.8972593681077914
0.09563556234000828
0.9295264609692628
0.8872336339874309
0.37052630116065693
0.8489374192511712
0.7839289041576681
0.1192685180085678
0.5987911121524101
0.8432839058063992
0.7202371579334854
0.8523473844947194
0.7340718453223452
0.1031809896436734
0.8359845488997798
0.7863904485853666
0.5439467678000334
0.09455406082199429
0.6331387610151049
0.07251012125782483
0.5889111137881884
0.6354321587563263
0.637929205981803
0.057324452678774174
0.7194757258882394
0.13732877669223922
0.3450267182911209
0.07140223303123099
0.1225402162613209
0.5388873919230082
0.8422744335752349
0.043785460440535426
0.9253132169222218
0.16672293507804437
0.9152441469755723
0.19934635295915845
0.9487481410528851
0.05356117093702585
0.9193879806492823
0.35937870354349954
0.7924230671340883
0.733426738859786
0.8848329350119261
0.388205284592161
0.7471063688453078
0.08394517328851155
0.10374193104584636
0.9813913688221807
0.8637507689489402
0.47350919074590797
0.20565455862019064
0.2175174505367246
0.7838633652644524
0.15290005698365589
0.9596633490119721
0.3090178354350545
0.9639889048725759
0.774457260893276
0.306440699572627
0.1097001814007835
0.7903548007196717
0.8813780550762238
0.9381164624970337
0.08460807984205086
0.10618753429264807
0.12684658969480128
0.183170999374751
0.96070170452076
0.7387370458348168
0.44980118007954517
0.12136837550427333
0.24973547374978677
0.2136391667311301
0.5811241179621036
0.9640708713144022
0.9628561115857681
0.6734737268387352
0.780563321014735
0.0782632485878731
0.29457146615158736
0.4081680791782326
0.08230184177264963
0.8323631746801732
0.43315777134794015
0.8597812027324752
0.9103158594175605
0.16676821728209465
0.7416957556334198
0.8290726797994262
0.7643905073629707
0.7250426625693145
0.9343367634446555
0.2956253629593425
0.7434116577003465
0.03468452906395028
0.4661503935175621
0.6859063918688585
0.6599668424696779
0.4051173599550104
0.27297217244759636
0.36590490454634683
0.8610816892559368
0.8155063319863861
0.9594370922919054
0.9134628845612596
0.03405695110691948
0.9184667719814836
0.4770409397444977
0.09634488256909662
0.11576146786436661
0.9680456678893221
0.16160621724055743
0.5650027745878482
0.6377317721663192
0.16099004200039424
0.1310707672769913
0.8751351718782192
0.5650684832404097
0.121298439029798
0.4731117834013292
0.2777956786176126
0.9464884426710981
0.2727683085065308
0.9815955069929441
0.7954814572005627
0.28543860719228487
0.9854426249704467
0.811283423359622
0.9563157495080998
0.025333972394866677
0.8829485114816309
0.6545537025297251
0.20365803598323778
0.25129544604131787
0.17112924467969365
0.039780292040108425
0.040692231805646475
0.21223621970634676
0.211019322892358
0.12801343159521877
0.9708465925148905
0.9111216498874948
0.7547254668090396
0.9011424974215758
0.8690342978833601
0.3489071483483799
0.7292389356333905
0.055798928361975655
0.05579893954405608
0.4037950729577853
0.9640487259514982
0.07718501336048776
0.4767084005256015
0.7869155228487417
0.607232869664825
0.2521115500068948
0.13800128651285393
0.78805681797058
0.8257750553467756
0.03625796645938675
0.5686832008907265
0.73855029352903
0.6510879942467817
0.46024150163346245
0.9593044864368245
0.25257509004207995
0.3402387778857803
0.059489526452502356
0.08601387159153952
0.09764764503039117
0.5403551508736302
0.23813140909095387
0.05648088129198618
0.7584375875523346
0.06604683393263437
0.6958194225428965
0.9330774834541791
0.4029403393086839
0.26340714422281103
0.7336022268313411
0.581700515806196
0.8124554680606795
0.948032813029682
0.06499590168327811
0.1142992061064388
0.9145658425311459
0.06342751389511724
0.8893017953211091
0.9432838232170919
0.09995697659784307
0.6913306790049039
0.4221048467849013
0.4784573320082417
0.04215805760110468
0.7858593754493135
0.19738217006010117
0.30704231640599444
0.8260680053462376
0.931029029898447
0.46954013530474314
0.6498297385306909
0.8495276343462559
0.07963086498908525
0.7415756572069306
0.6098164692624919
0.8698192958566653
0.994002422147646
0.5157059609968304
0.1495219360889819
0.6321123560315007
0.024733179397860412
0.6856856621073455
0.22481032078056645
0.21084773228743173
0.6585089075050337
0.9998043647016246
0.12948787796627043
0.5857719272928872
0.9402796225484403
0.956896794529334
0.0922926557637189
0.3117543037967302
0.7737182555857313
0.22891706096303815
0.6542404664360205
0.8810458310658005
0.06117421376957961
0.11139930201324774
0.6884695270539158
0.8947038009416811
0.94367576533526
0.9866986535335147
0.6609274158446422
0.43056187282184744
0.5786795688093479
0.32223040297827843
0.7864493896820282
0.5922290797859663
0.8142988706968964
0.9162789028581426
0.22439908528975216
0.6638726078656668
0.5346911910048218
0.6215231138527253
0.6117525943877821
0.04703784925346309
0.9444655650328146
0.9745535975221611
0.677894604921331
0.5733100352573931
0.5384379774137993
0.26965353704146017
0.16110699547393598
0.827381180307541
0.18690162011094757
0.8267940518391728
0.7284054019919395
0.5697874936337053
0.7198316189095015
0.46671235251666837
0.24195976760830296
0.07504789300109914
0.44477472830911224
0.919406059720277
0.30190569628540986
0.49224203776520065
0.09009319557753229
0.89648849862118
0.7312298868204399
0.8777050304832452
0.37750483943266827
0.6984138338087214
0.04952135870248259
0.029690575116467704
0.05875088186523475
0.09069629080839528
0.5804314660927573
0.812174685519861
0.6978143299124454
0.9355618569442143
0.8793804006842795
0.260992366455993
0.7842651598176612
0.9151988599242411
0.6905363477070489
0.7705344134469694
0.07019033201110739
0.498460458836922
0.04998549638392781
0.9508693542258752
0.10779010868241176
0.9978054456236933
0.058619550338425225
0.5591501281228218
0.2899623652903328
0.6154193886149625
0.9213236988296676
0.6754103899528799
0.8365952634172376
0.08857079832158601
0.20724767341522476
0.9079269983748934
0.29335760543158285
0.03538623858533278
0.7266643982705039
0.10197904703795949
0.7068862365817671
0.9705056111965624
0.9159461800720347
0.912172894618217
0.7330375999675909
0.21858090935399108
0.24336242545813108
0.0319901569531701
0.5199298806497954
0.23130649733143133
0.571211709767353
0.13534055144002818
0.48026724462716514
0.19897887704841855
0.7042818048937758
0.8271462065853262
0.7919584941025541
0.07421563369027541
0.3797173798580983
0.4256951942959274
0.2279047045059566
0.10405180307501201
0.7383153840720655
0.7910154239076584
0.08556360945375266
0.2048002763318097
0.7844676388568135
0.2623140943013104
0.07495727238007668
0.9542564446011619
0.7698262291679187
0.7962917081852114
0.13983686875942059
0.8859180254838601
0.8915743112849033
0.15769197421308118
0.43978880277527255
0.9045919484527118
0.055964576143321516
0.8910249899399392
0.34515606519793146
0.29615893012982586
0.04748099519500529
0.7124990487636274
0.33381540023174855
0.4778011803052755
0.8117063991193689
0.7661107660741959
0.6960052251966655
0.11207394705112957
0.7955789156955818
0.5553285178566129
0.047580627769158404
0.15832462547484866
0.1263476981501092
0.7511638110735703
0.08233794577832712
0.9511805309441175
0.6306137965545614
0.19524223904109217
0.15145918635230549
0.8124973777611764
0.9880275726535226
0.14231508491472308
0.4822787879000177
0.7304218172958085
0.08204527094712276
0.24811193627911055
0.03290370874707273
0.9947639414350966
0.03575903755426614
0.10264805434632963
0.13329334520899255
0.09189413999322335
0.943604103126268
0.31244424316431896
0.8152008556882742
0.4927513122816944
0.1280109609247731
0.2335015714803281
0.969086890378466
0.453304133165055
0.07794238858722968
0.47942247786370856
0.9019164151657544
0.8557516086904337
0.3438180811265241
0.9219434447120111
0.06231543570724514
0.210296576256988
0.15215347980190297
0.5997144635807574
0.7870286607207291
0.8854143421792836
0.5084020948080432
0.0453173554976398
0.7119816158561696
0.9066862069439722
0.07526368072862742
0.8770617461145995
0.6530797094640242
0.6956404628259472
0.9767073870898437
0.9524078986749928
0.6939489337556364
0.06646242136352293
0.9499988799470976
0.7150452670477272
0.18057671990840482
0.7612605104477953
0.5836764847949805
0.8424829964138214
0.18112229369218819
0.07500552019471993
0.853644274069338
0.6931507756645356
0.349136390324057
0.2706702602578357
0.8201621711718281
0.7286026653224916
0.7114067444299847
0.05644159119678534
0.8418861566214813
0.8685629689249086
0.035415850830326785
0.8441671998661749
0.9540914943695851
0.014025501828042797
0.1512330579591945
0.6465245650446932
0.4537248554083403
0.2535362076297399
0.9874589362048218
0.7782806061088633
0.7353514940393806
0.10553307406767218
0.1853187441307049
0.07234343684151863
0.27568839333657275
0.6178324734905387
0.9227922397358244
0.5504494251866856
0.31118653581010036
0.0618022620339486
0.9114313724000663
0.07247866621704065
0.26784020841256495
0.4066003936558153
0.8854193533008393
0.04086069940532091
0.028028242731198853
0.09215016094347597
0.7162344444695192
0.24346483094198612
0.9965584376092089
0.5226930648060972
0.030176478288395238
0.9607239950023656
0.7537957799869219
0.1979249406575893
0.4006017248344999
0.9253062258165794
0.6482600417537501
0.07628223662061462
0.09188444740193324
0.6326098403873575
0.4524120612285464
0.16564630269379066
0.979949060738514
0.1532345398570303
0.40157765506335574
0.5339701551225468
0.2504679654863889
0.9320436614773286
0.4990594349583467
0.360691860756429
0.6014333869157187
0.8254212582994024
0.7674347526872058
0.9534048601070446
0.894474131269791
0.9204622210118547
0.7094436086207181
0.14637367761506823
0.36553712952836653
0.6450594587408038
0.8145552878666464
0.5908564664709663
0.1384570098249247
0.0579679419553145
0.09096446775612105
0.8025596000801717
0.14269925327579286
0.11442853288144876
0.8989652905206674
0.049564949447295004
0.3237692066448346
0.8935087724419761
0.2912638194762456
0.23788663851350256
0.9689468897451683
0.5313834965393547
0.15712400365937035
0.01868872196034598
0.6326353770753925
0.9203025226492636
0.3716411049428647
0.08298239449873615
0.3174145617455246
0.9072648163832804
0.14016380460960004
0.4388622642161542
0.16005230946915794
0.5908793270643158
0.6892370356489055
0.07913988708795842
0.39258414215272186
0.4221076020778477
0.09021287366779596
0.7734011017386047
0.8012694724067557
0.9102222796973418
0.09489442495447617
0.8083022201021446
0.1340713563737198
0.5131489114323206
0.9916054384475959
0.624787464245665
0.9932874713935387
0.545122613492947
0.7536805560708397
0.133496170348273
0.9446929811917313
0.7602097381615451
0.3363595293188921
0.04932315415794693
0.0874569774941205
0.9639220335266595
0.11018882910751035
0.926567883047563
0.8715930129598963
0.07829383483509655
0.23009269833856005
0.22124855646654223
0.9948464928852608
0.604635112127293
0.1535488791803752
0.6517459608138734
0.9693844190715983
0.8055814577533453
0.7586607893080083
0.8634712123026984
0.5620470564487121
0.9183353972126993
0.1102732357007269
0.5071251946997505
0.3314833211230175
0.6915348493462841
0.9500832940713266
0.21375628179183548
0.7905286409823852
0.3522882049900773
0.5401218425403921
0.8678513511850392
0.2043967932681775
0.8140955040822706
0.7197983848117289
0.8597335318562997
0.041179792555214076
0.04957823864032376
