0.17146068584463603
0.2879909408875502
0.032606406057823216
0.6712622464820992
0.9314581658788541
0.8625370120694287
0.9333871000467034
0.9369686961746144
0.7924160506922279
0.16850581277687426
0.752007995794215
0.049645607188936
0.9418279127556468
0.05181000742550963
0.19836255719999263
0.10637251093196336
0.02468111015089134
0.9942289702250174
0.7394179108534056
0.8446991902118263
0.045114385586879475
0.8320714500719754
0.5276147256678585
0.8799754882225428
0.4526277354326921
0.9412342212150158
0.9250402748974587
0.4582069726009023
0.2266497111216066
0.7223474397751863
0.0659647322411275
0.7191477979907158
0.7043074912004219
0.9172263791202158
0.47914574998435644
0.46003430787394717
0.04941495688320378
0.13113405877419562
0.9029230452996759
0.24275633992882734
0.07561726782658579
0.1310259535921453
0.6344636549314469
0.19491776547156311
0.9780339286384623
0.04836578347722137
0.7639554383832353
0.5723459446836805
0.5698611890585568
0.04641379102604478
0.3264701757867202
0.8102281633718799
0.06648956967516474
0.0802784390562346
0.05013300277567402
0.5304688511573512
0.6793714490695346
0.6732599670542345
0.057058542079167496
0.974259628363509
0.9017832721438198
0.25488945338106633
0.23244036398919313
0.04680818560435291
0.8613762531801474
0.7594064844632695
0.5941994899269596
0.2865636836232365
0.8407042905977635
0.05776811329742499
0.9239585231596388
0.1399413489465136
0.6834631623133514
0.03506846972592542
0.8584778185106856
0.5159184881627559
0.8168555938580679
0.9831265708029377
0.6388089191561848
0.07719072488495882
0.06630695328046339
0.9883186465510296
0.7341050216439711
0.042601373913508885
0.1176465187495041
0.3465698553219704
0.05358773111940571
0.7396985332527831
0.05976409939396728
0.9722262922173568
0.26687953782651486
0.8141404059171147
0.7726692724938796
0.7814120142176872
0.03734264533031096
0.7499462272745077
0.9619693859471048
0.11837607054989846
0.8699772370428214
0.9743360189896175
0.9937374416390737
0.092944201399
0.4125104063041727
0.5664353586573256
0.2799671893408932
0.15246057451544828
0.37098676137671743
0.36521671642678444
0.32657817276678547
0.49264849938927235
0.6330980243369991
0.2925908478300678
0.8045712419531309
0.5368930675116783
0.0921091935621787
0.4810571770336435
0.24716014875537515
0.7852668906222866
0.30962218004868236
0.0759124998261549
0.17300312382378258
0.9744429540614401
0.28795976217468877
0.6059666335228332
0.8674429954694863
0.9301652791064494
0.6280158270074176
0.5031139876209735
0.7002662714896519
0.18764598425838758
0.6917669732725092
0.35909804965218783
0.564972813648573
0.9176803473383361
0.09645007293961794
0.8675231430245816
0.04911934302171485
0.7351130722827306
0.18102678803545766
0.15609074326513853
0.31258088400002243
0.5055830086008811
0.5992577478226879
0.06947830677435007
0.9321308506054562
0.7956878128527277
0.7376337866409619
0.225411452176541
0.7435366853045449
0.7948270332471982
0.11595210055715356
0.6468710131207702
0.10257877278430388
0.9037854414116894
0.7093419485545747
0.4213926054658002
0.8354952434220233
0.12154526735885197
0.7385966888929039
0.5985287890009233
0.8577638445827904
0.9609792025030826
0.8898330179187925
0.5482130182223408
0.9842201585949581
0.25030729099995846
0.714549884687727
0.768364988843874
0.7961960846066274
0.2480442838147017
0.3028182310315405
0.04421034264141138
0.8780776986420813
0.9294082827624075
0.64395459715908
0.13562655333809814
0.3361363500441725
0.7112913007735342
0.31609544016825164
0.3066287994257162
0.5577782996884272
0.6007031880916616
0.2990625103583591
0.6161446591646335
0.5170255040728405
0.7086553601656598
0.29433114270619054
0.8634373926649701
0.2600852840826797
0.7018856146138632
0.12392347119919439
0.6950424245744504
0.06155460851913041
0.2867283219061441
0.7903854344366454
0.08577602239253998
0.8242563809292263
0.14820408305118185
0.6974518061329994
0.14988664293466153
0.8778034090358529
0.7277887312994413
0.31069496864285084
0.45249258385672264
0.3031664349362595
0.3283566663122254
0.7554863474436675
0.9840872413692445
0.8951523802250143
0.6109340904989102
0.9949152087700739
0.04394409237352159
0.20686663352465
0.3267412064584053
0.06548825744771601
0.14973342805370476
0.9167776673771075
0.19026122268359486
0.5656134569925679
0.9751147503609172
0.7878235678878899
0.5779435945302489
0.6630333043950787
0.7268314002593946
0.9092667080909538
0.8752807135148899
0.8683582727702042
0.6393182183390617
0.4658236033019604
0.8425553814446852
0.33921472063675456
0.2886289660841698
0.13886828789783237
0.6690682104850099
0.8986186347318451
0.8243546901719612
0.06198014614590246
0.5906062145994404
0.6073050804603137
0.057369429245917834
0.8778981791283063
0.05612384127022574
0.2872145904266218
0.6211889756421206
0.38049074094679586
0.886636541120847
0.23055388996727594
0.5981782797356405
0.9927576796330511
0.051086729366074154
0.8304815867356123
0.16463718379879977
0.8433681041735768
0.23929008088406623
0.8139830152902283
0.131280384722479
0.8924787953340786
0.3140574851881399
0.10096770925154155
0.6851014235157133
0.8788723123325004
0.16270892115347235
0.6280012563317957
0.8820674602700005
0.9283763506130196
0.4967402097116719
0.9752904443406487
0.057322353033334404
0.8240351453188302
0.697536104445214
0.5115047857609949
0.4768943324354112
0.5825634028745391
0.7134446394375449
0.13634532528394283
0.7344026382382632
0.8159432416039812
0.8549015084811931
0.7806437607935808
0.2767194682733708
0.4595782616640739
0.9550866050340849
0.6563459663105391
0.9962535518357626
0.0642934320859781
0.7121240229998032
0.8807758636619137
0.8876534498289954
0.041326582310486
0.8259618153657263
0.5876378812911809
0.6142667271001624
0.032654142528414476
0.8664923459067159
0.4954775589221787
0.8430242930883969
0.8378431614907975
0.6106074966936561
0.8244844624636556
0.8413343047451596
0.41238395260273886
0.7413423307700183
0.7971909530135064
0.14026262469860762
0.2130774521265203
0.047050154715057885
0.10684745348770341
0.26738618619013277
0.7415225304039618
0.229271117026217
0.05025580724719399
0.8275511099109589
0.8123839196251693
0.4045846849990175
0.7732615314108217
0.7774283924520632
0.1663618016386419
0.2769019877575985
0.10154830986119565
0.8792564929650515
0.4593540536327676
0.6099531724832433
0.5084016360716657
0.10617351191301398
0.9033943274174859
0.12700366392680207
0.06319066067478163
0.48992667165461024
0.896535710117166
0.8108410496145373
0.5872153267055676
0.9973611133687948
0.3368593459610468
0.6986416544895399
0.8407710843322076
0.5666573345195203
0.5917444587309694
0.8966369969563801
0.908830210269761
0.8511295048373319
0.10000350099127081
0.8565258755140428
0.4513598738407953
0.3419832301886333
0.45880455728990627
0.04060520346419491
0.053478554593201694
0.8571917928101827
0.515225102842013
0.20306967563396783
0.7690792970734479
0.05734525182971393
0.8927655329268991
0.6417250567391743
0.9366945732723596
0.16958019851625405
0.3829710315654263
0.5257763227124772
0.16511576112161824
0.5922477091751581
0.9450960507546302
0.04000595326418708
0.5462447663096555
0.9625473986381827
0.9394627798786268
0.7768490337311493
0.7080350798094525
0.197340489192262
0.6207591427191236
0.5972303523841582
0.9633050556766594
0.11124806416977438
0.8981836204992868
0.46062015372558474
0.11463396608268858
0.9495752247114448
0.10512562476525851
0.8741641800328237
0.6894696605231319
0.8270377873015211
0.7858053407934167
0.6267726683226496
0.7351246007013785
0.8662128681305787
0.18048253400465827
0.5758766342489313
0.987607157041094
0.8432371868815891
0.0601705965065855
0.8917820414331866
0.0482023804782408
0.7440967053615252
0.9017943581080876
0.595107996932812
0.9549965460979093
0.03796017286519804
0.23600270450641359
0.6364747553598274
0.01585229762217417
0.9154585025709816
0.6188218750839727
0.184730946936083
0.6697684946102613
0.9511457698408073
0.04129006951110453
0.07353933218273441
0.6835959418676123
0.46780833147378215
0.9777007276215401
0.9388155446413488
0.6658988179692689
0.5538565157537413
0.9682101453710554
0.7930981399437869
0.11379019692865533
0.9037302623927091
0.41670465002675394
0.7686529643984203
0.12332326472596318
0.31116742986467094
0.289071092257831
0.0850808429255045
0.44852692652262716
0.1629698445867522
0.05717017544148621
0.13713887319854512
0.045258073342921264
0.7440517487293001
0.800094337506484
0.9088816497616122
0.9281232398092867
0.9739053289218234
0.4700725222009321
0.8301910873384483
0.9847540151173725
0.8604775721620668
0.6246037643705161
0.4406256796209921
0.054035256796486596
0.5162564638809307
0.5230540184187886
0.06977152063471126
0.05591510087157414
0.8337760263182064
0.3581270222921027
0.18630267853893157
0.5071536927432476
0.2452788449141439
0.5532138944941491
0.038677937705394794
0.13215533836769638
0.9957280092109336
0.07312586059567876
0.11963781166605833
0.42203396444592833
0.20804071463185944
0.0941715822957574
0.1926628043707473
0.9231759223064768
0.6253664414422723
0.05672552856167447
0.0386953555226193
0.6806884976757035
0.9707199546239348
0.8381254458648351
0.9446636694484707
0.348205410789247
0.615013880238732
0.8080572227879714
0.3414879107616193
0.7296408306660196
0.7825149430214647
0.4754311169875902
0.08911610966898048
0.9536110917251117
0.4057820651819317
0.8063357149433792
0.8370138568903924
0.7267286196959699
0.16353307114458066
0.5812110621956268
0.5555603736770558
0.6773882072816201
0.3633480142421067
0.8361050183527705
0.7305707431893065
0.6714251459087046
0.7950739451786857
0.06080759907098143
0.11153705261733479
0.7007297563380199
0.23413662717635192
0.42926629361726554
0.5170281165264669
0.5285329068344767
0.6429301460293895
0.8553080855260846
0.0669085348838454
0.6293218836398462
0.5641695544943213
0.5114273453974658
0.2687944641069676
0.09188574520981349
0.7197575799486615
0.5860450409299748
0.8481514822763817
0.615773125191607
0.11010565318875126
0.3884942280509216
0.8099149311927684
0.9926026043421827
0.1669235066968896
0.10312122367350654
0.40372085390462087
0.5904601104344638
0.9767780807270505
0.1257721526340889
0.6650676495569002
0.7648616385846443
0.9523984801402243
0.7926563015085294
0.5110386798490363
0.12463865035084098
0.6126152533203378
0.5993101533377758
0.767999481853079
0.9163609109493651
0.8882649646123404
0.21260608385199542
0.5837707851412586
0.9602999854319255
0.06915268423857494
0.37384548984982835
0.41217645840393025
0.960112295192224
0.8981685959541128
0.5956619907851113
0.9706052117890269
0.9369643456908172
0.848562534549542
0.5610611733424224
0.6524877773032645
0.6117164870476519
0.5146635523804166
0.5657590262450916
0.7830707602263345
0.34457532273581837
0.25624372593967765
0.8433384702244089
0.8511067851460796
0.10941628419129629
0.6387797101951276
0.638114910330629
0.2897342521959698
0.7995381417835116
0.5734768816867898
0.31447496955235577
0.6825550175977506
0.31210604833855426
0.8054064366794977
0.22538578058654835
0.17479872526191959
0.3682930361442619
0.4933844715692659
0.2828583924352851
0.8354334365146848
0.08839696124905357
0.8591640023355009
0.41013308780089286
0.054148296575611
0.12578054974519223
0.630527438012811
0.8592280969372386
0.14813441822967388
0.7322691020489868
0.1787997711855389
0.13020353731153717
0.22797807437548268
0.3280567641345157
0.2664386550322191
0.1194929721413058
0.9810622299883967
0.09414701797532157
0.10686290568569379
0.7247639701035351
0.9726176237802009
0.28544510038993476
0.07482361898252114
0.04576510405431462
0.1340604916298962
0.8212188877844625
0.47557113493366776
0.7795477735102314
0.08882319919092588
0.5308401219666231
0.9218144050240162
0.8926315817162178
0.048318785159438146
0.8290337579740252
0.18170113568178498
0.12394780831017313
0.7540348629163823
0.9791046673021195
0.07670207546986066
0.09239185916176137
0.5086624953327293
0.7812942181877218
0.7746946205611656
0.9075545336249589
0.036243946839426736
0.6662675535839162
0.8783576472952846
0.9524991142667509
0.9262076838851296
0.7898831413004139
0.5879303608781462
0.05821133522611445
0.694472289313842
0.2160907942964358
0.07531612677571686
0.8004849616593154
0.6664697405874882
0.8629010210633123
0.9318187684785632
0.16434432520660402
0.9354413830594761
0.09098697599350165
0.3765568212113679
0.40339789774846047
0.5709475858237101
0.9900098606246543
0.42947410331608127
0.9898691091349967
0.7698811623777089
0.5206684120637166
0.14628650885174946
0.18567920806983912
0.8795975094242731
0.10867169816727765
0.7518224023436157
0.9035331886719635
0.7208226104290872
0.09573352779311273
0.8063199407827666
0.40996428516843514
0.03651615609084292
0.9317811896269219
0.6067914029447862
0.465229396016425
0.6406949853611106
0.7907682934637028
0.9203148796755315
0.8209215905893101
0.044748921666314105
0.9886375013857099
0.08443182888505214
0.7873129149314511
0.2886671069756038
0.07162197053419167
0.7586035234846371
0.6532604101072862
0.05208730739583094
0.043614892068699174
0.3609230997069913
0.8745944932408984
0.03348244683752372
0.06275594567532894
0.9658300383557674
0.07994860526715093
0.9583119013261017
0.9593348389864413
0.09233168624174502
0.11036900195189026
0.938401248282724
0.21262232996804487
0.7791045342234829
0.048576565942932325
0.8800066924621701
0.07808768459159235
0.9140586088520948
0.11349538089930172
0.11561385091533252
0.12165308276096273
0.9155514009425363
0.42492488667162703
0.5195736228374991
0.6467599722115382
0.3655257833423362
0.6562612355913761
0.903272856962365
0.9396375729123396
0.10745984348259698
0.790587695032402
0.8755124087688972
0.9854010270003267
0.4756426115680127
0.5811899715362052
0.6947724552931576
0.7316726023036657
0.8604813030481628
0.7137436329481881
0.8780660112829054
0.14578240003134707
0.10926050884291173
0.07409793854101018
0.861423929909356
0.5664065522561661
0.37685979451682816
0.5781990194113321
0.41760046227530456
0.5634234992943079
0.4816563281259175
0.8027884100123639
0.8976882951846159
0.9129733402966771
0.268942367784386
0.972157280356352
0.8130813240169265
0.14695084369122544
0.801565519130711
0.09489628027254113
0.8201345930453801
0.2907334039424993
0.05484972201760623
0.6279415322180307
0.26389860915713453
0.4298425267190455
0.913152546346043
0.6031532913496898
0.7131928562639589
0.8576262308987171
0.12053562688287413
0.6664256898788116
0.696984093415167
0.3283181404550619
0.5280591771029559
0.8267937138158881
0.9887196981393429
0.42593037860596344
0.7551665340382279
0.9561654978329972
0.5279180623535813
0.238077574647044
0.699568570886449
0.7804552965167341
0.6088142988174594
0.21801462715123077
0.5854527719863629
0.7277365877978343
0.08189177603820179
0.8481294216273647
0.27694326727584656
0.763645181831839
0.9707621073424111
0.48504073424663185
0.7201391951475528
0.9579185456747128
0.4570493710421471
0.35219206938383574
0.8289534265252063
0.5085443553571155
0.060129050886412655
0.7113207718727084
0.4676269195737778
0.6026785039258646
0.142798814303105
0.052567013856487585
0.3367287045938993
0.5205969059806613
0.3517138987216256
0.9460342854249443
0.6548743315597341
0.9647766677278489
0.8664151225143022
0.8674646949837661
0.6782763393731815
0.9955128337988401
0.4156128991746457
0.5613054119228433
0.7812496395847273
0.2818682784449087
0.2473369915691605
0.04608156341740996
0.6868681380326025
0.7334984064000776
0.39032457222201283
0.7266136773815444
0.6537326798338129
0.10654761070393245
0.11752016010760563
0.027479576452635063
0.09208099664578942
0.7544898639496745
0.5850599349183607
0.22907570388527648
0.06711080445034054
0.14079907922914198
0.7212068983268464
0.02899583903538658
0.8779983591984615
0.08057063598977382
0.1328655527603787
0.12949673113018245
0.77418159147048
0.9948579780240432
0.27484637055872957
0.964402494720956
0.6021091729645354
0.9475945327318889
0.6859810256246894
0.783604953938025
0.7016494624782379
0.5070860914489562
0.9117903339122981
0.565658120404712
0.08728151100854138
0.05044284813347589
0.9055913855534765
0.6605199365997607
0.7489756656604529
0.9241026266285801
0.6415357526350883
0.5025459965057678
0.07357449215531596
0.42014785632263185
0.20305641504196947
0.21833309306434617
0.645538159193098
0.5015430468254578
0.4233181585468197
0.2793836030183201
0.9327310242148221
0.04404241527132489
0.854129240200689
0.11601555503047883
0.9126240914594816
0.307316280789595
0.5514279518001675
0.8213180043184117
0.11658705871227695
0.6118645669631881
0.7701577303825891
0.8618545838286186
0.07928392368742802
0.9731737974238901
0.8144098956347976
0.882213712650818
0.4015199259188686
0.6696951961862864
0.7439342434978602
0.031851172347075296
0.10053223136022599
0.46663740034645923
0.7342414886802962
0.19642179075012772
0.8769072004873787
0.5252758946603828
0.9502924331103946
0.7557153794329288
0.8780443813015382
0.19278523504103093
0.13135510539831213
0.7192141073260887
0.03542775328285949
0.4314894394403993
0.14649442121181389
0.6395348175288544
0.7507181807111264
0.19669502527587007
0.11097989613709353
0.8440077020499708
0.5151537462994611
0.6058773990266043
0.10743062817544721
0.5214845944270581
0.10135974550156798
0.7022669753685843
0.8334464334278654
0.042046887416063994
0.6174995415270566
0.695011973533382
0.08416607892811566
0.12824992260334217
0.10739743523806672
0.8989687339939889
0.12110319110255335
0.623989754112739
0.8864536731802823
0.43573017308230977
0.16669511434624845
0.7041804876815001
0.6151646479780424
0.7787321611609569
0.4330971258035997
0.7493331009826619
0.07722281375301851
0.7035316935242031
0.9884057118895686
0.884894746192068
0.08031310019166389
0.06062668860435063
0.8389595723892951
0.994979731948231
0.07328257577975927
0.27891494593621236
0.7919775794227604
0.11992683566855447
0.8061031455549157
0.7894776391298064
0.8301603616258677
0.8318151956297686
0.9286386149226104
0.7521470418106613
0.9379318660078431
0.8450813859970678
0.755647543248041
0.8735740005757882
0.7894137723341793
0.10015718710083148
0.8431409465194285
0.6880041037304097
0.8899083716008624
0.1488981325497001
0.8123100948644704
0.039943261823379345
0.9060302943818033
0.3050285553711767
0.12531179996688357
0.5247351111617173
0.11467757647372573
0.8186393248994569
0.9235003878348504
0.6348788491493325
0.9997174818234159
0.5110104373296913
0.5520501276698844
0.40626121917483204
0.7072465760331161
0.04206617894589572
0.9242916646234611
0.9405610182543339
0.98299280686224
0.9942239220571307
0.4878516375569031
0.7362244823675959
0.865186408387653
0.6959250303839388
0.8714050817493213
0.18100059807094154
0.818423178640632
0.2687786791548734
0.8856366819092549
0.9761491448271558
0.6419179921720113
0.8237457063292398
0.8506163857057283
0.8772063158210425
0.07900703340572715
0.46542894312267963
0.06744628039177361
0.08373541583977875
0.12853600566025308
0.7091665360483561
0.6440813776899814
0.21495441183210434
0.3776555210267455
0.8086694635637105
0.793822338753353
0.13311810728890988
0.9967612952072917
0.6340878701793793
0.7449917275280282
0.11564621025213105
0.6519481695411109
0.6984528441183814
0.05058657486221676
0.5586517849965889
0.9229790273711409
0.11047387965476084
0.6337269169560736
0.7390258446601183
0.07586016793386595
0.13824867181545025
0.2994419937936914
0.9626252747117829
0.5981144227754667
0.16254161717012208
0.058878270581403325
0.7928650319004027
0.15732406960461096
0.7561534363973914
0.6526514479429376
0.3033963496199045
0.9442735950666189
0.03643987898963001
0.6266748984143268
0.981983003840973
0.7638428953357002
0.8547053056038976
0.28967032248523134
