0.5185346431677479
0.6902954457660079
0.426922264791932
0.7268384909810646
0.950783665196838
0.25159039594942584
0.8230247595227197
0.7103752839001131
0.7219654956379691
0.8313512456843765
0.3368975079039134
0.5064190264877741
0.6003275193769138
0.6877395870265557
0.3481227456478784
0.7704376825720087
0.8892992467929903
0.7795039717650641
0.9903135198964623
0.5001152580234949
0.7083720553794488
0.8990924762962625
0.9825580876394342
0.7303292706931102
0.4499974361440259
0.668007477789492
0.7049529149262521
0.5251706144509322
0.7658678743478537
0.8959640364367851
0.9601793338265896
0.7524015491154089
0.9110369665604783
0.5313637988163527
0.7801094371112968
0.6626316303311913
0.8765084115458501
0.957896863955541
0.44390826295851793
0.6556131767895417
0.9258045258233505
0.3935658636370753
0.668330584414885
0.9337859640466297
0.6676355938037493
0.573849027093694
0.7689610125264896
0.7352666752166793
0.3889496649841476
0.6383283148622956
0.28716206335013783
0.8572569297158206
0.7093516393621089
0.9259653565280372
0.1498123545589986
0.865646104224943
0.9034784285171544
0.27175905165867476
0.5651448922415061
0.5570502513258228
0.9519346531492487
0.8034652131394864
0.20726394019682692
0.9773693623768603
0.8685245995964384
0.30655876636074253
0.7929765611615002
0.9681363792297393
0.781701118954995
0.663302585551068
0.7178589669118489
0.7275657783474754
0.450864708663445
0.6462482565528131
0.9961699635326849
0.7290154866375518
0.8052752474387146
0.3331265559729035
0.6036627262850391
0.7795699247167737
0.35501328936055393
0.9416369721226805
0.9836932952493851
0.8815134760773133
0.45799088309730646
0.5413984716972555
0.9958108976606255
0.7411600670140508
0.6407672999648286
0.8908528950886332
0.4272879184301446
0.8143504902769445
0.5133227212841485
0.961315440467615
0.5161082615772642
0.17791978833429245
0.8857768436921079
0.2852472320340339
0.9275721867979982
0.5569084459559135
0.9047211002442069
0.9188723622791442
0.6023388761736037
0.6563439978735052
0.6450016599817621
0.36688962364309835
0.6656877997625228
0.9442913276303143
0.9008203154850488
0.8713441165730211
0.8037000243240862
0.3933178350616142
0.4012963296454759
0.7227513873466026
0.27756800498537776
0.9315000105146463
0.6024817862635956
0.8556660795251443
0.22302535040863547
0.76020282548261
0.6501786933088833
0.872908515942721
0.7096064053414697
0.758325318041364
0.7118960415674019
0.5281553252023798
0.6586851396056095
0.5763517414328874
0.831517718663418
0.8525384338777331
0.7249758248049913
0.5121735853569658
0.7427514084573221
0.8482451530922976
0.9976475908204163
0.7076921254332205
0.9141469632674902
0.7616968460066266
0.44725397069944517
0.6173495626248068
0.6171863246772552
0.3260709105663976
0.6397454852690747
0.7903493929553274
0.7036147037007423
0.2942557629462807
0.2866277078695684
0.48542731729053357
0.5801499893415238
0.851077920999129
0.7612504316317128
0.6215729829880114
0.7673260269137857
0.1596405744367722
0.7294653076759546
0.645920128283396
0.9582232602004146
0.8785639947288285
0.7819710750509965
0.24298601163266625
0.43298366554035006
0.24763191551159006
0.327728939307368
0.6033131950802877
0.82222855830759
0.4712319547225614
0.9213718317864124
0.8526214135896333
0.7624680603809447
0.6620008253798335
0.46805823083369535
0.6487106349224047
0.8422011113830388
0.9928269890427647
0.867478083433244
0.9549589534484964
0.47650276796732877
0.9434741622889413
0.7736066677917965
0.8338302119859091
0.462977811684687
0.9113511845858165
0.8036917206026487
0.7358766924616668
0.8575436699052489
0.4387381474054235
0.35169964200621917
0.9082717319543587
0.49231068458382277
0.5474140238596381
0.8152402851886453
0.6866595059923956
0.4307720028812267
0.6426836576057045
0.9639565197670652
0.7466745478556882
0.3828948179911348
0.8471724688704876
0.7647765246327445
0.3102558276228616
0.8415934796717366
0.870707197841815
0.8541914027345454
0.9785677994317519
0.8848352029181772
0.5775553785070101
0.43861505475723306
0.4511463364920425
0.780435406937876
0.616658915720829
0.8371552874917707
0.5465690618455216
0.6950876414081935
0.8473075727724314
0.8461263939766804
0.9680657217192175
0.7382995230442716
0.8918635178790852
0.7383894595151697
0.7683874693064126
0.6054909559300736
0.6969576710772646
0.4976895025560302
0.3810658831237236
0.5181357673464455
0.7841302426028299
0.6642528593486098
0.7696966944240087
0.6165899980374226
0.8725108272312841
0.5753460073443798
0.6999892573984527
0.7803638576107822
0.8307840849462187
0.4297824024760205
0.8832655456136196
0.7772982078589429
0.2240891824696452
0.8611276322713455
0.768307592291536
0.8412897327831029
0.7439920998127018
0.8442664241536597
0.8675827941038381
0.7066923088622582
0.6305471288602075
0.447657094007039
0.26826985736095127
0.6933968617857813
0.2984203068941124
0.9205949402221105
0.9153413503154133
0.5048646589633812
0.8705868065123039
0.5794398128631724
0.7674177861555548
0.7952447754859882
0.7235768289244026
0.8319969100169492
0.8404586816848605
0.8643550464397568
0.27824769500892377
0.8341721320101527
0.7891071994717884
0.19263228190646087
0.8134095363814364
0.962430919382129
0.7302352560988843
0.7282525669089336
0.7592215421929718
0.8868154175663774
0.7668256966284299
0.4784550947936447
0.7380383392581529
0.7438498420481044
0.7532013997581559
0.7182533361026483
0.9622995663887877
0.538904611959359
0.9995210259948557
0.9222193017312585
0.947862921411726
0.5358036213908371
0.9778493208011025
0.9317760179275765
0.5944454929254768
0.8865647768282847
0.6085776869428152
0.7871786239176304
0.9468486168518069
0.4924504590089904
0.7554603653919834
0.5437289235420932
0.7980039417228468
0.4327716805479501
0.847552289484129
0.47242754333644693
0.846830974957484
0.5891538013220639
0.798475287092407
0.6074420776987461
0.9937498920902627
0.5908794058703608
0.1992909186512358
0.7900220765768593
0.8189558564773401
0.7934052757707075
0.6137168631931904
0.9742600506932608
0.8775220869594565
0.6348278772220741
0.7944548781267462
0.3857254296528665
0.6630176684016318
0.8490290772656743
0.5915516544896948
0.7702553095545998
0.5307272049424142
0.9674916975288701
0.7806930679788721
0.5832050713814034
0.7832892020465425
0.8134539177227218
0.4479200900113787
0.4806260934964667
0.8657000154577763
0.942781500171378
0.6239482610412674
0.6185595445931705
0.43964244808684105
0.7696725255825759
0.2926186543862925
0.9156276277975918
0.8626522191137098
0.8167100867861361
0.6078563803694659
0.9530026936420705
0.5331084311480612
0.4536749283885759
0.9273303383133709
0.5203012369345413
0.7345693881886621
0.9315704413660172
0.4487358955229669
0.6723374276512589
0.9706473672909073
0.800983376741808
0.8543511993080193
0.8545130059090729
0.5504504365559499
0.7949155105263932
0.8685026655151302
0.3786379401523501
0.6639728266288605
0.7546344579607076
0.6371566479464169
0.8502275657727377
0.9153631607381083
0.6861085582666745
0.8010319244589968
0.5642315182280122
0.5355934987252282
0.9480363171545119
0.8951490386267171
0.5084647938499989
0.7592812175815794
0.8981707864851579
0.6378782933606624
0.7848089170679111
0.7480370398532846
0.6681000926129435
0.7845240546871551
0.9628991290434274
0.9078823862914864
0.815881624718956
0.2696955569327033
0.9659773100535543
0.5226831112478622
0.9918105499220435
0.658153979711851
0.9886676418342384
0.8361294088557167
0.5020794365923257
0.6510447889229348
0.8516464693089023
0.8921678992070992
0.5967808885521935
0.29392249890006206
0.7162653371170659
0.6892431902503344
0.35472834598439795
0.5199100215364213
0.7179584282928517
0.8004398117578698
0.7927121636411714
0.9565312240586767
0.18388985480828085
0.40450107618942177
0.7546694327932922
0.9424067323134866
0.7951403169078876
0.8435935085492303
0.47743214475841134
0.5443043246977372
0.8826192558652812
0.7170509959440456
0.8805165898656516
0.8923631457112489
0.42859154800580634
0.850938484164441
0.7419621936105975
0.8975024987020291
0.7416409140579969
0.8147481951058254
0.8834979134807381
0.4265638296248151
0.4990863138388891
0.49670500085634395
0.35724438209077286
0.5389933551694791
0.926953785486273
0.742437169799055
0.9394156642599296
0.6136683911238796
0.38258601919118895
0.7459975431873549
0.9047929951193514
0.6501191914129678
0.5230748802813838
0.8315884032649524
0.6263923542745379
0.8501135988928012
0.8847340476242529
0.8838518553367205
0.7554283180437951
0.7534486557875053
0.48761475707232016
0.2288072811172777
0.733755190710763
0.820394680088526
0.739652822907567
0.6844683821450731
0.47159802164685505
0.9386653771094624
0.5340318531903298
0.316192694818031
0.47822670038348297
0.4656231792192455
0.9029772808768368
0.39175889097758343
0.49630392709147614
0.6588203571643075
0.7957165443582952
0.7091380012683693
0.8216386929687369
0.7956089139901843
0.4911949572498846
0.7622208087933713
0.647422765923717
0.6645939426407503
0.7420379846812062
0.8741117275080434
0.2342254870119333
0.7993199564710244
0.4516104317746826
0.623813464903159
0.7910491694125827
0.8915676702920099
0.6152169723253262
0.8307231808272983
0.5519787799971219
0.8775703843897465
0.8515214610930084
0.7209241818783438
0.33209055217770983
0.7430424831827603
0.6856172098787107
0.9384894625768905
0.8183165640266852
0.7588353763619583
0.7263288969039083
0.9181944708286416
0.9429245558690418
0.6666194895374806
0.7821751294686103
0.8884755846808108
0.3128593375543474
0.3888732603084777
0.8134360245914581
0.867747052926056
0.9630922132493858
0.45205747927518936
0.7963549791597371
0.9909775187374277
0.46115047802062054
0.6653247898331444
0.8232959515142511
0.45399552528527376
0.9681924711536816
0.9076972745583165
0.5951896323307917
0.8188478444876011
0.4190376185596365
0.9836630758965677
0.44487439213163016
0.5634438831225992
0.5430457510579519
0.7147175682725704
0.7495635081766798
0.7544484577323898
0.8513393045317355
0.9966989788632865
0.7998267812620736
0.6393515463689756
0.8309534118322045
0.8396802302212585
0.8531015080724077
0.722856764381159
0.785357351552128
0.562291929084562
0.8108487168595069
0.8630684497043674
0.8926965287946977
0.8367844882254735
0.8365177572278643
0.5810172673378446
0.6961950216341467
0.555498406160663
0.9884887683330832
0.9358856175973559
0.7952838811798844
0.6455768095596088
0.3938595318200575
0.809056174891488
0.6388025940865013
0.8376235676965329
0.8194664619010887
0.8480733426780331
0.9041810358457187
0.7598098287404207
0.977069264284048
0.7375762349536641
0.5273520509324007
0.6465281107865015
0.38099680775626954
0.9100470187992751
0.5803281569320127
0.8792749727103709
0.8182743801973422
0.6262655359401719
0.9397800934542391
0.5985016662826586
0.9202352046693167
0.5745486988557148
0.5596602127083109
0.963223678092435
0.7268370744760579
0.8885433707613111
0.8045063625905251
0.7735447959038178
0.835876467743784
0.9463803547981045
0.41385646596349623
0.9365764786689139
0.8101109703653798
0.81012913935538
0.7800456372150584
0.8905451692587992
0.9770040647081647
0.5860802577829402
0.6148209460983824
0.799331899276104
0.9332892978361165
0.31826508586328983
0.9293492872949549
0.5632243371527905
0.8657555354309298
0.9309711988137116
0.8020417045606499
0.9212411521750468
0.19904520953484095
0.8071086829019556
0.39672826013534257
0.5077842207619335
0.7824284343767791
0.810282594894372
0.4032532646658976
0.9807070958454589
0.9068987492257254
0.9328410405274566
0.7688569920872689
0.573193720275341
0.8325561987396068
0.6026079058974346
0.9411608612563422
0.8407022018361265
0.9215824862102378
0.9168758736110462
0.8072176179380868
0.7050100947532238
0.7596035251099065
0.47078180269631287
0.4973081237165525
0.7480498190522469
0.5678886002934204
0.5647748918887934
0.8402589817244468
0.7519402792766949
0.2948637742419905
0.8154013211480177
0.8806930684558496
0.8648878383277102
0.5878179532553856
0.35305694570857526
0.9235401535560082
0.7186670552372763
0.5456638218951496
0.5782986927676205
0.9478661435945537
0.7322643489333069
0.5084902626732791
0.42722858453466106
0.6054493710657362
0.7587969068896496
0.7884569796334304
0.8017003955260416
0.6655553281668665
0.628378696517647
0.2662676361993483
0.9095842797391525
0.8325432859398438
0.641254394569287
0.6868829723178567
0.9292423443385428
0.7180121830299666
0.7569800474654304
0.3757024248546831
0.8035221809626731
0.8110721374535734
0.9231962047100224
0.7456229003088286
0.5367013707363562
0.7986500012777027
0.7543893458044466
0.56517930777684
0.8294794020051601
0.6115770348064088
0.8492192080123587
0.9127097897233974
0.9497119165127051
0.28778308039005374
0.8060987417798681
0.7932695450042982
0.12314831710854279
0.5788689195851288
0.9589209436629986
0.9013440363881529
0.7535766037169747
0.9382933441819106
0.8566861242034114
0.7489578432477013
0.7880554752103692
0.9602201581393015
0.2466253740468143
0.9637968792914395
0.7953712417740206
0.7258619386355875
0.8751361392439854
0.800137697126076
0.708622282587851
0.8320483846134841
0.8152218887269745
0.9473466762111284
0.41771431876928194
0.5835479970554185
0.6746393931804122
0.166770780240093
0.44476749441773744
0.6854621675704446
0.8800227938323801
0.9109208541483935
0.9643439915879322
0.4475908227061744
0.688045026124718
0.3520213104330844
0.7902144336820471
0.7193163466015455
0.985543445925589
0.6844080119898096
0.6174153956211432
0.8183030988678202
0.8615553116797644
0.8870204200335358
0.7999376021524836
0.8361558597806161
0.530484991616408
0.8050968519048832
0.9261458181804114
0.7089939429101298
0.818348150210481
0.8284223484388265
0.8623496875345784
0.26150092719840456
0.7500123356781692
0.8521463812301674
0.8385185788871621
0.683585863981553
0.8440242413066645
0.9760752825757353
0.5338987367537281
0.4258620334740911
0.5548660090232626
0.7230362836231043
0.7094981269881007
0.7924855003762534
0.7352871036342395
0.3083884551132141
0.8518232357166009
0.9110569379966983
0.8380426299006181
0.7469776451032567
0.9586414421896063
0.5671143946502201
0.15639086427486748
0.5193909578276412
0.7441701656649857
0.9609007796457876
0.9472975164650923
0.7352860898640872
0.8573288556192229
0.8537876230021557
0.39891929309883467
0.7914286937325048
0.9828561717265724
0.92452156933136
0.9109768246239948
0.27740674399715126
0.9711263957950873
0.6844185403968238
0.8596256844694727
0.3800336316038253
0.9637567605187244
0.6599091893384439
0.4880961034172857
0.8734022480703112
0.8865055917154269
0.9735002161660921
0.6299368614676307
0.6765228653067122
0.6842485121232521
0.38821575348071347
0.7904502598630967
0.6909620644638479
0.8070102277164457
0.26894907775872845
0.47844107919165035
0.3941013122951509
0.7988849765176509
0.9334626114712508
0.5526021876484174
0.9511088154047618
0.505339785172596
0.7980503665367544
0.5073550882472557
0.39529928336863984
0.9379616403129938
0.5493811734709626
0.26590477302704585
0.892753945136685
0.887071885296413
0.191573541440613
0.4715277434562209
0.9112043062079744
0.9168313410993192
0.874912458245297
0.9402666228704708
0.7759062384726082
0.3351473157040905
0.7854985648512357
0.3503109614287752
0.9001175997203004
0.949578176676405
0.773820507567311
0.939532440948278
0.7785533664873983
0.42832512987079885
0.3711229423472362
0.5200380399655229
0.5981218956943564
0.7741938923423342
0.8643849458170305
0.9592715386479151
0.34008624949707134
0.8188854304705317
0.6648383232701858
0.7566109020506901
0.971572599508516
0.7453460717160488
0.4729734116821289
0.8367057053073763
0.44580493359146645
0.43062493710135585
0.6568511503332716
0.9083784793440551
0.9519404180070525
0.7452219676901374
0.7550428441720882
0.8545593482334344
0.8880874996843853
0.44632106155961615
0.8260928159713503
0.8383023756672958
0.22947497448574555
0.8936251506530792
0.7860981314519336
0.3470687037798993
0.9049471555228481
0.742486950469404
0.5166023173363372
0.88717278916679
0.9269081153530003
0.7478844141388019
0.5854893737583676
0.26125337657114983
0.8468325589505072
0.5393755180393618
0.8738394504567053
0.9566922399122826
0.9010978601669901
0.32747255499410655
0.6311880017110341
0.1653926675224381
0.8198603477413225
0.9764821445266223
0.814927604509851
0.13369033388915336
0.9042653781964086
0.960042335863662
0.830792578647527
0.5418902078762591
0.7605972612796902
0.7780336828153953
0.7670405293741301
0.6564921850280021
0.5108281886055817
0.8851266394158235
0.9678788206940745
0.7128447169195615
0.6937956841777921
0.4626127372217394
0.4979316278743711
0.9530805527848916
0.4582772433276533
0.8410443977644562
0.45183477609726463
0.9272306482808266
0.7932270766732004
0.4441915201749562
0.7912239711433791
0.6621371844618407
0.6547718542828083
0.8479461808860689
0.7050709519960641
0.8503786016360444
0.6598267945430947
0.6966440983069135
0.48888649884429153
0.8838778189420038
0.8923275432183759
0.4933965266142126
0.8595973133908239
0.5002816989113551
0.4654118363785005
0.45545475177819594
0.32991941623044546
0.9183949315303245
0.7506135518500087
0.7110667445588135
0.5531426930743739
0.7766059010233526
0.8017536288095088
0.7314384540791492
0.9422602637993038
0.851734791647043
0.7104444507137196
0.2705026550048547
0.8157097755852014
0.5221008525874978
0.9701344127405169
0.3638600389506227
0.7936292477876795
0.7212714216749048
0.36802624053280875
0.550085713755359
0.9918853622174004
0.8662983002123308
0.8557520568683612
0.7034795989208095
0.919565279952385
0.16741153802280997
0.9802350323177154
0.7901984265637045
0.5123628821863595
0.8689424567262756
0.7599370565352985
0.6069018177701205
0.6676465560141096
0.6810902884195927
0.468619596333133
0.5271382903252293
0.7824308200964243
0.8841720829474753
0.8263820819698352
0.5959583267253197
0.789081978954882
0.6631848252435513
0.7887472458222027
0.6213735443671009
0.8425798244678497
0.8645569910125892
0.7215845544438617
0.8906253448683341
0.18832882336793444
0.9118658879529904
0.7039161507022098
0.9313508246598561
0.9756917917186242
0.7839642628218653
0.6215653181492569
0.8956292457807296
0.7222890381523166
0.8061020045925154
0.6169409564389601
0.718595878483324
0.6101782030716497
0.7434954550470141
0.6031930514791501
0.8407326921290684
0.5481997742553792
0.47813746149293956
0.8652211657485294
0.844766990169929
0.8221673094384299
0.5014797587449303
0.6361978645588953
0.4856903846222852
0.36129121157675326
0.7311991601353801
0.42435824083156504
0.9147333179279342
0.9249984293109672
0.8593988566449904
0.8635624054201205
0.9074085133190761
0.9717017078297024
0.5510785331862784
0.3088587237608709
0.7460106124627643
0.8604017478608085
0.6803941187996596
0.8839783333024653
0.45970521923965774
0.5433769537259839
0.9238007818633183
0.5768304449751643
0.7669666679091839
0.7492844137836833
0.9076420317078076
0.23304226648097243
0.8367166365605088
0.5043090071426711
0.786047882791701
0.5341695827915525
0.5383155331172337
0.35424532426821953
0.9942357751235147
0.5407456285427974
0.645369693005599
0.3105342249384755
0.87567755494501
0.696853504168429
0.9153608433618441
0.9536537251591821
0.9470756709537427
0.842521143404447
0.865091187135838
0.2609309193783816
0.36565458391939876
0.9134561488990778
0.8305603019714765
0.7054299585493142
0.5584400515896254
0.7653930048658195
0.9207507498678215
0.8244774897900785
0.3900407427944581
0.8691629277652995
0.7197267137311051
0.7924299994886879
0.5124527918226421
