0.6796340766638402
0.4146709827912448
0.7420450852519087
0.1281024393324965
0.03573782416746732
0.7835726204093749
0.8501451558203846
0.7344879336213415
0.027462322561264615
0.8595136086270555
0.5329726504878464
0.9181783641136778
0.8321679108076105
0.8996587393318697
0.5791118595518678
0.14962529330809532
0.28075082686675623
0.6866142545554054
0.8032375616171498
0.0045182337009285
0.24186738595750135
0.07375924527100483
0.09089034581223876
0.6748552088147204
0.7801101908875238
0.938912463596607
0.4109654890060014
0.09584237073643362
0.8293292236944925
0.5317739558148236
0.8529417298216262
0.8606619947030085
0.6345534154343526
0.027857394570834103
0.259872062084102
0.766159537652797
0.08268956465874239
0.8242658434094767
0.2230980773989712
0.9963571209347171
0.04589463481476788
0.7686354979582197
0.011515193280389309
0.9176729127949825
0.7526971825826363
0.7104476622358811
0.8921524826979292
0.7105304272437355
0.6825478411473997
0.3538257242435762
0.4606430220736165
0.6332615264353673
0.09132241814282158
0.18902190346838932
0.9416375973205424
0.7449433164747165
0.030215132014257157
0.8815817366594572
0.7166854993015124
0.7622242806456947
0.9384618423123997
0.08093930719660192
0.8906787288441401
0.7189458998557194
0.5118913031888903
0.8505984990148077
0.9913808061412119
0.143836413065973
0.8995539839428097
0.6902022054178256
0.03556402290200489
0.9574322506680948
0.09808917913240522
0.4202363365305001
0.17934390074671563
0.4307961018603269
0.4636127249520209
0.8818062381763032
0.7667797945337007
0.5143800758199035
0.9299932531828623
0.6945254783971673
0.07647034590945391
0.07796714532632619
0.28212583912521416
0.5753819557497992
0.7257808334330456
0.07704544141553588
0.8511685589616311
0.7536410344325547
0.37761068304023526
0.1595859497653091
0.8446866816581586
0.07090773330147956
0.1900667480675962
0.18069558695053858
0.8281153840009822
0.28032017025152156
0.3016259142964731
0.9033057854666657
0.8361875658436235
0.3937271378880691
0.3988967169213784
0.06318324294945035
0.9159073726093614
0.8723582614039347
0.6033669670897266
0.9259311731469815
0.1897494052031194
0.9096171104067714
0.7102993122376997
0.8455190175176539
0.8855593312656966
0.7183919531974612
0.0967110822394387
0.597081952314096
0.8579536805973909
0.06123144853975207
0.9745221556544983
0.028697885005108757
0.003655991949633182
0.9503532148441141
0.7513038394859259
0.8158259976530159
0.8106313363069588
0.15883478016691033
0.6515169487481798
0.05550489100147343
0.3083918279828818
0.6807091348751808
0.7472880450853943
0.9397441672244519
0.01308988656706295
0.9310359186857595
0.12294499244588339
0.026551583285688695
0.05717032026633129
0.6357924231958918
0.8943540826251373
0.6944252557748005
0.639951797640055
0.8705847316311147
0.537407683695754
0.6836704769147993
0.027436480061291332
0.8365340298583881
0.5782135426165249
0.4499037788239648
0.5550601614945857
0.16000445307897235
0.28700297819667286
0.7625323041458958
0.016751678282239706
0.7904171711651737
0.007477835933297475
0.9845741602062995
0.20117631846552345
0.9275310015978594
0.03252285831513207
0.28953391539605083
0.07990593930196635
0.28967792562952727
0.7076995273816896
0.5907963293211299
0.6087393277343531
0.7073356063778466
0.8564109370426802
0.9614738726700107
0.2603942002082922
0.47583849569624315
0.47495778282202916
0.7794137885839674
0.9990906564677742
0.9817748224398918
0.4082257663850799
0.4560330588132816
0.8893072533455041
0.9511376407657125
0.6082251124296432
0.9735408735398692
0.8658602136321867
0.6650553160380317
0.41452132850390855
0.14401729657425694
0.288491502402435
0.8004693027352949
0.009464819924678188
0.8748404625240654
0.7049122266423059
0.02599293403491587
0.04744917523910587
0.18646713895911082
0.6741126369585888
0.9665826562822516
0.6289432868232739
0.2933444831937486
0.05444985911431229
0.0642958669231748
0.029969142992888827
0.9888101445934319
0.7735765927119528
0.8626094147301895
0.703835712228877
0.03090970125979652
0.563460584830785
0.01007616231910641
0.8574537093430663
0.9636359842315443
0.5232293733308298
0.23291555773298553
0.5751940711558746
0.06689874623127345
0.16825010192116693
0.8913043777172569
0.5047897169509775
0.12018805658643039
0.6739491083959892
0.8947634485581423
0.3903576672654463
0.8800691487182268
0.2094698140143208
0.02449696620582882
0.7095926556385199
0.7123863496576355
0.45206492133145726
0.9320825431497237
0.31498132642582427
0.5570066559261307
0.545297309583877
0.1634906877131721
0.6502370241955262
0.9541905463519846
0.9958736244427593
0.05820425022468092
0.615239112221758
0.4851936449801447
0.012067136831640084
0.054070952806713674
0.05604009110659564
0.9535304215676619
0.6099957937868503
0.907871925329565
0.9830136008845897
0.19217903998388922
0.9349177611997737
0.94393913388251
0.7611008120267343
0.7430281463144066
0.4059826232451855
0.6624914735339872
0.029205581318634613
0.06236626633099922
0.8750791274506738
0.6834760511103731
0.9674066853961321
0.8799540894774674
0.4530571469800853
0.6718060044221577
0.02262788120230411
0.9167038973099477
0.0293920347803312
0.8540231351874408
0.29899330079762515
0.4577451097028764
0.7916495980264465
0.9877556917993493
0.03181350610695335
0.7505835835074455
0.2606632538838344
0.08837640564201772
0.7659968609274667
0.33195341540685397
0.3148927405376845
0.09566634982082309
0.23285688065061708
0.875082045932156
0.4956102013039856
0.5309793152869889
0.06410199979156522
0.6919445212214715
0.007692232815264296
0.4895594957970969
0.3759946108983243
0.9066303124689078
0.45928460717641967
0.032867404176999404
0.169118884902987
0.58912347222231
0.751160891455831
0.7505198334019656
0.7025153457458428
0.6975820741113851
0.009323158216028488
0.11180814056799032
0.03305016239121793
0.6518827457891762
0.3276782275763521
0.007574998504514203
0.5662134011431605
0.2022515628328892
0.508840556453328
0.02210592977837468
0.5028639327432568
0.18086967568916767
0.7003142490553573
0.2622353539408617
0.8390589850239155
0.6107373309015879
0.35100081704933206
0.7524528720622343
0.018351290684351866
0.36725252732242786
0.8557876020879515
0.7107745921180687
0.16707527913351794
0.38587497223717365
0.16052846788602987
0.8749577766540525
0.28951311296508325
0.779527399894855
0.06701231532985383
0.5499896796841953
0.15475972262576065
0.8140368434271431
0.3297483480629718
0.6777115311655141
0.2805422918534162
0.3851826088095971
0.9220319458122224
0.2999855768622386
0.4875099329682733
0.6640532884121773
0.8292065920099648
0.8211002296236691
0.16784000775341396
0.24676215264187815
0.07188387503222365
0.06884894024787942
0.8287514994760725
0.8008390769358568
0.855236781727235
0.026967193507430605
0.8495275963732571
0.7838742321441997
0.25697246697787157
0.7888706430992275
0.5392614876592466
0.9784463667516543
0.15095181333141977
0.38560248538568476
0.08752578267381611
0.13812398924137148
0.20448464611192976
0.5852976876977458
0.6702810080819485
0.1268283740004203
0.16996832352427613
0.1716747759476112
0.8938984516498532
0.02134375775370445
0.465574814705438
0.6264932820287632
0.12495648709483347
0.5192050989147153
0.7461588709638118
0.6835863346835228
0.4819416447138704
0.24997166757237227
0.5140957815350737
0.7038286074353025
0.06266327563219694
0.26591757374745156
0.7168653433850529
0.9369924584663452
0.9726725747127462
0.6120698577320496
0.7155022049840116
0.8174436354589962
0.8173556361422183
0.04892320334068632
0.27658684008972223
0.9359411528122776
0.7763066569942954
0.6289500123811897
0.006672160755269874
0.06188631060405146
0.7153990759541765
0.058132199950139005
0.3269390106599714
0.4294946729772349
0.030640062640070895
0.6590141212387651
0.03091526104827392
0.005115744646404673
0.9013087358619399
0.05622367703072182
0.6415311819626387
0.5474057540293312
0.010211046504274792
0.2866886174083066
0.020670682900551435
0.7794244059120063
0.038258012663858455
0.5038567137265163
0.7638130466291613
0.6207808304984754
0.5628966599939322
0.08080349706659659
0.07462995494896449
0.06043259346191738
0.8157659486203963
0.5928102959103877
0.777513427001713
0.9685338051156348
0.1813283714924609
0.005951240357350843
0.40002642168715147
0.7055738964656012
0.6956039089007081
0.38498890115133044
0.9387785984843611
0.23142416114388129
0.8924818839723658
0.3039677349108069
0.5307708304336441
0.8292544932817185
0.8870986330499484
0.5882881040329262
0.19596878572315518
0.2241244861302566
0.5622478596429155
0.8105691344472736
0.9991772500941867
0.5051374244579773
0.31458239368127405
0.8891715098726026
0.41985557347144414
0.613667947300686
0.2047102519941658
0.8055677914033241
0.6874030203569427
0.055262974192761175
0.08443859128098939
0.019554221525515336
0.1051541673215732
0.936849382561771
0.9278446794865975
0.09463643256515136
0.6544303961456327
0.0761771717039571
0.6668381569709052
0.011315523051174114
0.7780341035499092
0.8792942564894246
0.16665670829224902
0.9785577835545722
0.25713032445118794
0.4634730829218028
0.25056969197585527
0.5454499363541802
0.3019593921405862
0.5556497257453217
0.011783896261621938
0.774243115813037
0.5672118826200196
0.8669834534118667
0.05836746077546927
0.400235824040848
0.8479707519857425
0.5921143920403175
0.27322140142053364
0.6419476084085818
0.6580842127606704
0.9074033564275876
0.5055379667898238
0.5822851025600128
0.16254387147815846
0.06403808514855944
0.5271729525210733
0.0810688250914907
0.10419523265893968
0.9966504053765959
0.6282444665312612
0.37638186654952566
0.8008437995639078
0.18141439795697029
0.009084002210154759
0.06995801803100254
0.3851633885087995
0.781221985676535
0.3585218991184135
0.7225916636150159
0.5719401762957518
0.8187507124176028
0.6864434784183454
0.9040443490827615
0.0757752012965856
0.7787481812369224
0.8280892091184201
0.9122538265788509
0.6481370951421556
0.9554277401478439
0.3412255609746349
0.725883338710713
0.9951731859168171
0.8878135146703288
0.942676846714265
0.6671526539405588
0.4552590696326372
0.8382947163897205
0.44320062600543225
0.7405256379012947
0.3127528058728865
0.004155776459365783
0.7585581660603931
0.9385081257988624
0.6903540832359024
0.539996293428916
0.14218880496596692
0.4464532765518827
0.20658974700728677
0.5361719336750425
0.8286022913306456
0.9718782326102057
0.6060303635104172
0.9065451573238263
0.7327520898708133
0.8168950833813275
0.057711029970130695
0.8850020322863377
0.5659856678641993
0.5133715369134123
0.03376749017295583
0.5607694383076529
0.7569237535457365
0.10746702734637842
0.045705758882393074
0.952548947903775
0.861121772505336
0.8064665949215032
0.9813889538084919
0.1677368017215813
0.06474261316297013
0.7187846060334276
0.8064675743217289
0.8481893849831923
0.03617991870836624
0.09203922782521504
0.5061263656416033
0.5164354573164915
0.6581354446990946
0.7154307928321232
0.5841873071531458
0.8320365667805374
0.7880080251195467
0.049767513999955965
0.9861509865563596
0.22869277491261508
0.3757154382165546
0.927087489832641
0.38239533675705906
0.9373517930181116
0.05934453056107862
0.03351328335977154
0.9096018415466426
0.5148506803754263
0.9013485865511792
0.8307849706563311
0.5721529827514844
0.02200495250764735
0.9720010041220125
0.04403896323333909
0.8642532255304584
0.45287320853131663
0.10613295800494416
0.032791161985177744
0.9330916953963679
0.10882024697997586
0.8602445752699311
0.5971728001699126
0.8683019039069613
0.9880961801995227
0.16916342786068367
0.4428834296361391
0.978799409531173
0.01739287238150402
0.5458285892619354
0.6856741479705454
0.9488638051614596
0.7327338129650927
0.48199227627476704
0.4433484705278145
0.9462928530889356
0.08594406802267146
0.3985303131138314
0.03361660605812764
0.15793217553596228
0.1492531853943071
0.06011991173942953
0.7104797146021788
0.7168884444210886
0.2082891026335846
0.04453273790876547
0.391500559040424
0.6817740254432725
0.6427530380294711
0.8199618471052587
0.9066713903659894
0.3826631139862089
0.7134492997965565
0.8869538392249943
0.0755463274585039
0.9507019360583185
0.8447440104270512
0.009796385458715398
0.17892478122602756
0.02529049517299554
0.21144915708976914
0.005947793317984316
0.08553410205506509
0.7541586785066248
0.13550148727528896
0.09664799717573255
0.998656418007279
0.4178466958227641
0.17566930973319844
0.47790435548610616
0.670653349179609
0.30632679412758995
0.06293582880361945
0.22488130191261832
0.13108952890217246
0.05300941756458722
0.6709016716024789
0.06369276531261614
0.03219745462582215
0.08887072495729165
0.10445243014347405
0.03526838318290028
0.04600361796983954
0.7378354587679458
0.9515000411805719
0.8963011044286993
0.07574026477784723
0.19446622423473017
0.08251312940610571
0.7740661228035848
0.853902989700378
0.9173435510736376
0.9352859959064443
0.7562423664061129
0.11851991657144878
0.6484094907281607
0.9555821437920555
0.11910090342036618
0.4692953718529561
0.3100983647159569
0.573863480308603
0.9526305971697556
0.02220800513220692
0.8245996763448117
0.8014795380738181
0.13067119623977436
0.0399872649948557
0.9736788512058465
0.07190638027354038
0.8895053497976603
0.8849169644845751
0.029130534795126423
0.5946306282364238
0.9932129534469055
0.10488822220377561
0.9112223031139974
0.8191732491038155
0.6041606829304906
0.2243924517545059
0.4504924476196897
0.3035720469205151
0.7999381518719304
0.8196761376618777
0.3417501283250059
0.9317506734305938
0.05493707241480843
0.0786496586025208
0.39779643745765314
0.8195355183574249
0.23237681553796347
0.9272271919868298
0.5556795303698876
0.4538656186544823
0.6135698644356262
0.9152870444818808
0.9206696802338991
0.7630188908225504
0.7035778580528167
0.6488407768973551
0.8303618602261691
0.7179809174159778
0.9558753754068472
0.42817910577299867
0.842475867859253
0.26974289840346855
0.24720400495136644
0.01348204425413777
0.9284941068110752
0.8993087800900836
0.7803691296792661
0.9821567495160191
0.016289454269168092
0.45009958137582373
0.11353005019277676
0.9389166909492552
0.02448930202762316
0.1497569251583714
0.10974582085837771
0.8421242292127146
0.6832601492771855
0.47108999133448404
0.2806050226222878
0.7179855625454583
0.9600507437069968
0.7969190643446789
0.23125415551648576
0.5903709049177013
0.6188060526964644
0.7825008742354196
0.661189166585533
0.9759359527648781
0.111832107748396
0.8754171121709576
0.7647467416135911
0.013396969638154527
0.4262146336469477
0.7404111088442905
0.53189654011525
0.7121617964512597
0.7268205874169089
0.75614321886182
0.8898074096691644
0.767575520296679
0.9067549556881915
0.0759728645109452
0.42431950777709676
0.04318032318470218
0.8013406734730647
0.01855514828514025
0.12348813692861646
0.24464278293874062
0.2693476997374358
0.8663806412234492
0.504209993053268
0.7693766048822763
0.22665787070701254
0.3538891157364269
0.2808121909699759
0.7601194652146028
0.7814022610305522
0.7940293934859499
0.5677733680475657
0.04073409286541241
0.12622123500473026
0.10967524689622296
0.9402862345318106
0.5501833001140432
0.09445703931819924
0.968115556238718
0.601301657452785
0.6787852524582473
0.1975133655516171
0.5251081467809791
0.5137811458224112
0.5635972203561792
0.04177552854994417
0.9618968450021822
0.2044019995062977
0.007189742382427108
0.6979369614287778
0.6330276686893372
0.3749338492975315
0.011505184370364518
0.16516187266673146
0.5307531741098734
0.7988831234702316
0.8402383921666818
0.8900113061435395
0.7629080967663093
0.03989884032917559
0.9967078964478431
0.4737176427454274
0.9186646767694692
0.03743304791362292
0.7785506669772
0.10757540477973379
0.7977097160832902
0.7531341273217855
0.7652987264333877
0.7345213576677989
0.11760610128935223
0.1311779607521984
0.3006862908835001
0.09368918984846669
0.03521663759824377
0.17063990001619408
0.8963298229455418
0.7737348359936704
0.6100519008122254
0.7706007633131495
0.7123042044293153
0.591819997275771
0.5857366945917086
0.593862986154709
0.021674919574885612
0.7676601746602459
0.9141018360787752
0.8552461373611859
0.9478739908827191
0.547102474075349
0.10618266748722421
0.03849827064877841
0.6762551220243773
0.069548997934051
0.5623033569182558
0.7938185888584954
0.5355487171088876
0.523699144237263
0.5372069930004357
0.019963129090027107
0.851962882516653
0.6324129906443337
0.07469964690849354
0.8318565498788533
0.777303109227282
0.0939169247052109
0.9567613170576027
0.8512109939332551
0.09843439066559095
0.02010962998233182
0.15126454002191392
0.9366168441555548
0.7370059593569256
0.46687871101575484
0.856144405487852
0.5570286849122184
0.07540840810015426
0.8675783598220087
0.4931336619852263
0.8911643926348116
0.06368336730772643
0.8432340131855054
0.8288038757391312
0.47464065510479786
0.4314801924609404
0.326946026106351
0.529702011844925
0.8195732429673448
0.6543734223210508
0.34680672938406787
0.6131271953108676
0.7682663665908014
0.6919148971248794
0.011454673826286413
0.7146000194685015
0.24986268758094826
0.8660760805134001
0.5398747108417561
0.011135876753003142
0.5258490226021092
0.2322104092709403
0.5887035997097075
0.9556579697974582
0.3086977663365189
0.46339518053642836
0.3575804330125295
0.11751695627011216
0.4607456399192405
0.9035801966840056
0.009179885292393396
0.5552080988739738
0.06789680072403768
0.8309397292030096
0.9349124227175329
0.8726241222020557
0.13507678129527223
0.6608021743814649
0.14883831014932986
0.7149993375297458
0.8753673425706482
0.6929902464412853
0.061928952056520534
0.21790216869120654
0.7909210351433572
0.8106782588110951
0.4391652707451712
0.564593599722142
0.6503423318264763
0.7456770380665998
0.03845179534833795
0.9405140885227048
0.8114746806910935
0.5745296126223685
0.7292324755313229
0.7425723546692939
0.6037677033253549
0.046946424229472164
0.8920559028531458
0.5697125325053145
0.8011395874515832
0.8251824465875354
0.39731331840482514
0.572503505519341
0.5280964954931706
0.991372799047356
0.12054080142279644
0.35530267628791246
0.706432424728306
0.0868326632489012
0.6917662619210926
0.8611109155450547
0.48328939667167575
0.7319927436481493
0.5465349230836454
0.1669979231737924
0.9594089557020025
0.7207598828776658
0.01735185643978255
0.18229205128912093
0.26956657075537893
0.40914837561036743
0.7983973419390308
0.43988659921511086
0.799912031048349
0.939915259456727
0.37566469567707483
0.0403140811832636
0.8824333712134739
0.2557516930907335
0.4096986116535698
0.34628264425148686
0.7536034523492281
0.539055140337757
0.057767288855213
0.6793511793490868
0.4311194344304034
0.7833161029401499
0.5749149263585094
0.10701400129354262
0.40606344193024185
0.8585468344754151
0.892708873253016
0.8523678677009543
0.9477894698486848
0.6664869346906187
0.9680943835241529
0.9339726757098528
0.7492547259419584
0.8043708182803446
0.15624517596480686
0.916616833597534
0.5698716223847631
0.30907865700919823
0.6648387412446185
0.7136368727978197
0.041931107999151576
0.2059541683866319
0.9076975588638285
0.4549091405525487
0.9186705344910208
0.9189167979390449
0.47986218019901006
0.4814251559883348
0.7688460718639534
0.7530110412015569
0.03172599360897699
0.7753420399690325
0.5605694741236279
0.2485294539982547
0.11616498606639675
0.4433349655316804
0.685547171651707
0.019763585180634424
0.39740191841772804
0.8283369223983873
0.04548430605758989
0.623222729380073
0.9498826890947721
0.07818064362387506
0.0417754325452946
0.9477208092568341
0.9410978489980502
0.44459970289723916
0.5681870171284396
0.393701627495942
0.0917833926046096
0.7355030443360157
0.5858407667150141
0.04521615011043573
0.06763849303167681
0.3398677665712203
0.07855115831792539
0.6019855419102083
