0.06362027637359477
0.3823490649936432
0.8717842937076207
0.8066761385544365
0.4942234935288573
0.6769566914348941
0.9057515921827295
0.8802126484200179
0.8363194743906481
0.10592802364872164
0.5510115633056114
0.8485586798987175
0.03440557308574284
0.8233495469589571
0.7374022550995722
0.6536938151693441
0.8034068346270901
0.7719359247362437
0.30430075952710944
0.636470554884002
0.5765125076356005
0.16750670521690572
0.14064438340140956
0.5694479259690218
0.6972590640762577
0.47704809894592626
0.9390343864527178
0.8643105717620844
0.6853462791447342
0.12259955208308781
0.5220791914973539
0.03856933934662438
0.7256822504945656
0.07967410440858103
0.06151725985787157
0.9259990663726168
0.5730539427120307
0.7678913022869336
0.6025647526826248
0.06792577715777529
0.9179112563540188
0.5991806880807788
0.2766163968837782
0.11295090958734061
0.9374033894082823
0.25640706788184053
0.9466976631669439
0.6192070005796716
0.33019289701525967
0.2510675262324376
0.061470826549799074
0.6741541069022345
0.1445848148296148
0.958995640324197
0.7265831014508972
0.05486554835226696
0.7746632303230199
0.03994520083075913
0.07001804068342157
0.9331874140176826
0.8696652797912023
0.24696259034608237
0.7995654070873132
0.1390861244828467
0.4194052946280956
0.975296856523687
0.0983914740335174
0.0843062370251666
0.1172484832946705
0.7933836907231482
0.895170864171069
0.5507415075344675
0.8824888759837247
0.7820860188487762
0.7395638639728546
0.038769634828357616
0.2586974452171764
0.19857005237330125
0.15775101897277796
0.524996041865442
0.08782821956005121
0.18460110126643842
0.8528266854057982
0.1636405764299631
0.736305445205399
0.21836273555568056
0.10058696593903083
0.737357904797349
0.750293957309749
0.9542465225091554
0.912335869404568
0.6157970707559635
0.13596736131845005
0.1915238801214057
0.8486413785566018
0.8779841166069213
0.8868367353198611
0.25071809000685025
0.0554587342681165
0.11694597231968176
0.9180459879811629
0.6250630843933228
0.5060648262579498
0.9586529627322418
0.12389455253072379
0.8783948724925371
0.0666724698147981
0.6428808844492032
0.08539911713997608
0.04493869957672354
0.2951554487244751
0.9484448277779166
0.9062693271159047
0.7567179577356222
0.09439636182017275
0.514327255346208
0.744050924816521
0.7568974217065692
0.9087167979582877
0.43732453069171306
0.06888871152463953
0.5372772131317526
0.7246808108738232
0.5672900415289412
0.6138014728969869
0.8661826535819435
0.8684070012143672
0.7822813061752361
0.8158283914612989
0.5758340915861483
0.3948764647060713
0.7279465224180964
0.19009162273254265
0.8740889317436222
0.5180046917950829
0.7309435377374511
0.8649481560585186
0.6043296582940856
0.35462394764100647
0.9730326006443573
0.9346132090279893
0.5842470919366096
0.2994040180950034
0.09068864417035644
0.7361726927969965
0.700241044723733
0.8984305201045697
0.908094439078696
0.4631029964255099
0.9928131709343342
0.14599762850504866
0.8095162435021879
0.2589099364932996
0.07316737967253537
0.861411970291118
0.23718935538272196
0.8317477177030939
0.7925823796169502
0.8031329075052495
0.7165157675732017
0.08534678531238596
0.3261533837216988
0.5477901396455288
0.12912195782568978
0.641551946020466
0.1078852448498592
0.08705273872889835
0.8171393771599045
0.6252389892492332
0.48233780528201237
0.9866250344147918
0.6351963792146785
0.7141833752035325
0.7834480225384676
0.8830592123052659
0.19459785223406043
0.9462040091747678
0.9204988217957428
0.9329964315097188
0.9545538892191142
0.6706991613639495
0.7935860726409576
0.9603983102940705
0.8456962847660809
0.7905207615621852
0.5509013344085001
0.6971819987031342
0.826542047890062
0.6130496927851051
0.18360836357595556
0.22936364858815
0.7703537685657708
0.10087946431267347
0.9675562187349058
0.9203375615981538
0.8532846561398706
0.24374555926521335
0.4568883922247623
0.048313545262781296
0.9224502732654187
0.2611411962914406
0.9399098937352954
0.463138421186921
0.4638416211663613
0.5123047157366326
0.6629142027788681
0.8908649417278558
0.5455829986993398
0.7868595035816418
0.7178816464201577
0.8976100483442199
0.7980038648187431
0.3076549009702544
0.9041706579276669
0.4892914377191404
0.12111352843422468
0.9265503326512576
0.07094933591738356
0.7646169570134951
0.7089146185535615
0.8195782752013021
0.6042212964572692
0.931657161934759
0.9204700244143091
0.6691731850517479
0.8088531287326057
0.727838067441406
0.1935387215804849
0.7922733402100186
0.6578126288340627
0.9103407088026053
0.5857718947785613
0.2592641115425879
0.04982953675853163
0.7016274001886833
0.698772521056078
0.1425644367277987
0.7850294071674251
0.6688419188864988
0.9166538556686026
0.18080982423949055
0.8511230410658507
0.43267960867383093
0.853096682473367
0.14619262612293457
0.9132895341614675
0.7568194778650861
0.6655148983547906
0.8943090851541546
0.760236847234284
0.1547193283405236
0.9653855942823166
0.6828642374416587
0.733480798073754
0.9618174777146076
0.8871257078463196
0.7874568329335427
0.7915434036908123
0.8338288210881095
0.8500383836805543
0.828039823376111
0.9221816024246554
0.7006638930356195
0.6748251235526321
0.5742609632069307
0.7332389098462126
0.049409844743320164
0.5769447142272012
0.8554744982656866
0.9955870517518566
0.8916508572642922
0.9494547892372819
0.8654259594720801
0.1934506482845434
0.11289620736000808
0.23959986565061192
0.11666487188323899
0.7131985998197414
0.734093757015057
0.9444214047105206
0.9898201728743986
0.8126621761172231
0.038019302192443136
0.7735755393301028
0.9729183507385146
0.14047113767342384
0.8445378720807373
0.9602805588440071
0.9362179508058603
0.8263871679713686
0.27314033964216633
0.18108666534893678
0.5676394961829064
0.7015732744105525
0.0670311758421196
0.08324745665735687
0.48332106508427963
0.9684709127873892
0.08129914245748529
0.8499203542141096
0.6281388400931017
0.9823937002244163
0.8091455295381715
0.9284826012752487
0.8215778621644338
0.01670770267695244
0.18909293248808523
0.278542525581416
0.8915351192893334
0.8068563951508615
0.7703099407605604
0.9745503934964663
0.8130369869591022
0.2565117703790241
0.44547515152786177
0.5938470925422366
0.08348737361456651
0.860215254776586
0.42812497668056576
0.9528820606040975
0.7651669056231636
0.6158179226292066
0.6648971508254036
0.7159329057267352
0.9321738423260195
0.7676923549859517
0.9098963247089786
0.7543749503462529
0.8638892443676437
0.7596302519691451
0.753834683276636
0.9595860527413405
0.03964266478567968
0.8440812648546174
0.7975972685497059
0.9048813536793479
0.8187420057456853
0.5519844511932477
0.18562054575338122
0.9730895449062942
0.7773269129281097
0.9211847809051453
0.08502640443620031
0.3691676467535021
0.07269622992887359
0.893152428864364
0.9633219276290436
0.22246506374009783
0.7945225021413062
0.9929340143109533
0.554111360595252
0.7591482972128438
0.04708428792008574
0.8076358752383642
0.10068165245120461
0.8043448652479697
0.9956511277872961
0.2750277414475032
0.6862912173495346
0.8195038683652764
0.8465299687941681
0.9987867905291895
0.9359202798424164
0.04519412630673898
0.0742662383029884
0.48086722725050196
0.4967299981625455
0.8333319691437986
0.8009304156462458
0.9722025245382275
0.41560401134677005
0.9265580742851656
0.9499111831701275
0.4096710325482807
0.5640199623625295
0.8031045625979211
0.13213750246882033
0.422542358647973
0.027506494497590617
0.9135253371608807
0.061117263458144236
0.6645011012743296
0.9468500571774943
0.3725615876934375
0.467859147777692
0.26231039368281095
0.32553622660448156
0.4272109513950373
0.8496300720155588
0.7749475497816823
0.9730599995043577
0.8221261242049263
0.9381296842818156
0.8717444227000708
0.5753432671405974
0.4467895785213517
0.8898367454620209
0.25682647342377746
0.9737945374800983
0.909937377493768
0.8094591657619348
0.9030693984851412
0.89825391545549
0.656338302959672
0.2098147036206462
0.9113249268803643
0.7304811351540215
0.9346316031179127
0.44515700066604824
0.08820640460241883
0.7997087313351012
0.3649044164448408
0.4034233864014574
0.8198503632623979
0.9114448321458497
0.13608734285476115
0.05852339853183387
0.22381949448732832
0.6306693564410247
0.6585169369786269
0.9809464566667531
0.3609378053639924
0.32413692783679104
0.7177731715828266
0.6242083140684167
0.9502171177167102
0.9790176280997944
0.12972661575915004
0.14144647511278713
0.7179883828077284
0.4467461493910381
0.1205163371399954
0.9503435526697437
0.8400879131098524
0.7865347478163318
0.6453386921466557
0.09603285998919481
0.5276534368037975
0.4158354663285274
0.7946380142972781
0.29959433189758
0.6333100986725855
0.7323716435290322
0.45720314482876523
0.047982722026117766
0.5977245892209939
0.2855481049644037
0.5102529927996837
0.7785870854092343
0.04308030020164248
0.9319588932563657
0.8965048128077752
0.04181792497300025
0.7002709746417741
0.6646060366418508
0.6262607756346044
0.9714767164291931
0.8412012252825392
0.6950231347330713
0.6567531686030806
0.6709540433397405
0.6711820635309225
0.7688993407106348
0.474412085186653
0.4426510598532911
0.042513244645955656
0.9420614730640067
0.6999619161304134
0.2527174800536519
0.6542121199477643
0.7854445448766234
0.0836916205423323
0.5934166143626153
0.23020227444297497
0.4243378476435279
0.06968584067666839
0.5648756347051291
0.8002947026275978
0.8905599127940712
0.8870461423601841
0.755673955920148
0.9455386831663773
0.9654835854762843
0.9947591612850908
0.8794674266942446
0.8259112376336284
0.28388005014831286
0.13281369304222468
0.9615324881550855
0.9830598259270551
0.6891090062445888
0.4020056299099136
0.1015462113516501
0.05778422991646662
0.4226269779310091
0.7763464812327505
0.13752722459893502
0.7252208692564007
0.7169358668718233
0.7398860433807817
0.8015735319589368
0.6616130033714951
0.9035682762883401
0.8958245061038297
0.15702986149439552
0.07945558406044952
0.1144611475553672
0.4632867467839415
0.14453591275530525
0.7216161741384503
0.9154923994827621
0.40453593303917446
0.6036657362698137
0.7981896057285646
0.7791761422766336
0.9512244103506224
0.18912029897542004
0.7272612981995329
0.9099671761865007
0.12749935708459786
0.997783642449261
0.04121765762688655
0.06592536785848176
0.09159817038580986
0.8867583912775465
0.07690909330061532
0.9391380567321788
0.6626884241357306
0.4585800628723974
0.21736838177175757
0.9002353593878136
0.8597245860836542
0.8131273184387634
0.9139012562591265
0.7246810951070695
0.855182658717727
0.17364445166674783
0.6267810271969003
0.15907920988372842
0.8797318218918762
0.270139953154103
0.9967736713354967
0.850576849557281
0.8839065142490447
0.6451151349286259
0.20723275667594696
0.9066192923050438
0.8630942969914079
0.8201607513550355
0.5593278886951601
0.7376059908162322
0.5520459118307757
0.38008510029550463
0.7332573062050511
0.9910304549085283
0.07340082003160969
0.33264442580778575
0.6013805510267456
0.8123065498872337
0.9791730844292241
0.9167307895243879
0.9290114066182755
0.046145077612768565
0.5645380149567517
0.24945610406227564
0.9902424370922869
0.7789790860203017
0.21578189817833732
0.09223684289482678
0.1860441718835031
0.8936575225020637
0.800638237130825
0.2731403695590269
0.9359623492275193
0.8747951733797867
0.10947638382308117
0.5217824428145268
0.9012535370898473
0.46572734450095615
0.46110174238636725
0.3154529764202391
0.5493336313131567
0.8911449141192398
0.7944894285506012
0.8326700622643636
0.1428941242660187
0.9352298892142826
0.7126053696917428
0.397517851948525
0.7324923137689343
0.5228951736643259
0.03207023722568025
0.5555745098808331
0.32135432265142544
0.9868311056475843
0.2705858943187547
0.6577735125383259
0.3384805379128071
0.27578217713839026
0.9883659145900583
0.920007485379182
0.9140193520729073
0.9002585925688029
0.9713936857778623
0.06590226821165848
0.07988531058559085
0.7434802160657698
0.8718130784448214
0.2575113424868778
0.22783976199230954
0.39102865385636343
0.10213032088343002
0.0878538476304807
0.14803124406791462
0.06322720229294189
0.07448167122615837
0.22267253134962972
0.8269178584982365
0.6861056161907706
0.8944799786528188
0.7664255534373987
0.48868053040687676
0.8392641221549015
0.9482236451148154
0.7445566280000693
0.6344680214027051
0.6966683370264187
0.7396043829494146
0.5019883630688393
0.2623551380129038
0.8362381410392599
0.6475959437204964
0.9036205685005758
0.642395790645546
0.29230478993547426
0.14642541322657537
0.9985883889219536
0.5637261604167094
0.8641464220567354
0.16749337624544314
0.6873915357964792
0.3681939240253787
0.3780168615539605
0.7806152970257096
0.06654600725012526
0.9053545595380087
0.5300820627328172
0.5767034288420063
0.9068607398835319
0.7731143962029566
0.08202743329053333
0.7701081260199482
0.10484306455431339
0.057677344927335936
0.8767725772839841
0.12138689781486352
0.9480486715347161
0.8257257297098395
0.8462115081973647
0.9865027164380602
0.10615475530478843
0.10472251654681924
0.9136506835845057
0.51599256811687
0.30203002211530205
0.30377215496044
0.9035987413853336
0.10036066720777799
0.7309094404889038
0.597778628558879
0.1668862544322126
0.9685455073529788
0.04326113286300075
0.98951341436334
0.7801161745604028
0.776847212218193
0.051284859127476205
0.9810049247130925
0.20000728181600058
0.19074557510782256
0.15313569117998577
0.6676210520093315
0.9076887949915009
0.05905827791391347
0.893839022015011
0.15817198040370334
0.9610513469637489
0.5705194507565513
0.2742952762599019
0.9735347787482349
0.43194110343846986
0.6840169807513652
0.7851717352611303
0.6843943914910035
0.7976974031639275
0.7184425612070229
0.9729068667401792
0.8390814607938085
0.9668868861584166
0.6400124644114389
0.7721225197524858
0.9029996578249639
0.27240289762724473
0.05122954133157623
0.7465480106621422
0.8559999740154274
0.7684574646463962
0.7207323707812133
0.20777985316307646
0.059353136028080504
0.5319216727036618
0.9178158621014421
0.42933713959167197
0.7360903195432056
0.9651348067114613
0.6193135271397107
0.7987101907329577
0.3660358605252647
0.7890449996845833
0.5904137972011174
0.573204101218096
0.8060170526939886
0.8861439658047071
0.15482740354082275
0.7999987132978202
0.4924890942173076
0.4268003791831363
0.06110410603515411
0.1426696716741475
0.06206419895553646
0.7016467771657084
0.6526315828459816
0.21622898356639486
0.6228317038744993
0.9597900765179354
0.2301836186180813
0.7961329585393064
0.04437318577076906
0.9465932442264465
0.14219694924554546
0.09807752142139799
0.08050166697308872
0.9428150863575129
0.192847411313904
0.9474137373141329
0.4745705615536995
0.6663729064142399
0.7460851153453735
0.06582162623485696
0.9493481540040033
0.7110375657604329
0.77797803872349
0.5567134017449207
0.6875966479846296
0.8711958080746973
0.8376517670431137
0.8289807883643513
0.6349887687309625
0.8092198558047439
0.6127799246797203
0.13797091822838048
0.9111322137884874
0.10916728946849155
0.18227545383092142
0.9108879910246619
0.4410336237497908
0.13484368012495745
0.37800004409823645
0.7628651862681303
0.0499434901459062
0.11284970732055824
0.6167976509747837
0.9095587885483505
0.06857863897685582
0.7520242938131658
0.22634975791017775
0.7326586488367961
0.8410421879671207
0.7578994401925951
0.9045326752160977
0.9610447214514976
0.12939917541799406
0.8990430973276362
0.9604318104737712
0.9480480445633865
0.674607441091572
0.8487242680546747
0.39948308679108613
0.9114957829618855
0.5242721793410718
0.17782645014832407
0.11524069349097096
0.4899200086025298
0.18932480683322742
0.6214947654129868
0.9923011199937282
0.18335050194943217
0.7376580359995468
0.48701698324695997
0.7177176824580971
0.9793933614947102
0.07026092156854637
0.08393950792118382
0.9750016942359363
0.06900474486883686
0.31310473419358315
0.9858384251448963
0.8641294812340872
0.9910011523071842
0.8712924152216213
0.6973615873483248
0.450461600954567
0.7148842748297952
0.9852435796479875
0.6734861303549542
0.7314656599607448
0.7841796050626613
0.8235575178384388
0.6329500762623461
0.32931547705014913
0.7125341102616333
0.7276539167033332
0.9150794855973767
0.23148926200725375
0.7910947514499108
0.6570453984206079
0.4246774235603758
0.8830303305937848
0.6758671211734764
0.7735354866730997
0.9802767128061427
0.9407012446502635
0.3222528924016171
0.770068644040996
0.3635319349414623
0.8989125907178156
0.7946521365693888
0.903768035791386
0.8586592486164476
0.7574895731871989
0.8835082328082864
0.22025411231907166
0.09937751293782165
0.9803200201532609
0.8126768567231453
0.922589202719822
0.12265063646324302
0.9990908253869084
0.7386115194953213
0.8255064797319451
0.6583409679150132
0.03954668896337603
0.7769392791445107
0.5167234211195628
0.20983374904107485
0.16739797636802936
0.09570004122228758
0.654446638665192
0.7587773579248742
0.6464528619078733
0.8753900949023892
0.9655256893840987
0.4157770719391994
0.31456224695331697
0.36751043666248295
0.05680075702322496
0.7954940654669205
0.20468464413484802
0.14374474323653139
0.9931677678687296
0.8268227298243823
0.5943547596973678
0.592125027368089
0.9937162811865259
0.9752392034820683
0.5321339520025783
0.9445190741513692
0.21184234370564042
0.2560434292052122
0.8945048861136525
0.061180077770971744
0.7958731588509788
0.351036659215114
0.20071504143220537
0.8148628782460222
0.8516775366804396
0.6867841226397314
0.5876708356756535
0.058647969617801776
0.7461879959059341
0.5733623665210882
0.8261265862118102
0.7034483110016416
0.4300269233640194
0.915830150637542
0.6547828330033318
0.7805290929391145
0.8841026312325598
0.49637274745014204
0.7364811031768446
0.7434995548022553
0.38431662600143723
0.8312273404063515
0.915416022764595
0.10664348447869085
0.9602864696404851
0.6802200147278907
0.08720946774683963
0.2753999923358734
0.8029115771823423
0.056944667672926455
0.7872418222218368
0.9467923889265144
0.9637338849236465
0.040424575114169164
0.9912395169073644
0.5750466160778182
0.5145133215097651
0.9383239397321027
0.8166183032484375
0.8246223525075365
0.42842519038245164
0.08487283593099489
0.28442006379949825
0.6768007968067264
0.5069757721336925
0.8988736041014416
0.9993968064419035
0.7347490185633961
0.6943159034272783
0.3971070620958998
0.9956274004959919
0.7411845685743235
0.8739068952885666
0.6808567556207603
0.10748121777365308
0.9520019072063297
0.03273158498770628
0.9566297554835581
0.2954339245249187
0.4545808917060772
0.6021901436822746
0.700212534682868
0.8461957815534675
0.7224554029288187
0.6599094069850522
0.8444448545239422
0.775860947694889
0.17608956305265924
0.9531376148547169
0.9915093859780018
0.7408181825462818
0.18946091983851837
0.12353494492291711
0.8175398700515416
0.6324855182573106
0.9274075542841709
0.9760431283945059
0.5124537633973938
0.6762924894245621
0.7629068467687047
0.8157393771307568
0.9558842526926515
0.8581855116255168
0.33005194588546133
0.7168464557521538
0.8580015287207192
0.8609890468444006
0.05641586364936256
0.6316513107506091
0.8296660384356731
0.870017351787822
0.9867085001519458
0.6509156832397938
0.7449088273618112
0.8242807765307469
0.803593122251925
0.7008640406446986
0.760427508238801
0.03610170153238756
0.6753789107678434
0.9470172347353014
0.032750039602316386
0.15392095254430516
0.6758953905169538
0.8319681061527665
0.707017008208674
0.08536771065510648
0.6718177144425515
0.8988938462165539
0.8334880978305279
0.4678135991684396
0.37904395980735783
0.8055065900396488
0.9135638783250736
0.051780689845729054
0.1986733496449167
0.945702349020437
0.42362258329345365
0.028556148510467456
