0.6893367537175921
0.9519637924460053
0.8934308160043785
0.9133384325794057
0.9283673683846194
0.9314049232167176
0.8641309025069965
0.32271440465945667
0.561996811370254
0.09862642204457846
0.5984590135745598
0.9769914194155151
0.7851065813705376
0.9985777986494366
0.8233820022084748
0.5813846220482081
0.5731375642417558
0.30416483332217126
0.8054630023805334
0.5727120146634682
0.9851060267084967
0.4261083857544291
0.6685688185043182
0.5621749496583094
0.838904490943112
0.9566999130696676
0.7377309938538367
0.34834552559453685
0.3395067169336445
0.7938134976126797
0.566319925460026
0.8719372225784405
0.4017579458146154
0.11469472960897836
0.34240102733618916
0.5277462944432103
0.6536857307720021
0.9838460702273685
0.06931657111798672
0.49124065656148913
0.5599397824134291
0.6544841656549925
0.7140308059709275
0.21999518551524033
0.627071355341762
0.9265049079847587
0.054169045553493375
0.20933395371260957
0.4935594425960583
0.8298125274244564
0.11604451904552526
0.1718325304354801
0.7556856684756388
0.18384723698477873
0.1775998801878789
0.9562163894152242
0.8139996248299908
0.6316595621341193
0.8193023556943341
0.8701913285314553
0.9659292088343492
0.8441718187669653
0.628648086845361
0.9120144353860495
0.7422550960551058
0.9082851018381193
0.9216368539753764
0.11102289949757291
0.8145320086924562
0.12166368428369462
0.9827068841849542
0.04094165021658697
0.18429096097008776
0.8745175189364376
0.3067412261191944
0.5223262833579887
0.1705138452065342
0.8709170994988685
0.05179578488913143
0.6575274300333027
0.15757468053564985
0.14131308048975688
0.37385445233746717
0.23197877596073085
0.9888625810942612
0.9870225740383264
0.8218486785407411
0.48115256175483995
0.25336631036309
0.9992534139378308
0.9615066485811261
0.3943659159592605
0.3257845599122443
0.8525150816110371
0.38167570970409825
0.7855867487685733
0.5213319697969824
0.7463614332810452
0.5320795884485476
0.511824883218951
0.6664176051584096
0.06360027032252626
0.5001433224300521
0.4499676396217045
0.9212666003852789
0.18364248359750182
0.29687884132192555
0.9722336734627823
0.9220379766521664
0.6843352776639673
0.02576716600372401
0.19853412647518076
0.9824020190920676
0.6750256148306855
0.9896219158730205
0.0402645307093229
0.2996348098487418
0.056042285135817126
0.9715131171898683
0.0954690414731546
0.18611304447654603
0.5641934161828613
0.4880556177344475
0.04042703050183408
0.6479646638675676
0.524904396874728
0.13324219221623723
0.5935603820573447
0.9507272401051581
0.13169529343991004
0.942585768105938
0.058303280874890895
0.17583132359446169
0.8766036572558104
0.6005749774227
0.9493149635864322
0.600873612174353
0.0840509505608602
0.7678305967400119
0.18534909272775976
0.29120654800181345
0.9643248201254969
0.9104043201477137
0.13111664653719582
0.7632100402205403
0.9251643444232671
0.37562530552306556
0.07707245984231495
0.020090241366859912
0.3123315394043559
0.41981966080807614
0.9549902905390061
0.08144761508779974
0.3904637409513073
0.3386540316932128
0.12784617973151474
0.9002555311668168
0.8374441100667736
0.7579604588696794
0.9760896997890867
0.12691003859509686
0.13703058678285926
0.24184328119528156
0.7685114932835035
0.3037486117694049
0.24517109943917742
0.4521240593818044
0.6779158514630486
0.06230845716291912
0.9363642838206061
0.07286688729411092
0.6696917535262479
0.8620458420439316
0.4896943226104228
0.5013094560954641
0.5003954588948771
0.039800698227311124
0.31714035674745056
0.753149013338434
0.5794533386170284
0.8611527640120971
0.2971654221205838
0.60665675280376
0.3350779555766218
0.20255229033638755
0.15342758070068233
0.28497915530799983
0.988244913169596
0.8057214024758254
0.07284236805447741
0.13661284127886347
0.8212690387219854
0.7015712883106177
0.6248704052211083
0.9271961109170974
0.6177400658300518
0.9958729782437895
0.5354104450461277
0.7781448026353616
0.19719212651683082
0.9597008455149085
0.17881558686484
0.08655218280691451
0.9509620291221976
0.6721097697281796
0.15926681569451046
0.8775385636873193
0.8323208611341755
0.9624648062536445
0.8347921596107847
0.49450820708152343
0.3759648910600938
0.9768501280425144
0.9760859148447895
0.6068331616488782
0.8752042549397214
0.8959486465075258
0.2124993972766479
0.08581726321124963
0.8151755302636083
0.8056734585680406
0.7907468336853622
0.9934393600268296
0.9067602495560881
0.8390683120526188
0.9566152330688742
0.33072109068176075
0.04217609938873507
0.978842486803543
0.08776827396381803
0.9984914424384908
0.9523478541277205
0.6483471976374477
0.7445602121354755
0.542737982444271
0.19662287528532757
0.39951484200778453
0.6428704037642569
0.8890798100162778
0.24786967343424587
0.7562235069263304
0.771253732936642
0.600283953437957
0.8361730191751108
0.1733212395000569
0.9749260662388886
0.04464817108685129
0.21901637733495322
0.34684596836976644
0.49861598380228705
0.9194894117504183
0.9904979571801557
0.044399820375823504
0.9961704481378073
0.7417636694409279
0.8535224009164346
0.9095598018709952
0.8735687108035045
0.6034050797541024
0.9999314898824945
0.815595367647763
0.6612079994515603
0.9170705397792118
0.9457338835201841
0.6953162387996971
0.7779587197637363
0.6006359473572487
0.526689265762904
0.18522825563320283
0.15147920735701664
0.8872387403449737
0.6500249829329745
0.4149172768988909
0.9746689734132252
0.8086241242528931
0.3303793106427819
0.9134908059518705
0.065844007229013
0.6874250548232417
0.14237881876832614
0.963428720210554
0.19155845622651435
0.11843302791798596
0.8447148025483588
0.5465804363426309
0.19042423655815371
0.03616157152565126
0.17643000920274426
0.8183553968001661
0.996992746575168
0.27378198796470676
0.9591402630824677
0.049733936189515465
0.9333907147724014
0.9493444162853916
0.6505808384372286
0.9743920845773257
0.19605527655550342
0.32617805687579327
0.8210239774262764
0.7114499489340774
0.800130453571582
0.793692123963605
0.3992504505103788
0.11708239633958513
0.5000661043197816
0.11567343661348437
0.7674632701161679
0.07130494209467383
0.0508848204050987
0.08325250274936083
0.8917909282675851
0.6649728091850244
0.28999446633615833
0.05727651297251331
0.755022989490878
0.9280179260112258
0.37741017086991846
0.8068218638851743
0.976948956260322
0.09467930801083897
0.9256120188902798
0.6314773604588176
0.6249819658528857
0.8115206270388138
0.5308032020731089
0.8476306634368336
0.7113859945061591
0.02559366980340412
0.7059060776704564
0.9664434882633606
0.6087915882902073
0.09526150561365426
0.9437509092117975
0.8566461074952867
0.22195182337144959
0.624633019282575
0.8184746100083888
0.9519633766253837
0.3404154495966592
0.6013763075403415
0.42471574982219784
0.6845590722477725
0.4491633934278747
0.9620163106775454
0.9722819597655401
0.5474933002497657
0.6931120534272435
0.7088607857081449
0.8936634700219279
0.6772558286513656
0.9659004426295921
0.20634794700948333
0.8308240706168536
0.3044909336973964
0.5569225375196412
0.09208400335094025
0.7758382639673063
0.9631093793086525
0.19464571460694088
0.8114566057510723
0.44975128113548024
0.8451198889140646
0.9388855395679641
0.8320847109622735
0.385403707709856
0.947810858879895
0.9814061611073919
0.9193256523103466
0.599811265924334
0.8281591302261619
0.9676833120187627
0.6319706383601414
0.21598170066751832
0.9643985169558154
0.9991310696956852
0.08481168847469067
0.9262872216498379
0.8194430253904548
0.8018529128707567
0.051362308914213194
0.14506551326966433
0.8393401285313092
0.6703296363354687
0.741204027837046
0.9412323414852779
0.12048934391392048
0.03740164934080656
0.2081588454749233
0.4255372123419976
0.9422665958520204
0.728181148602824
0.8302910194631511
0.18611924782242398
0.5898965858828931
0.7170260572728183
0.4824779010311905
0.1992660684446383
0.9500960517605002
0.7196423059372969
0.9585386078180529
0.7839792348186123
0.3647590148367247
0.2120208267172312
0.9522151755197485
0.926260752481022
0.9157043427039744
0.8764547269387555
0.8106861555473639
0.8283039389566922
0.0843560760410243
0.8935896269518119
0.19441672505906027
0.5998887324142024
0.1744476811586514
0.9269734662679996
0.55288868256531
0.968914471072158
0.4165786878530769
0.713342688728219
0.5929368095569503
0.10894353370235754
0.19247892780930892
0.09973988569599665
0.29174514015826736
0.14729469828061365
0.21726022139693102
0.94477357158873
0.8659876537631527
0.15288389353759535
0.4610242125259886
0.08477722744716736
0.9398272084025618
0.9335695118437586
0.20183074315005162
0.7031589283796805
0.9089023872292801
0.13414018197458438
0.184917363997525
0.4998109772690735
0.37164670278325884
0.7666319385215585
0.8480052415779715
0.9331577384792893
0.7990225873249104
0.9168615910102796
0.14631384708415066
0.8755972929432522
0.6411217455171173
0.6965513787711493
0.0829925346171205
0.9188433872065241
0.6067540678542391
0.9133729125532789
0.8599653008740011
0.7632906892256048
0.1336270597343509
0.9571162970716929
0.1127039239625316
0.2789600558578865
0.13428453838849402
0.42094251651734016
0.9454423292912113
0.5102156274893683
0.9997269116771715
0.9967380848331059
0.5089735423770954
0.1952513467037474
0.7383062257549561
0.40601956926912486
0.1400690778221832
0.9304283858839542
0.49153286032430676
0.8000100432146071
0.8468980528684843
0.7063569263727665
0.3471925244883247
0.833595328436953
0.24637517341929766
0.6999221434675815
0.8292344769735163
0.12176267079795598
0.13762355673131366
0.9620947813517188
0.45381180737603977
0.9010410300148519
0.7428020100369255
0.5683823016278765
0.1188931366218999
0.07869688507602479
0.8274265300714183
0.8883071114434073
0.19118811739685454
0.9752836293789344
0.23891407462330244
0.7640824773431318
0.3500889649314072
0.7813323812660972
0.914036407488788
0.4020813850472228
0.2564498674021035
0.9072362358331338
0.8939555815930381
0.7911306441223902
0.07736089280080116
0.5046830306223241
0.8812790672672048
0.2487306989679205
0.05010149389289163
0.9221042988125445
0.7745228853221815
0.10984873788765648
0.09282867768017189
0.884962097388984
0.764975919815567
0.8775920360611684
0.18539241251194322
0.13052588895539952
0.9578982412518828
0.37242526339563314
0.9992575714308789
0.9896316259276674
0.6850536631880033
0.9663199859913542
0.44191305645427537
0.9287918880861477
0.3625686971855745
0.9812270542740018
0.6463320762816392
0.09737947688173865
0.38787503427478665
0.5813825478456502
0.8000158710262023
0.11583405073920514
0.7486017718157569
0.5301244683251711
0.892906269686897
0.2708168116313921
0.1093456930434598
0.04487121654080195
0.6685053915331983
0.2130931740769834
0.07004919799269876
0.07830277166704229
0.8169946300517907
0.21478912474474962
0.10505931025737528
0.7318131488082786
0.3217215362641137
0.6278892293516873
0.8805605810730395
0.8217582653834484
0.8908091843356862
0.8248723533650675
0.8025864779104295
0.04760542060001782
0.4615091938661253
0.37079098059808674
0.1519938830805863
0.7515317861192394
0.8299818004368931
0.19420830535552436
0.18192702224008306
0.833566369719033
0.16656649906940796
0.8591999321844015
0.7388249702007426
0.6896866049342831
0.6127255833562228
0.9829484687131991
0.778817142098643
0.7025739073138126
0.8914872292688198
0.9599487892516445
0.8681063386924568
0.7893700349889176
0.7815415322853934
0.8651853151486901
0.11019369302441478
0.6272331793472603
0.13447097031527822
0.22137406446405314
0.07034219705054201
0.8392920331150646
0.7755570682188855
0.8969637572099627
0.40264068942448705
0.9352858589306225
0.9435331094944914
0.9210941173527776
0.91701736022281
0.15472657446292518
0.6414428650279105
0.8474096893674017
0.6308191531871629
0.8863812927735208
0.1065837481146532
0.8183210413372795
0.6861464326174316
0.2656942794123597
0.7544587097200781
0.6277180624979752
0.8459054178376928
0.7401107337347181
0.3824877604413532
0.6299095616465067
0.7135159327162692
0.7385774438058372
0.9958921880807863
0.09923520833814879
0.92236554741533
0.9966189040498137
0.11088540594691118
0.9409885188776856
0.23628857684603993
0.7839847430263409
0.4137246758350427
0.9400383066923211
0.9625334925000351
0.48271184577375664
0.820525243513901
0.6639611153078053
0.9029139952573386
0.6438103814899483
0.022941863053375918
0.9510437609439581
0.9474748948413283
0.9181623550267725
0.820031902749528
0.900551576027075
0.6778998963288398
0.08338697117088659
0.7754560168396635
0.1689934780088601
0.5847339965957237
0.09144702702481616
0.3862662027105682
0.09420067212210997
0.03073456927420847
0.6849694761552744
0.8845050567385457
0.6310165442082067
0.7083623793957209
0.309992024300889
0.09445475285306182
0.7071542609358882
0.8148269573293532
0.8813823837934323
0.6474718326662554
0.18764967244264963
0.407756985610991
0.30568955409190335
0.03688528843802702
0.8123066357618614
0.6943871277635718
0.6591774819274081
0.9998555240761721
0.964170156474649
0.9261795280691213
0.9332001853662979
0.10146703792829617
0.9657358321338803
0.9704503349473408
0.7901645554583997
0.627965485837394
0.2501924172064044
0.9251669161110214
0.22325346634528148
0.8783425318233745
0.936950318117604
0.45324210349518385
0.38048250610469203
0.3773865281123442
0.3469204062101936
0.08169318604324777
0.9747917945754578
0.3057795228220159
0.4392217482070879
0.6587849739624301
0.08651957691807734
0.8322821946560499
0.2497496979581769
0.9776537862213732
0.08448128229280141
0.6724639600149245
0.7878104319655552
0.06846777622299767
0.8924571862436019
0.34133084138574865
0.2811073240841504
0.2360103824214636
0.6809160399138179
0.9527961841907864
0.08767064743989086
0.7483998294462946
0.7888294976212313
0.7245279598696895
0.9750163785893319
0.12349771591002742
0.2100456179116197
0.6605983241498636
0.6174856108105977
0.13950206965745882
0.398872264197445
0.052329694391328674
0.0920370334774466
0.4950656613392471
0.920184409769971
0.1360946373324724
0.7758179158440193
0.2042859199187967
0.6207889422014427
0.3587091125851456
0.7081302789092052
0.6320706899390581
0.8192038960081345
0.9278529797809146
0.953392019888784
0.8974443185912687
0.5925566095893425
0.7687759370591571
0.7892511784453373
0.5746707888233222
0.5117536684673472
0.8774863292580433
0.5850832430102786
0.8571234992329964
0.11913215283548702
0.8434090567069337
0.8189156137596139
0.21904784890499654
0.9639158188783701
0.6821686378382836
0.05559781729221291
0.6180181747567617
0.6129583812847266
0.845296726116469
0.4453659802357228
0.8848538248309676
0.06697288007117488
0.24863381542741725
0.08666251560883663
0.9948454947230672
0.08349679346074984
0.6955332778105632
0.29548148346783554
0.07367498413401802
0.9612744215855272
0.6746233793541565
0.10620674886640752
0.685046300136225
0.19232279914517292
0.8225453579299128
0.9198259109077029
0.12149558107730277
0.03699333589313378
0.8106655672046851
0.5974669916217218
0.760785166937648
0.7889143861461297
0.7470527209347604
0.5727578629911871
0.1533060120453905
0.06090217381350019
0.4495675775272079
0.4840790762549855
0.5339760928404587
0.9304300916036918
0.5691005779239076
0.5056617586457478
0.8528594199137555
0.16213689035687506
0.9266112157001078
0.8242860255119511
0.7332755281827932
0.9934348013255367
0.9944897227685177
0.38688275555828366
0.988525211527431
0.9101221922128209
0.43055534255447675
0.3184734096999816
0.2918004108777018
0.8313606958353599
0.05752618335018945
0.6891554257903225
0.9694503879713969
0.8953692478821635
0.14575351778791307
0.8295818041851428
0.9385371197572949
0.7503890999037374
0.48028955099485515
0.9990047732921084
0.07308061145093878
0.10622551193385474
0.036813555524557603
0.6993116347592094
0.8075325652268324
0.5361533912291055
0.8519877874182505
0.7958845167455737
0.0988364978237865
0.04264449431263335
0.43267227681805054
0.7505479903114394
0.07450561860473942
0.9751255775258794
0.2614502022602007
0.04434880680322695
0.8000096431740771
0.5551590597013925
0.9805090157019711
0.6451040686988199
0.9714311854243529
0.9126714930552661
0.08635663036262413
0.6709475049784488
0.9862528285350121
0.8505738439669808
0.2842669587866238
0.937014137502586
0.8368858098099233
0.08289883477901902
0.7765982056306537
0.585825122742433
0.6909269919753009
0.3909246765597933
0.9862118516865331
0.4606788976735421
0.544490003453026
0.5156172782344338
0.30612811377025284
0.6767483316207227
0.7679055316296457
0.12645610388532086
0.6149776173822071
0.6330156499051153
0.0862239119043101
0.6597512706523554
0.9820563590907216
0.726973702183241
0.8119813658448786
0.5487149473884265
0.8300205288175628
0.7977703971492507
0.925162759502371
0.6131550756471601
0.6325129418352211
0.9659301708975465
0.8695394817843507
0.8073400355084143
0.7403996208322411
0.24655384583180406
0.7806525977293125
0.94771729387311
0.8410972140098983
0.6323050773316687
0.9055682234049068
0.9673071516865525
0.6879838268106945
0.7571406321269201
0.25024485152295717
0.9679790029541296
0.968086596618011
0.049409742126066414
0.0277113110311953
0.7251004027407165
0.8904493700661024
0.4203302239727843
0.7541225401548668
0.2572749689265774
0.08855405745350103
0.07735083147458169
0.10701735081822443
0.10314480465284784
0.2982045416266911
0.13749380761375105
0.7709103356866489
0.8530189237112731
0.8842619525663001
0.8540306957827555
0.721074113588435
0.9374518397959042
0.7476976895165972
0.9823648055517885
0.9915883537247662
0.8498888265916964
0.17333094433955443
0.24699785551672152
0.33537881954331217
0.9892304547186921
0.16174527568495123
0.07664106397991903
0.9484127591460518
0.8226853527957656
0.712937990248845
0.4389702175443253
0.8086102613552155
0.9216622663281279
0.09684894052233992
0.8975754277150061
0.889359716230175
0.9249994903739224
0.7090485550626953
0.10516994811233761
0.8362527715742278
0.1312572751700893
0.9769573274557394
0.8325918842565022
0.6493560582405327
0.8012896213196041
0.8008105061917212
0.6670230137504234
0.96048071916972
0.23961610037783102
0.8058914916785951
0.07054646085802636
0.654235570107171
0.5930877938745178
0.08573829175472299
0.1861707253758778
0.8673239478632396
0.9655954982507791
0.2111084647514746
0.8508731221208963
0.6347009620025749
0.3901248098314418
0.9447729498573796
0.237060079221698
0.7126124271764498
0.6510869946702658
0.12824861743186552
0.1641395846345771
0.9218008704467461
0.8598649713936029
0.8944590901827683
0.6153678636339077
0.7451400031356632
0.3655855061432861
0.15726262041700248
0.2350251919422757
0.630030447799155
0.4353315955549153
0.619675059361122
0.8923661030252695
0.984023513729098
0.16907358462845462
0.19967200659992607
0.9532460985060902
0.7894595786950126
0.7032426448795455
0.8364856191433363
0.30699747202179006
0.5391145521746175
0.029433632700369854
0.9138486451729473
0.11689386474687699
0.8861105252749464
0.3420062683472622
0.15185122796379671
0.3327356326105296
0.9843396032364657
0.4358439778043025
0.7598740630475416
0.870470446553695
0.09229775527805384
0.8318319814352488
0.15962502190006456
0.9487265936078473
0.9331025672761264
0.10543286583271756
0.9470267400452623
0.5745071908885264
0.5029304169076936
0.36730657024305313
0.9039708239012818
0.6373899347657348
0.8512518871001014
0.6403937086704471
0.4231348024801017
0.660274420888052
0.30590579365452764
0.31809912134637724
0.7052692059022961
0.7385865988383684
0.481504937760895
0.054922690254278345
0.8766365848451945
0.9875346581952217
0.4465470071244425
0.22215341494189758
0.3520051431214223
0.9811021564369304
0.8964632771450822
0.6408453145092073
0.8300891016539068
0.743830530878387
0.9921339665533827
0.2011294034862004
