0.03075508276840793
0.08799462902329205
0.7460853981754063
0.07833505189588189
0.9858543428239248
0.08420296126905363
0.25632945805177143
0.2628828836124027
0.21490872633340624
0.7108111398827693
0.8660210304755942
0.7079338876017541
0.8793815063414607
0.28897928528383504
0.7063208544955235
0.5514680562785348
0.9590716068901466
0.909744378855531
0.7958209137523609
0.1989024974568736
0.6090104901047111
0.8702910981899008
0.8810092355909667
0.8349096761366748
0.6802738701158677
0.03510609455889609
0.7642547264752894
0.7997833431996347
0.220032014253712
0.7525767284945376
0.07527682989021243
0.8024633973373524
0.8819246020806193
0.07511572036502254
0.06128596649976582
0.593511391167523
0.8144154289559025
0.15446796807533014
0.034031596106925015
0.47439465520688906
0.10444943105552915
0.058401233074858415
0.2191031103592646
0.09943839068420816
0.25067560130733024
0.04296172635251959
0.5871563444074556
0.03962220165099714
0.03580282933502972
0.7331872690383703
0.2114070939543438
0.9378701702905816
0.577313468832368
0.11110022195701641
0.7205357281448541
0.663263052424954
0.4191536812557599
0.8951966739387955
0.6621253010327649
0.8755645319988228
0.33121617414404386
0.4532837255845325
0.8343533055679779
0.08945990058701245
0.6140749676735049
0.14056965409210517
0.8422498182636254
0.4536200955395073
0.07292868606465389
0.32992212175812075
0.9409468688319595
0.43290882527421753
0.20547080567147205
0.9744472853168165
0.1405982136231953
0.5634922196982489
0.7299667940356278
0.15707575847856292
0.8680085858608363
0.42637191613692094
0.04292565947023539
0.35851434842168184
0.6499792466674953
0.8590406943317368
0.48925454001069857
0.8673819438487844
0.9807531780809027
0.18951693190350355
0.8486327595513424
0.06298580587221304
0.3001650415779861
0.7565190082012934
0.8941305960619905
0.9823332859609115
0.9182913116607938
0.9792520669161615
0.07216540844599201
0.6193716242148862
0.7663242388874152
0.6892526289887143
0.9896854042805252
0.7044713655294149
0.7120638421398493
0.1985973522587739
0.8694433939082818
0.8172944817108255
0.8689004582668267
0.04950018637101488
0.04735694298770943
0.053822824816475864
0.20523594467921294
0.9816862108401894
0.45800070846083996
0.4308165080578811
0.7332610038521985
0.9111602313084675
0.9868286986314516
0.2327533173189218
0.04055196729909976
0.03563898221304211
0.7586759745207734
0.5747671277591635
0.15929398187979693
0.08928429539600508
0.8006614220405559
0.7203076863029108
0.7283410708734875
0.43841439026119555
0.7903162746783551
0.2163697285254289
0.8832595578860618
0.7418717085771671
0.8520895002942397
0.7290197153365123
0.6294389080238593
0.030133323992987383
0.5694912837895159
0.43918476745523544
0.6653705523163116
0.3882961605241
0.5270171640384147
0.2588619782601078
0.7969330850598778
0.052491231146274665
0.8554535591756419
0.814540098714776
0.2472069664811119
0.20428829540655663
0.850075263763455
0.9510475681444182
0.09385359090638522
0.644417943586915
0.7251299765981976
0.604650503691762
0.9689329566256959
0.056729650218635866
0.9793930712392253
0.8522384478591649
0.13810428689846632
0.6688560743976023
0.5333400961275911
0.7967683696406269
0.8331457720704095
0.18677568712145987
0.35252717638221515
0.7488014181304025
0.10707798278155284
0.9914853118942946
0.8157055383399621
0.8125559348767895
0.4614358981942803
0.8419354176265703
0.792384008127621
0.9982602068405275
0.7265895758981074
0.07486972593199584
0.021224778869961294
0.6864684364536968
0.9298811197659804
0.04236104397007573
0.9446496348281775
0.6951015300518673
0.7685610956535525
0.3269976482325441
0.7825771687902259
0.9026110537804224
0.9752838740766434
0.10452233232532868
0.9130428224253895
0.5806400377358731
0.05174590517737896
0.9900838019991329
0.08798680202092432
0.5882839543256712
0.5779109936347575
0.9913843367154194
0.9177061678857862
0.6847651598295771
0.4451760535784227
0.8299012025910304
0.882881771702481
0.6589957018712105
0.6930781372906546
0.4144867044647723
0.028675655441864553
0.2941140263151708
0.11645062231180354
0.6956240545778644
0.1753880551666589
0.831886988124503
0.853804033989533
0.6070620251777785
0.28949868817388313
0.06777890679190335
0.9809363489607829
0.7853784664215876
0.8502601509097091
0.8473231497736984
0.05148914849361484
0.7040373692872739
0.598181654647273
0.23821335816008954
0.1385414603058289
0.03989854514026285
0.995034535553458
0.07145888329320577
0.86719604788716
0.06508840307508287
0.14275972095289813
0.6888247373584135
0.0728737583749634
0.080465740337707
0.03551014422410048
0.9099475199680225
0.06816818239778755
0.2105564926768847
0.06137415361945763
0.509356605474723
0.09585675948246682
0.6453351674965971
0.048432795063963315
0.0793018193019043
0.949317405358786
0.050330717113821616
0.9711970315571985
0.8602262202682811
0.5860334072658122
0.3204198746451261
0.05461638270207411
0.07110716319158526
0.9984095760970222
0.3473786672650427
0.18212267619650527
0.7405313925630992
0.8483482118254682
0.31592858526209733
0.20594525485820736
0.06791666213669023
0.36561815226283173
0.1913114648845899
0.7663399649164507
0.863123113642998
0.800865334093122
0.5394213708610459
0.13519623290277233
0.8852523112281457
0.7864301415038677
0.202507956827427
0.8959268026238046
0.10302635513430275
0.7188522712629755
0.1833347802630065
0.41607484961927255
0.8436162682492281
0.8673974806550468
0.9254508429498971
0.9651458012058701
0.7914999819662221
0.17412450695969806
0.746849271208185
0.9125391856891205
0.6889600742637791
0.7691902108391532
0.6087970800809737
0.9726172720693249
0.780810134384758
0.413682694538782
0.8462933454953538
0.7987444281770394
0.7334925398687476
0.7739403541869132
0.7020697554757037
0.7479997501669636
0.8259387536314908
0.28340618158064373
0.9273910630665972
0.9530631994731866
0.5834262077231521
0.882747621891119
0.7811945951078393
0.8185017602273744
0.06336006666278798
0.7969449347627997
0.6680066648547541
0.5028016416618606
0.7399377845160167
0.8481415668838712
0.1671935935412509
0.14841239394266661
0.08853478810187086
0.7627427182565599
0.9348575516451968
0.8001929484371214
0.08883679461426683
0.16734623095223666
0.9733264524752794
0.23777101490572908
0.7332562344475619
0.988040180467868
0.7636324512148556
0.7714327346985144
0.21810798525553948
0.9481075334688691
0.20570697397809723
0.9443630554934258
0.8458176879686956
0.9273641102162313
0.8811622874254972
0.025753010645998324
0.7670703641763851
0.6374017890637671
0.06808799132308956
0.3507279070061344
0.23956402445697453
0.4565137544430312
0.7288095603817607
0.8220876057993259
0.18746965323196957
0.9679788995225176
0.9012821149828227
0.8269439834934051
0.8559044924867985
0.05038757552344543
0.6048619036696373
0.1272793722295053
0.02779457887268195
0.7936141245925145
0.2536115449492543
0.3589817225223056
0.6857646912182295
0.9112722160843392
0.41122829235490177
0.07770099586390564
0.45323114735934594
0.10945161180005376
0.11804010769671172
0.6467593300152092
0.9043902751362338
0.06797151532893608
0.6838896889423511
0.45112157743983866
0.4859747544605407
0.7209018358158077
0.05755380177534855
0.09197879031805774
0.4711350401093394
0.7221319684493996
0.027194483601395484
0.8525021628302478
0.9157190184325241
0.8963594928589469
0.7156768701800734
0.15766874139822853
0.8516863206817692
0.1051406610584611
0.9983160541711615
0.08969056861406863
0.9077892723119252
0.1820626111515582
0.9930941448608774
0.9599786533063991
0.035807533541745665
0.07131684427442508
0.6296893022946974
0.9923887885858568
0.666457250919853
0.977605065790751
0.814068737837981
0.19957297529506698
0.1357052707953435
0.5755837436460969
0.7774485933589018
0.9282951815652116
0.9753728969862538
0.7367493874683896
0.09228100030576536
0.4528961034604502
0.5292094629191163
0.9122801601617012
0.829773492615123
0.7276463263627255
0.6305237253700482
0.7899735341259784
0.5939850121223409
0.8997815674925742
0.19722438933767356
0.5870134112468695
0.7960654849731726
0.14708976295243192
0.3678063391326758
0.8889601701295815
0.9205320677541555
0.07200626203036947
0.21269572958227934
0.5125122966791809
0.7189568310222245
0.22833550145343334
0.6653396245910503
0.6225503577108824
0.3112866281423014
0.8103699899777087
0.04923812095311468
0.7997666328081241
0.7868844625964988
0.43771176840422676
0.984881576276498
0.7901286689907573
0.0577107813957007
0.9539273927851175
0.03555920652317645
0.12911103925042208
0.29369083877998137
0.8950286257425826
0.39821207277469844
0.5420800375204297
0.690004234295736
0.9788883891885476
0.9778748642420876
0.6908713123619511
0.046266986066852096
0.8432156746266934
0.44176110794127216
0.8149841121075064
0.3977269453369534
0.5255055213318263
0.30162780967014546
0.13022762243312025
0.6072235614998306
0.9825756124173426
0.8245889117841485
0.9400796793733324
0.3338124187130552
0.8956540698186988
0.859875908973506
0.9751845183420584
0.5787143049137129
0.07072950993312807
0.38597033329105024
0.7254895342027826
0.7786390405802665
0.1431514475906292
0.6923887023820738
0.40809656227808255
0.035072863311188765
0.7982068259859282
0.837889070447973
0.1846491615078653
0.8134698121376713
0.6949917778605429
0.7534158676970524
0.5760402401301719
0.15538162770375935
0.4958034778095587
0.7649765455806683
0.7729236386872538
0.08032075116021083
0.9127345064296679
0.699995670497384
0.06077734134077893
0.027490510165344154
0.947935025145325
0.45471712378301204
0.25761993926754867
0.9112531400959636
0.13856932625158616
0.0600413141085532
0.7998840363613346
0.8873972998241426
0.03396192299248943
0.8865999060542606
0.9557756624762405
0.9525142368831221
0.7790474983596514
0.05040453576608189
0.14900643180480352
0.38923418820394073
0.6573955259789944
0.6715161151702159
0.05901984682756735
0.1416179963678833
0.8416027159623113
0.9575682587716153
0.9517370002083752
0.677943868043531
0.660615687740834
0.7125837545124689
0.8639700778960749
0.5874047419716711
0.8375860662104336
0.7221899678676176
0.29537964572682596
0.9124327847922349
0.9062384237298187
0.24152007613220555
0.20051695580984247
0.04090556468794203
0.9263928919484526
0.2455898730778629
0.8136373361378684
0.7048840590043877
0.7684122579784326
0.4796329831687167
0.15572643727491106
0.9536770893842198
0.166114349403498
0.4196619513844758
0.6041173614854598
0.7643939752310052
0.5099526046305528
0.8398422191624894
0.8643847906354387
0.45435285962228544
0.06504676080203484
0.21816452386898352
0.6306222997973316
0.4052497727280444
0.8807904810828638
0.9791481113081952
0.5350940611531543
0.9356641199445228
0.5991178844521801
0.8813636163644163
0.8777299915738492
0.7855057075944397
0.8658180745667394
0.9521991198668422
0.2939154382178416
0.6673941837882319
0.9636305219537211
0.7523829899515453
0.040023134741782554
0.1049909128488219
0.6949600509721676
0.8654837305053962
0.05381235262269584
0.4231230458369497
0.7343473186173645
0.6896122316688162
0.7577357170097143
0.35868724698870397
0.1500821220759886
0.11741886870576929
0.36857515515000294
0.5099529962757804
0.9564858464623744
0.9962707807502723
0.6319882999934305
0.07399080941231183
0.7159196939159308
0.0688990696078364
0.10536100743066842
0.9529466415504917
0.7947297445916119
0.4847198285980121
0.8053717231856619
0.17741650826430352
0.6787665836845942
0.4439073460398705
0.7753187874896351
0.9990036887619436
0.7298629028955261
0.9185666402966588
0.5268501964076506
0.4609601564527178
0.6940233480930889
0.5576230804973499
0.9634586924606695
0.8383394082725946
0.10154324908400712
0.8663801149930839
0.9397173672590522
0.048250020495328096
0.723373608210145
0.15234402529839872
0.9839095082780958
0.14212218365459384
0.9300267855830835
0.5854416731077441
0.1325493821135768
0.5228700865277736
0.9129774630408369
0.7591581292138695
0.11501884811338103
0.4953018104975815
0.8789271498631753
0.7642831154508151
0.09096413703891239
0.03519505749038236
0.6952340078369331
0.18546553378095376
0.8526796463416197
0.9704300365524308
0.5563461695318237
0.9136256794477629
0.050515989986928175
0.3084324452158921
0.035311379225228694
0.43015643009228843
0.8879443486380569
0.4804566222151345
0.342508686945589
0.3926345894228429
0.7314611419550532
0.7612517338941415
0.625431083753521
0.16946269911458575
0.7211694718880864
0.20322400167617244
0.4090677630453327
0.7152896328650767
0.47927805323722916
0.1963295059895515
0.6979239258693333
0.7927306667830181
0.06953333171593175
0.958920998427258
0.7439916575636303
0.29488829260500815
0.7807033127917387
0.9007061313980635
0.7448933359547414
0.5063987392271686
0.8911860828184949
0.8583667522744262
0.6199056449369827
0.06396614039632255
0.918367943682292
0.307406931291825
0.7874817314995451
0.29847015509821195
0.6691027508666942
0.018241877648556767
0.11062824801057924
0.3476369396921921
0.8350880151359116
0.07892782140731999
0.2687535102764879
0.08275106141539686
0.0934975717109924
0.021628783487137995
0.24286573210482765
0.8594030806959181
0.5275124039953326
0.8386747807337943
0.7388279103059245
0.7143052888129497
0.7919579453110404
0.6989770278052495
0.042989232658576446
0.850108353172907
0.4271799275105473
0.23357960528057037
0.398900086632253
0.16776302819085087
0.6167240119382738
0.9244303115581466
0.9399659473018764
0.040242279798963984
0.9772544506055194
0.13684753949040865
0.18894570257415466
0.7373209536461608
0.2167915496759213
0.847654733258052
0.10961397122532492
0.7611177189544711
0.3658499481437008
0.5985707147499204
0.32527598762323406
0.9751327743879828
0.6583002208602771
0.3399465495950844
0.41463385443106265
0.6180704567564175
0.7459944327983989
0.8048364693543457
0.7638182161843032
0.8063178861510734
0.778279670130603
0.6476961890564369
0.9298683537869208
0.1384669720622873
0.04052515183940815
0.7769191775036783
0.4089426764078887
0.9577717098465819
0.04561869791316707
0.18835359145598737
0.2315859047751104
0.9448018093448165
0.05957404039241219
0.2688986746613119
0.9157596680651671
0.5100933375379357
0.11844976335789087
0.11674715037884928
0.18242495569197245
0.551246450111145
0.5307602772281009
0.8960456836432662
0.7987099485559341
0.7653001991180318
0.8889979653102986
0.4905887266443112
0.6642908291543016
0.6613760938739177
0.9749573017448308
0.02763320934032956
0.5660233940150012
0.26969715739026107
0.7339744823061635
0.7102645756866347
0.6654325645107664
0.2729294968795498
0.4303931408289227
0.9601546723179248
0.4206802820878014
0.6840682501243759
0.9387069352054347
0.06208900099168093
0.12410465820754349
0.545618067393023
0.43897831718000135
0.22200771519816628
0.13359712113220348
0.8516604545655202
0.33394850785778785
0.927665335135264
0.3899133126698567
0.1625117381080929
0.8909716466033712
0.9498400830632291
0.9181064899028435
0.6373627881409022
0.7027092576758457
0.6805336984165136
0.9579462290532337
0.3666918893378373
0.939744057188081
0.010708967361970646
0.4464281099501445
0.08358512548662983
0.05672559407624551
0.9362744645019929
0.8540033436466183
0.04674716409557749
0.7091632084568824
0.6594276991374945
0.9771333975301602
0.6603206573407389
0.7057726265051028
0.8013006353733815
0.7942360140003926
0.8573629554162892
0.13773203895778402
0.4911647145243435
0.05562761645262482
0.7518076745970552
0.859347225982853
0.9005251046587589
0.8181689735761053
0.2216273773583461
0.8133899800330036
0.06089348698283738
0.9864299862658874
0.7936853710385499
0.2873317488063798
0.8365084798205371
0.8085427520239972
0.8277418736432718
0.040376414392198426
0.1151064571324844
0.3932664072230346
0.2701243291078404
0.3766485244950939
0.5038255335586778
0.843723455388376
0.8519603289022208
0.6586621636155865
0.03457868458509034
0.1364842048037826
0.7831914137689605
0.7932160516882769
0.7215691810384726
0.0741841764238072
0.6999725589776742
0.6608428289023836
0.937519566285361
0.5165852023727561
0.41408123487027776
0.748193279182461
0.9801542151795749
0.16127843707389394
0.8519931771911421
0.9862893700508211
0.6966374931736368
0.17014760203894158
0.6131819203474906
0.8303241615277117
0.2602731898159365
0.9643536924673153
0.174374599030567
0.8043659735079025
0.07423409538913092
0.048623768276552
0.9694234359790825
0.6436905596773899
0.11320296100525151
0.8061694633905827
0.7891675819724249
0.07244709407949307
0.7398699918386712
0.9362353515348227
0.06927166932451971
0.02670263444866461
0.05289470449029489
0.842233898151335
0.789237958583263
0.8396456529769141
0.23394284443383534
0.9284323446889923
0.02308114233751643
0.8395080190588029
0.8023774281813314
0.04931141772911106
0.8605560965205825
0.7461738271960607
0.381379564241664
0.7888170271246745
0.8663832240232764
0.641346560693553
0.024776769449915644
0.7689624290131736
0.8370293542105753
0.07354746594441965
0.607507154746729
0.6952067069434664
0.03752869352718824
0.9389198142519726
0.17010780987593427
0.5961395842832458
0.1937467024240742
0.08694943960937529
0.701759563906363
0.908637092448505
0.5715115408915467
0.577608741505396
0.5122335688509421
0.7986425943126481
0.3834321981548386
0.19243083727693217
0.5550064408134545
0.649835501108982
0.12650172001990945
0.7808427194777685
0.9021319518448352
0.9188798604219934
0.9742929743997841
0.7479602666558571
0.6992524217574754
0.03788797100785911
0.8826930758641678
0.7615091350686503
0.1424931714514423
0.32711749089095377
0.5184968548921687
0.8674819927626538
0.26884707873828284
0.7172963226848916
0.9377837499631534
0.6745886925618066
0.9849901777181409
0.8943495836277271
0.9831308866922859
0.25428570602076384
0.064482745979286
0.8484632514909143
0.10302910583219282
0.7791857462723459
0.6762166150537174
0.6365606666325927
0.425986442461126
0.12068168711873059
0.9148542305285303
0.9218436631590965
0.06324606174955799
0.3459361303072388
0.8621828722573115
0.05560359643187303
0.9367252652310929
0.48402300178046326
0.15393000148165506
0.47166731047710253
0.17858613219800534
0.9011853141205789
0.6914867932782538
0.8255474218380322
0.40384080142959283
0.7116033804178835
0.06688933678496883
0.07139899885078088
0.9508980482266793
0.923082825092015
0.8329757255115728
0.32169526794762515
0.7276378859525773
0.4444219945221499
0.061002724172724745
0.8433589293453971
0.5114380339387044
0.5449396607868595
0.6562208810264334
0.9127425255537885
0.9005849179219274
0.77318507294084
0.9453430506562172
0.09050973021038058
0.6850361473451668
0.6789450023407824
0.9011693874100533
0.777278883339775
0.20839955123103998
0.042456948135084445
0.8420077194626743
0.8389984510820475
0.4781635498594667
0.41124063285749246
0.1640514216676384
0.8832095123955723
0.6457752972608058
0.48783518298406675
0.135815302942832
0.5378355488556298
0.2304269140340099
0.5488310063026658
0.8775647076011974
0.8406833765925377
0.3355955389704066
0.05311108343569626
0.04829490557053617
0.20529638213948237
0.8958166086292747
0.7645975720357354
0.4141343929214001
0.8418800462387619
0.6002230551491706
0.28246533870286616
0.8560915488737344
0.9145917501403754
0.34090236105168253
0.9416762407202024
0.45172490015311867
0.5679058018549032
0.6202248260237995
0.037930527578695805
0.9495999573715259
0.9555314912076432
0.23940793601594637
0.7541670355838953
0.973330721057863
0.828250046433253
0.7748846984611395
0.943185768355431
0.9511389048320366
0.6891923462230778
0.7186400531639191
0.8931417061223748
0.07871515385385634
0.8879612814314399
0.652496818701974
0.9533709139481114
0.9882744319675831
0.08320524644019817
0.20093329239606575
0.8435303453968079
0.6323880701929288
0.07019502745192296
0.6887754258954457
0.021301593359436058
0.2569618198233889
