0.1761863916915496
0.025297691354821197
0.8911929215017697
0.04725349670574856
0.05021778614893825
0.1146290379856576
0.5652040893673687
0.7547426475133194
0.1625449962337647
0.47741484729525707
0.7220189058365187
0.06469442811249057
0.11837275770329544
0.8395522293075386
0.5241025357608535
0.1154100189872561
0.22254047518468678
0.32610781871845296
0.251643356813441
0.03552818832714129
0.5661539547463796
0.4576086546757359
0.7096985268922826
0.12487941628669105
0.8764409478748142
0.08417955296954521
0.05084717556913988
0.31339234384481934
0.4799235179845008
0.07562457482357457
0.06996397265117929
0.5531977392854249
0.7385704923598742
0.43667945678842746
0.7415640091708465
0.15750975234897235
0.15846555269293977
0.5897907318130364
0.0971805986181754
0.12747250423364984
0.882886512069275
0.8388214470234898
0.8033922243309994
0.6796962732107497
0.7713269535611568
0.547850871470802
0.09645158797722272
0.22574324231982607
0.6801828060204447
0.1776190294940689
0.7041377412333529
0.70096960314748
0.6937313806310121
0.058646147184209144
0.09738339262940574
0.7387442564361127
0.6122117021522454
0.06663025929547842
0.6615926949635371
0.09259938932498707
0.691229290559063
0.5308771345424101
0.40986026023233807
0.10041621853863915
0.6520256802032816
0.4895661324960728
0.6769106146582318
0.6642205612188365
0.32389964205741917
0.09244849688074147
0.2464116977184213
0.716689988424569
0.027662245331129424
0.5734266457324544
0.4330876528016454
0.8627322293367063
0.5698833485145075
0.6386767084248922
0.07690295231337387
0.35832542196856493
0.38145487540662204
0.8424775891514485
0.41032966950536776
0.3062760413592451
0.614059702041019
0.5596419587591963
0.33244028728128494
0.11961720113791674
0.32927553366848594
0.23661074587114655
0.07196202132029555
0.24019803799469872
0.6811794172554548
0.08453600849176836
0.38230350220034787
0.9175586465759873
0.9177131019908364
0.48277430761635387
0.4241607830035079
0.5768857634609839
0.34393095353553715
0.6368187882596523
0.6913513221714485
0.41481284430791765
0.7765784161534145
0.4121706368884054
0.4416270468789776
0.7071139743900069
0.6318945786607475
0.404508884566207
0.13217243201761766
0.9451499120210001
0.4419552385426576
0.15406946904593277
0.09479730507812616
0.14611840583440028
0.031551413768508646
0.14231760854658104
0.039066820288848086
0.22820620164996736
0.29861277328381575
0.04574978662156863
0.48445107469885296
0.28500052386659414
0.068687945775938
0.04254872883508565
0.5050577741073631
0.08744722898450435
0.12394509085040864
0.6360763546756714
0.37242748294094286
0.5770102501702847
0.9720238151229595
0.6636165738225068
0.7061212636259452
0.04210713198816661
0.7188193716336179
0.33285262833949725
0.4147591333014514
0.26085389179951074
0.7817149610393375
0.18942338036982906
0.6552564239786095
0.7093587672646134
0.21223907930746178
0.2835989263325703
0.027942622843677083
0.18379500474883143
0.06331748283842514
0.9635084815368871
0.13882290879894754
0.7363624715971895
0.05440757261192038
0.8147836443512488
0.041722476410211
0.9642902499618672
0.5887255262299322
0.9796528387714267
0.028052675439874827
0.07600610924602991
0.8747000251640126
0.11835478258284893
0.7898702676672901
0.6020341367890016
0.04126826804025023
0.9904995000650535
0.49176181777599715
0.22128410168978385
0.38649123569545507
0.3017556250641902
0.05679226929280437
0.04448052018737664
0.05040686274572349
0.7719130435519381
0.22764202261788186
0.4657768058371946
0.33392744723972634
0.6134194228585967
0.6777773862349681
0.6760885689741973
0.42631631929493224
0.6613696802377551
0.6734476411087027
0.8358172979044417
0.17938220935335217
0.6935068675768374
0.6974198859689573
0.23401716530370748
0.6703330819320775
0.6645015241555129
0.3920271999120114
0.7774560684654185
0.9626189121101472
0.31395201011423807
0.9103817807772379
0.603003169643098
0.883333118762359
0.19171704837115366
0.3326156328626919
0.7461457519203476
0.7820797976571219
0.588198111187824
0.09390030359275198
0.07050933171249991
0.6743178125200073
0.08535124794579443
0.5231666911642524
0.6674149503021473
0.01438979186709176
0.443611730988582
0.24181823511074121
0.29049681940435523
0.14225378381915377
0.36696188228846466
0.5550511326015466
0.6401262720817527
0.0580449625813268
0.2264173312360944
0.12371495126059759
0.3796403410619927
0.36299969076910266
0.4207913950299487
0.01423229186900928
0.8193439237426688
0.14739785735620398
0.49659196237575914
0.8286745761353124
0.11528107466160967
0.2629295081942836
0.16205829220615742
0.42332703390926063
0.6080729029906619
0.8195677625524076
0.20358525972492708
0.10499594159485483
0.818529626982092
0.9454039933322655
0.6945613696706979
0.9455751947267623
0.7030140973111513
0.03461762890789345
0.660393146406489
0.8378834462312618
0.05469768941787086
0.3440955752262287
0.03678714661736834
0.6584751604056093
0.3525800003859972
0.7399804651704789
0.24701901427854903
0.16545513843048587
0.42080693762540644
0.9975666985746595
0.6941137135901695
0.37861365073306985
0.43546198413423676
0.04385015016351906
0.22571961921500322
0.1762738584221482
0.11615907735633245
0.9949586391001728
0.69808734113333
0.29961648046943234
0.5366449584060198
0.023590931967762983
0.04788387250503029
0.019216178369205826
0.7999210219905203
0.1341614931864707
0.5235901586423475
0.26689379208326086
0.7086828413847064
0.16387740090002492
0.7355550360613408
0.4836754313837188
0.044754098874726145
0.32438709840553864
0.03647372485908436
0.1748002346447624
0.3713559121849427
0.06671333258678383
0.13989241813093334
0.6104281611806167
0.06229445828490542
0.8993484497216077
0.7598276910795201
0.38745012368713594
0.42475420753040694
0.9074588060940035
0.1869587848418003
0.05643544599864897
0.09468164048298394
0.5886997490466838
0.23914190470130517
0.15394002766355724
0.030014397094149957
0.1031974145897879
0.2919492115489875
0.5389604226385666
0.7527641941648341
