0.8603734070405401
0.6583440471631057
0.279624412410452
0.6321908413229205
0.7450832127410657
0.7042073563605851
0.02113800089589888
0.42962961417765744
0.2014772971304405
0.3783268448572669
0.14723446306758353
0.6617635530757262
0.7654513889796365
0.06387273704043056
0.8406547597183016
0.7529242211560965
0.9248746820564424
0.22215163508150768
0.0769942676294876
0.8959606566306557
0.9578574452963217
0.8936305534011107
0.04567550279134052
0.8565117532601882
0.06534057760044605
0.1710823705560133
0.051511039924258276
0.6220656657279272
0.07188149619532679
0.7893890199270395
0.7421528177384733
0.08862052648522717
0.7917987411460117
0.7321312195852262
0.9241805546047666
0.8873750918231242
0.8260828199251757
0.08861741405368598
0.7715192771884354
0.19555263089940084
0.6673793862367353
0.5057357756538794
0.12451093228246335
0.6809960253324863
0.7693131023587496
0.6275112806927461
0.6422735888829953
0.0783115781390107
0.1327540212071575
0.6204075285876076
0.9523771032768649
0.8127459710429437
0.9916095015640334
0.9747784594868825
0.6474837454364941
0.6049842656376455
0.04585114590489936
0.8918659815719668
0.8609204372715646
0.31042456747501307
0.11514428101612192
0.058790437438520256
0.8332959282579866
0.9567427749714037
0.437814810651449
0.8762096688244071
0.7825229304268317
0.611441507385692
0.9238876856746874
0.8907340834697695
0.0765718309821542
0.9976564128332976
0.9013981283328839
0.785059530231194
0.04404338113620808
0.8076810871091025
0.8137096549204451
0.8516074618006667
0.08101552731041806
0.11960512610850832
0.3233118181186816
0.6688773234515326
0.9998323308932542
0.145254312295301
0.8267761891272827
0.8554767375381613
0.09392635248827383
0.8188459106201982
0.8432393188878081
0.14555012145803853
0.4534481651321828
0.8379600498686413
0.4413128455274171
0.8597239121818131
0.9247737043190349
0.3500524217241314
0.3020672722670504
0.3620703033445375
0.2648769135657401
0.6824116553484827
0.5679520143146909
0.7628631271774329
0.8855951668829983
0.3231061480613504
0.9289315038963859
0.9125657500980795
0.5905840186321679
0.033232532396521686
0.5858137929089962
0.9736680498748893
0.07293770069724498
0.16629468670002948
0.9076077267492855
0.5440525072589327
0.5205229857014001
0.059511610563189654
0.2117335398323345
0.8247308950674878
0.7399901382790093
0.6843051237361426
0.9161313082597822
0.0604369264021131
0.9808189162838097
0.577322508942674
0.22397738393934938
0.07078174774391252
0.6958095233958338
0.5359806970834645
0.5828963812339234
0.9557736578393086
0.32187654031650625
0.9110993323583679
0.5195411397947103
0.9922238648377024
0.9111172909630648
0.17679705418732836
0.8790130125371973
0.7193338624895711
0.22401679798875296
0.9348924158078011
0.03202150184314802
0.9674612308235198
0.6878014789058595
0.20784766969772128
0.6495355348194294
0.9699269694489677
0.8991285504943387
0.16967224177109633
0.7040543007064981
0.2761748429544802
0.2793975260480166
0.5335180970231216
0.6382029296858815
0.9703480707793422
0.3071945907798938
0.32910691347332693
0.947887961351481
0.9186749013196924
0.7233471082890046
0.45680558970765184
0.08984401361498656
0.8745120744049271
0.7968494099963904
0.9774515573454925
0.7255421306483825
0.963378087352593
0.9529830162729056
0.2177080866621362
0.9928352604464821
0.7794573787300836
0.8899901801471553
0.9732217809575228
0.8049125367137842
0.6768565860501078
0.09384894117915141
0.6444524292966607
0.6115560951963467
0.9498779164016016
0.4026792869062481
0.5402972985384081
0.03470398810287616
0.8741339804969882
0.5397205547060113
0.13765738320023452
0.7428000013430945
0.10824489963368418
0.8571797484186974
0.24023363326485314
0.5114469544479995
0.4766315036473853
0.11131676633428612
0.2706223045570747
0.822881177633954
0.6456319149667669
0.5367888862968029
0.7290675265791614
0.04556363793642685
0.8665708029025465
0.8110709334072586
0.656650729249432
0.31426265187828334
0.9940410513975815
0.5697330962455918
0.8324026578322711
0.1729602021733494
0.09115503791115842
0.6975669567118339
0.9561823693748903
0.8446103692391238
0.809322717272291
0.17563895554635345
0.585662083613234
0.766746730704627
0.8739174726126777
0.11418290804337775
0.6690035590511118
0.8680462986388252
0.12174115928755083
0.9500439504886904
0.07928981502331514
0.4576176206915622
0.09286642978400259
0.2162781183725352
0.9680986327261405
0.28725451725642603
0.09043981336488349
0.8420648869752393
0.6680526871028024
0.47247063515526777
0.5491187637593891
0.12670940210079093
0.5974000738534361
0.8084539216938017
0.8051441758186193
0.9079205819921365
0.2291376614151192
0.7451765674753161
0.6410577844247028
0.7881081632895637
0.31215654215840083
0.036866816845004834
0.048597777206005464
0.4950498752859004
0.2253735544945017
0.6657489863681596
0.2410101583095648
0.5215250438641788
0.8536160298635317
0.1323685116343413
0.6933117718911777
0.9010031894177083
0.598128364407009
0.8325752326082478
0.1033202716067865
0.1670285537129618
0.7715563998144226
0.5499108274948138
0.1962508206394195
0.21560281407082904
0.04630857772428702
0.676869211677131
0.05282632396973996
0.8118082210468558
0.04841080925086496
0.6220710452749629
0.4803897262812934
0.85471069778751
0.7516497655885436
0.6192232997001006
0.8976698038959943
0.18859348617059005
0.13618423784241127
0.3926319024868138
0.92096761977986
0.9439865986476074
0.9286016859996069
0.710263014270933
0.5825366544289906
0.853830850060867
0.7455686012549139
0.6294810446134478
0.06357807911383256
0.8386434586820148
0.13456688833075303
0.9369928304891582
0.036472670382471484
0.037005615978634485
0.770877026920832
0.9504609937523638
0.5492939342937407
0.38641666585794066
0.8144718603947854
0.09022053667538125
0.8758274257131106
0.6305031623734276
0.7129175555240266
0.8393272157315266
0.5272613989368692
0.1927428791971199
0.7152941462997793
0.8066183872471528
0.3226370417288581
0.8245894038013608
0.8420031673849264
0.7291248082888535
0.8423808160563322
0.9816046940169935
0.5100688796251603
0.9578878482284607
0.6332642251842394
0.21786299809410475
0.14319767665307903
0.5118028471296943
0.9714460528171849
0.7676880811493102
0.40208967789786765
0.07623063988318864
0.919869533953124
0.5466112144141284
0.22074362479258608
0.07909028235402962
0.07374031430411647
0.5739693024017896
0.8424090669446347
0.43881532283465474
0.4892454908385836
0.3978565298322937
0.055867083749581034
0.09982063833774546
0.3834729822219217
0.8717235893476978
0.8206130257653081
0.9672566710346104
0.5537715444582629
0.24695509891633244
0.19682178059663208
0.9046085782529371
0.8840405673800962
0.8390362959595623
0.6597920106018278
0.9971462207187436
0.5324010949184496
0.8924025993729514
0.7746809952875318
0.6829497465341291
0.7323205171684767
0.5570862037068657
0.4275539032492675
0.2715686671389232
0.5631347458745559
0.34692354009246984
0.044115119785012855
0.7237413866562037
0.869037943258455
0.5998866810387325
0.6932389331015357
0.7349154625801935
0.2259926160201276
0.4888951733652104
0.21592757368821186
0.7147290140639616
0.33010797122793284
0.9469175668426113
0.2795653921215722
0.2560361406738899
0.9397999687777592
0.9770232444322859
0.8963242728059581
0.05302619763666791
0.9344179873200603
0.9168428003714757
0.06466247022978742
0.92081087104609
0.036919711197240246
0.5907755029510052
0.9232108717360888
0.5590797048191459
0.880808316029831
0.607772597918023
0.28888796533363725
0.9225689909689254
0.10040704465236133
0.084933166665032
0.7235296074064259
0.4637497350190496
0.7125224418031044
0.7528146091170815
0.7264622455558749
0.9053539795015034
0.8234479571867532
0.9096929216614599
0.11995842565410411
0.535840452037706
0.6002666404406459
0.643790982682555
0.6317971501146673
0.3984292919421764
0.9246622708344164
0.7143889726120182
0.8252666410070433
0.40181916356512104
0.060783447775242264
0.07643737169134099
0.4911084027582341
0.9607929835313036
0.4928623724382495
0.5570588923045012
0.977977817853843
0.8436366381257012
0.724216682737332
0.09265383485251827
0.44669450149038614
0.15164681097171456
0.03050167926811255
0.455025811947811
0.09205158736014324
0.17261986953234348
0.3737605831951264
0.25297293420249395
0.11628671395948997
0.1514075698031272
0.24375263406641923
0.16315733381128228
0.8543181183100477
0.6451367815317566
0.04141488622209123
0.7176857051565726
0.09956378057256474
0.41484387236485354
0.8631021539073803
0.8492497625587772
0.6802242568277662
0.08983789299385725
0.5755719475706156
0.2800457887442337
0.9963503670471168
0.07384852033735215
0.7360426904950914
0.8468550190788761
0.12225493281051064
0.033888820292039636
0.07248070794270252
0.6455329075979608
0.9651649016169785
0.9682554315208454
0.5644097897946725
0.8383005133399228
0.8169413769790157
0.17726032621002286
0.05949603387395153
0.7855262194346723
0.6517899159134461
0.7366819506321388
0.0729033600095089
0.7286223203076423
0.8412169224563109
0.4199359012350582
0.046136090628782184
0.5965644963327128
0.6365380185239224
0.3712868996183177
0.5983628609694308
0.3520022572387267
0.06062179626987961
0.403279488383015
0.6768871970587749
0.6646681230119729
0.8637486052346615
0.4972149773672214
0.3204422452632716
0.8239814073429576
0.7330477679595948
0.949165790282271
0.591103832790639
0.03465954492761677
0.1878565449180777
0.7014618936597136
0.7181261763883904
0.5524964055326291
0.8211650949271423
0.10769741020219807
0.514759918686359
0.9016057513386999
0.031288180210115014
0.054949915416550976
0.5010534861403695
0.06676444909892416
0.6803673367390366
0.9631014097350363
0.030517484586580733
0.029354381679900704
0.7722221665172486
0.054605995349481136
0.8209058750501803
0.7731214790926157
0.15708691243416
0.9091898755632914
0.5993615479086771
0.9043188541864102
0.8953534541703814
0.18390781722725538
0.7925399889811373
0.7491504442192285
0.8179010263171098
0.7561273701944682
0.7615533722275696
0.9268457287674016
0.024728598107324706
0.8260167832851503
0.6324445019408481
0.9083253392119897
0.04116637000820067
0.7093714190531264
0.8221580224549514
0.7175858328840973
0.07141940383839962
0.09410829946790268
0.1323733127944991
0.9477681216389814
0.8761865021279991
0.6599931390135636
0.4698874887771646
0.4334326707833085
0.05173365295674901
0.18241049190113728
0.5809318698529952
0.10847432289511239
0.914078151343501
0.9594359852025428
0.9176905695145338
0.49608341316249405
0.6518451086111172
0.7662668808311306
0.9290826210176976
0.7142477695911253
0.7774224822744782
0.9378678651928116
0.9075220290623254
0.1255315136161779
0.3516621498437522
0.09265352756689121
0.13778916164634755
0.8464069371799832
0.16180031035645376
0.8790046868041652
0.9205557839578249
0.1049569152657405
0.7774265533360516
0.2280298324045916
0.6982586428083939
0.029992524445845464
0.23065760307160602
0.7706936236170865
0.03784934749045478
0.16247893438777986
0.9045903496034003
0.7123102461294648
0.7571402762049357
0.2788735146399263
0.8416167476147579
0.609142711354917
0.8910947831169286
0.7637943898350903
0.9385087718774343
0.7498334327184093
0.7650272992238267
0.5667182270918361
0.38484002742297907
0.9212551076060427
0.8131719109575906
0.9065699573288936
0.8093839602065482
0.2774033721878836
0.31392870675668205
0.14492744704172184
0.7963354822230895
0.1283430558583547
0.32651799868756237
0.5547198450036266
0.8914323173527432
0.055356688241265065
0.08506432544933074
0.14417819147877323
0.6170927745542882
0.9657839925510816
0.2502024154134941
0.4719415827664219
0.04079003907282608
0.09693704623762071
0.6309699838852145
0.7552469291024695
0.051536852447321285
0.6514038302024161
0.49606323096763427
0.8935106020123657
0.18047085935435098
0.18123791273053436
0.8183079181690982
0.4686748770597189
0.28280060235518384
0.2595756454492447
0.8470632838150167
0.9023139831353637
0.01572256036526792
0.8742764537691966
0.3830939803208239
0.7083348064849113
0.9876914411051227
0.9699497384036557
0.6991357145665853
0.7044509123271689
0.05741986978252381
0.8400060689554787
0.9305947367209437
0.12153117897302328
0.8785177919749252
0.8866488602103247
0.3224832060423317
0.7403686767337001
0.6235699626474118
0.06656957790358553
0.09454585139593255
0.9057038798616597
0.5039784679886201
0.27550715562477224
0.7867933634835269
0.07371612741711973
0.8671623910252758
0.9748378994880906
0.18742093189142503
0.8248074394849976
0.9745890613539603
0.07998418920322911
0.6474093382139946
0.9392110498412973
0.8313487293113317
0.5131928838364028
0.18855668995308225
0.7839731413376197
0.8471374182503824
0.062183856119243375
0.8659591970108098
0.12165293869319985
0.725767887060055
0.8239330566892549
0.8251327591943592
0.8044453700660208
0.6010320129642424
0.6087120183535472
0.12434522627691419
0.127483310289599
0.8618760981572876
0.7769890784560263
0.4282971067597381
0.7962529004378425
0.9158450879093417
0.8575836796089022
0.5861886663794569
0.9598324643384271
0.02993076017024773
0.15112805299197452
0.7784159326137693
0.9539514881180547
0.5940099291770014
0.9930211289139017
0.7898024967504388
0.32350789273413005
0.7768055222047312
0.11268459010638952
0.09639532465029979
0.8293674167943528
0.6848929779333355
0.4008977811236658
0.04089871154890931
0.9314516452315801
0.6229814283240195
0.7909879193083696
0.9702345251249639
0.852320283609315
0.15618251803992955
0.09123446214956814
0.2432411854196248
0.870439209766172
0.7714154850835485
0.6331264832971316
0.43948584697810866
0.8136927852649329
0.11405945012435299
0.4522666996055035
0.6607953748207958
0.09456185365351724
0.5045451964220521
0.5382745361694784
0.8914100182940485
0.10468488180473125
0.5978246109196669
0.05333371891522813
0.3010138935179997
0.36413357723375517
0.4001225666490681
0.041540609506848944
0.13824331012177613
0.0847121889073032
0.6811195115862321
0.9166382668372113
0.5103657623524518
0.6145938945972965
0.9458219903500424
0.1444225766640821
0.12004210328126158
0.7160777899626176
0.867141890098453
0.08746927494403983
0.9066265110799396
0.14198479281951504
0.6274515677080905
0.7993125214673886
0.8148690373419687
0.14072583856376736
0.7767280287169502
0.16227546154050387
0.6943592925101265
0.8684197116517669
0.07814355930747426
0.6957725872560598
0.7025671709763378
0.6445545001167572
0.7841195585085835
0.6829788827436216
0.9379121425938979
0.12813936105676219
0.4210621272898912
0.6438945286023888
0.8437234747963538
0.4597083844738515
0.8972355143478816
0.5816911268763941
0.18797670722957144
0.874961826930919
0.08557856553339094
0.9296150028094459
0.608601730071775
0.85523893148466
0.7475475531354178
0.1173521359856814
0.4814257892339115
0.13031930279180473
0.9508381015521512
0.3639961832332809
0.7826841483159563
0.7128653529936518
0.15824386926111175
0.09202217938987166
0.9829378399725457
0.7268334173690583
0.08392793077615564
0.6028415637710529
0.5328071623783452
0.47526783226036223
0.8385973353995757
0.6425856894192881
0.6600299153700901
0.7654386190265079
0.868823722107686
0.636645319395487
0.6873245131713217
0.266011231562425
0.6916865753162608
0.8891231491016369
0.06012235550598505
0.09050347218643842
0.9493462746346722
0.9738618090801423
0.8231654240004407
0.8200694440804415
0.8035543898785307
0.867632243329858
0.5612411634014183
0.04471383626976886
0.5863502259380682
0.6329846138132226
0.5828967649357597
0.4034465772629575
0.6840421709565007
0.9467716565056317
0.559239375923097
0.1220481154064111
0.9354998981693574
0.8961000098146745
0.7979182938306261
0.5450662165521861
0.9414134486550473
0.822211985849543
0.8158823255757025
0.4807039829914094
0.7746464188114519
0.507757895292737
0.3838368870182498
0.989993837174755
0.8977967522019115
0.7489893433548529
0.7971613221252167
0.9604981099338947
0.07778225333372404
0.7295832206154655
0.8214967597324206
0.8804608166584986
0.5958113628824453
0.930515647262397
0.9442696817951048
0.9244937547757965
0.027223954694758877
0.7947837861230614
0.9283223944013772
0.5485169881175801
0.11553406685700764
0.8494424695591055
0.8916425846153342
0.05653415801350431
0.8667162479364402
0.8710454584834083
0.8510656667484278
0.08951361612125039
0.6942670073137394
0.10598571524668754
0.675928259203432
0.019247853326197127
0.05358470926141888
0.8049306309862525
0.09613537268973635
0.11765898670011216
0.3119383222467704
0.837111768470175
0.9333497113077628
0.09436958990877804
0.9173594228488988
0.30155804070553616
0.6233948233670856
0.9139835789526103
0.3560733078638474
0.5597265730359882
0.7136204163868455
0.9206255394002414
0.8321695697172946
0.16048141803488158
0.3218885188400676
0.9647893504102135
0.758703365543023
0.8983361973468726
0.8873775906848835
0.7881639943305239
0.8728545984074414
0.7536703987369417
0.07099144959475365
0.4412751136652136
0.6242908583897222
0.9492691039905974
0.9338910082061855
0.46222667614533836
0.784614406660878
0.1996908187838642
0.8697507964197462
0.8034402675920227
0.8984794784017726
0.07221522155690521
0.07075824022828746
0.06520924563703237
0.05861126194798868
0.8583079094836719
0.5648664161510597
0.6835261692541839
0.9340833590672418
0.6496374017221077
0.7644480988262068
0.07707901357546845
0.865228051518486
0.9624201546203477
0.6466812098816958
0.9665193418759624
0.08287256919514582
0.440898043328112
0.4380958716187283
0.0717850081153083
0.1082618374863645
0.03696635755110572
0.8226254502926931
0.20942063960567056
0.7560134362692913
0.40908882858450935
0.05303743117548472
0.6076368579968195
0.6570426881154079
0.8704153911486945
0.7907082966867497
0.038136726433962834
0.33180658548434483
0.08340681980567807
0.6419328347538797
0.5536843972398168
0.1866515063394796
0.963078137056304
0.5179580271410746
0.3589153350226195
0.09303778738144822
0.18511873759032216
0.17473934981037764
0.2660353707048724
0.3705187266617848
0.7589799588843831
0.27961522239483183
0.1313563368527348
0.3764346370932079
0.5781059271229935
0.16750360543244924
0.9963763309007272
0.8061833807767366
0.9950553397479529
0.7485647746201667
0.37744819556786247
0.9591212813847845
0.9853998480731732
0.47080518765707857
0.24609745649214337
0.6059581205146032
0.16190482934364595
0.9344353101825873
0.9412333414883611
0.7296596868187926
0.7864616714055808
0.8396365227868277
0.05697715353360159
0.05867924162126624
0.38852875173518087
0.06226329898597982
0.9663717978985913
0.38766331881424704
0.6548785266532345
0.3493610219651624
0.10772111910799398
0.3268344032373889
0.05483845663421457
0.02006900960473946
0.8875014057471674
0.8600438608724075
0.25668564409274347
0.31454171535588016
0.05059823504792245
0.07873057520974652
0.6604368329188643
0.8445940464123176
0.669450383516224
0.7721880522057872
0.10992514647714209
0.9271068412140763
0.9442671049314514
0.3922864434854386
0.4253159977453428
0.6142199713091632
0.7805047377334695
0.12725104535075568
0.09679056492275989
0.47885034281901306
0.056138401471849675
0.2340976453215869
0.02865521114107676
0.6303804665504222
0.9546778145327112
0.7668393125553997
0.9447988801515808
0.3021678497782759
0.07166307089408007
0.9843655743227455
0.46526181737149835
0.032348374752208434
0.9972308425656624
0.6565472520482458
0.4346256052659058
0.17976438361595717
0.9105827239988933
0.8767752531735091
0.3275276833361536
0.7099043729053695
0.8217601179154103
0.8716337696688957
0.9562018485424832
0.7631112652249573
0.9210597394197737
0.8977887799862474
0.25983333283825416
0.6234488829042464
0.8111570649094313
0.1542857423583222
0.16163571736012844
0.42553015526310667
0.6446504576914143
0.8264471879111939
0.7035961525068208
0.7797846648558897
0.9034631629893757
0.2111147242410644
