0.41373554891277864
0.3977911360629672
0.03245198550730693
0.006399872709902009
0.34788258727704047
0.07450442482048453
0.05965514996302358
0.062355753270661715
0.19561951203139594
0.11050229329846845
0.17388738930189568
0.027372625556726468
0.8819011349468439
0.07619941300803829
0.021339184817649747
0.5779739471806281
0.02103951306964631
0.11617107524215854
0.5488763043022661
0.5350134007704306
0.5336599763120984
0.06774961448544778
0.42902347455184864
0.6597110483754477
0.17851201587160453
0.1104591811872387
0.23179815660846292
0.5075061381482413
0.018992413839538376
0.03563992194955696
0.3687287519151381
0.07746041148270856
0.45701238726481674
0.11903336298728785
0.03626099481229331
0.14025146410169292
0.0336679487927585
0.9004851845359794
0.1971310166877125
0.35381667756106894
0.06159308360695921
0.624642697394101
0.24829412130950645
0.036932902756358736
0.5996451389235893
0.9992156266860397
0.011113576577648242
0.9043914234975067
0.24108881632711668
0.05742811623022566
0.25284400547445046
0.2328888321913845
0.24772745950363906
0.3896123809765468
0.009178967827684459
0.07479356175029045
0.020720070299904563
0.40937689391951104
0.5322687289479257
0.7024745852107526
0.6398015090523317
0.9621727754695996
0.6267072351084559
0.713464040228765
0.03345089295986247
0.6240316575830154
0.02621475686258222
0.2243738025326441
0.29524579844106513
0.68419383565952
0.03719547711258764
0.5461774195480557
0.27247066960856625
0.6969281745067382
0.6132396002801062
0.5765199553644879
0.03532231330105337
0.8018622881879311
0.1634280986302567
0.07076936217401439
0.7308037596847248
0.4750784593706744
0.12353654072999165
0.20587940735230262
0.4631333810137235
0.050443763545639675
0.4082726059008343
0.8850087853649584
0.11146028277729558
0.019828711924650043
0.012867934929412036
0.6377953421001079
0.02149560204502112
0.1452443880963007
0.051078974648998715
0.09263412449885186
0.6886832977157913
0.3434024843110029
0.6571559522748398
0.6862116588383851
0.707851823657306
0.13726044571555585
0.05373313939837138
0.6401844446211902
0.20204023179620678
0.02240261176553414
0.6305545945747348
0.0053085911202832205
0.3201371544814144
0.069037869436516
0.2546198087641946
0.01876016343792848
0.08525325645473181
0.6392409752235435
0.09011114408056539
0.742686316738813
0.01041932979175876
0.1790144735627856
0.049311975000109434
0.6454205091468869
0.15902770341125136
0.9181188085330264
0.6789161400977091
0.04569865092386544
0.6405914436593402
0.6573787138883425
0.021303006336826674
0.5329976100547723
0.9316261567046471
0.5553113136100074
0.19454755086503533
0.756106482352784
0.39583031705697114
0.027033486956957432
0.05962774211794106
0.5257964354610025
0.02835725446888174
0.4990135809757166
0.5503449506996232
0.6205284853206806
0.04462291592431797
0.02190811224842131
0.2884817319229023
0.03615984352505749
0.044974273724706235
0.1951223824494048
0.456698921864106
0.027952584278948818
0.023769701828211944
0.4032174548902125
0.13743882366168006
0.17146619700804322
0.04710172194951448
0.05077026468838593
0.1100667723589822
0.17253832869772998
0.16808345353509724
0.07219521718220985
0.5001666114040204
0.2187252395245306
0.5445782584450896
0.21600246841834603
0.7065622711709836
0.7315095282559686
0.05004087648395815
0.04339302093364076
0.6979549093900141
0.10895736607990864
0.008750656345757862
0.10652965803858466
0.09320011689569618
0.28021929938626566
0.15057949183343347
0.3276140387474885
0.5664372281393218
0.1885877285875705
0.044056451726810414
0.692004556036487
0.05597326820195813
0.04120485410306299
0.6943284425691945
0.23405883588834167
0.1966774499942324
0.7434177409219573
0.02351641353295687
0.041199280292554326
0.6601896907018682
0.6174630916382866
0.14093115044038615
0.046084534925228585
0.9111542099343247
0.2337621673176695
0.9744454327425722
0.0298171152307957
0.04141488643301573
0.5931217632481625
0.049858506119669396
0.08548827187642474
0.5476358879763212
0.18535036678343592
0.9689127148024784
0.2098641554815996
0.2036870520464269
0.8068727847631352
0.055593988278977796
0.13756329673290008
0.0717390299687157
0.2886161409364857
0.22598569205141134
0.45162618734538656
0.15025839740042377
0.8954348278467159
0.06706026194921375
0.2440312738161201
0.06115113882916153
0.4515349449732193
0.005154888179623748
0.06552396739631672
0.7076692573870634
0.3802518843817416
0.3847570621621328
0.820151558406669
0.6500938101108167
0.6518739776113249
0.09761083829530154
0.8507128812142363
0.16380212522903675
0.07429963443161182
0.6190849091190813
0.4895937411811905
0.2082571435448258
0.23492131210609485
0.9839690440841797
0.011761841212573416
0.44115212956260047
0.06157214800468851
0.05057812580207536
0.14132982544121958
0.21390958426773407
0.8272889137166541
0.9547530261487966
0.03198665890416919
0.11280361652920803
0.08873923686745701
0.2505420248729844
0.6796236926155425
0.03216284398714485
0.3206739507517
0.0787730259106131
0.26015688586906877
0.658980204592991
0.815150852703542
0.13053087972556718
0.15836139716728956
0.0988060627204554
0.690745982020525
0.5111241925347293
0.09253709057447768
0.20795704707433793
0.017202275424772456
0.02792230760273159
0.0941015106893965
0.07292420025953394
0.032042564975107345
0.595526368087686
0.5428716797310944
0.12835036575157918
0.6163480888642965
0.5043009427639396
0.16449721752669355
0.130282340767984
0.17274622788815786
0.6541186067625848
0.6842644731409282
0.5851165129717004
0.04344921467213345
0.6470812496491362
0.06738159350767171
0.45122557686168185
0.5859664623519939
0.5397831266209363
0.5452329286119989
0.6460306465780928
0.573233367931041
0.9806600474738536
0.1042688164029433
0.05899892412346896
0.5405481448931597
0.0037198284733629995
0.07885845208541656
0.6122561960283814
0.2952674136484318
0.661225770156751
0.5810172191129206
0.12574741256706115
0.6281724695357142
0.17801217541485873
0.03529516297025728
0.34931793669437133
0.22003828398731376
