0.6957873872739206
0.8030357789555569
0.4926422143464261
0.8589071729026647
0.8937128503235188
0.8832691009509462
0.9787409000225537
0.49640295076187224
0.6996481186646417
0.2974240596069172
0.8330423244221856
0.9497907670644661
0.9200572275895862
0.9910644969788022
0.22992420969118882
0.6438938612052273
0.937441991003683
0.9014907269682008
0.7819739633430414
0.7578294775710782
0.9606764322830078
0.8835832540730721
0.46951785848994954
0.9257375726423418
0.9480620507834501
0.963802559308081
0.8993541771207046
0.8397727003145612
0.9441013791011421
0.6564693556927196
0.936347217055991
0.5683598805482372
0.7557843822431107
0.9049604099866351
0.8219569877530771
0.7135204821856131
0.8314149968716726
0.47337917312501254
0.6986960963476301
0.9489240781161292
0.6772392157014296
0.9987675488964349
0.8778282485025521
0.9907559081464541
0.8699177675249568
0.32793031752531243
0.4111738637695559
0.8656083310549492
0.6538182451381991
0.5904940801483348
0.9859575519619894
0.9770335884012096
0.9763209646733101
0.9059095156245623
0.8875357473162017
0.9801888870727546
0.4858797979501297
0.6522732261600594
0.6208361053622071
0.47022445842034655
0.8312761663865965
0.911001593205832
0.8738745601705927
0.7989662018574892
0.7759096935780689
0.9405402254281927
0.809696245783837
0.44931929916195684
0.6563089925642568
0.5560281533124831
0.8479849434513818
0.5138337362716978
0.8880360124760713
0.8826076490977245
0.8424584535780786
0.8378056179172353
0.7965946121593852
0.9962415907795488
0.3211249488399564
0.8724266462471317
0.7117096572476167
0.963962945394399
0.8383708452584718
0.8716957851753575
0.6741663924664987
0.9020263740636414
0.31525906126033554
0.9346443381551318
0.7470047056627306
0.5781340651470558
0.47768980559734564
0.838244520203731
0.9169483570166466
0.8225436745518465
0.8977823410919941
0.6863674461063062
0.8071192340770477
0.9138229601452191
0.7830345234426986
0.9155727891144507
0.8882185200037243
0.8699780496655651
0.9306696477378955
0.9504700218349721
0.8919810468934986
0.8940126451402037
0.8846846983439558
0.7917560283444558
0.7584832969883792
0.5243696164679544
0.7691278388700937
0.6246700396376673
0.46299198232314365
0.8507667365117121
0.4187549632816708
0.6756175156225994
0.6121087859904251
0.931092368622987
0.7856690146995806
0.975943651649353
0.8617857633555888
0.8897061716288343
0.7604657243623694
0.6174013858795081
0.6772594413750654
0.55498801780778
0.7267115780196562
0.5965408113856888
0.8663888992671164
0.952425702350385
0.6933327933489467
0.892704394031725
0.8956740548240512
0.7568692734224998
0.6190780338099559
0.3378328200784928
0.5615513307800354
0.9669462362532313
0.8130882916232482
0.7736608175516838
0.6531597625797079
0.9223850100385248
0.5477611485341312
0.6903151760843886
0.5966466976899105
0.6817428579795648
0.49848838250869476
0.7410822743381713
0.8419166316448123
0.9925075719262579
0.847882235986285
0.7837807111593516
0.7417104287084061
0.9837439400914294
0.556089468881212
0.5022312879286962
0.5179317959022928
0.9042042223051525
0.7558659238608145
0.8698954226917661
0.6208649387587368
0.9367940663338516
0.950876948953666
0.9528366557516501
0.6921024684300671
0.7883347831631762
0.887212026890088
0.9014093551972948
0.7896311284859701
0.823123517380212
0.8556515003140461
0.9145443820326138
0.9931181108425909
0.9095655035779315
0.8342734536133383
0.9834016745167595
0.722849244322683
0.6193755343603061
0.40494789534940556
0.949610793317963
0.9404751254591315
0.9738420988514406
0.7903636694609151
0.8593542698336387
0.8598701187390027
0.43332368984956743
0.7035654386772892
0.9053565854660828
0.5433715135872103
0.9322323621724189
0.5912478246536258
0.8644407782533583
0.7552705531783986
0.41494571822569754
0.9004820811716838
0.9499829576570624
0.414431457372876
0.9451161798403116
0.9862304406325544
0.997169591186571
0.8997064958800254
0.8361318807494815
0.9076645967163707
0.844522802234589
0.7581388961736883
0.9715957907881396
0.8401414975302037
0.8702392923007882
0.708678208319312
0.6561763848516551
0.9320472845319854
0.8166766534643705
0.7608606322740017
0.7698556041259543
0.9024635304298493
0.9166987514699005
0.6824402936870748
0.9881791908379316
0.9132069422869048
0.9210619389084471
0.9171329189471542
0.9127832157164584
0.9041310184389186
0.5216849187140881
0.8212284428801212
0.9605412898146901
0.6045077079014124
0.9553351972199471
0.7360232678222968
0.9922900278473255
0.29063104248049754
0.6549170584483379
0.6327038661810093
0.8993781812562947
0.6068680726034711
0.6242080024857901
0.6273152478575763
0.6209617321876053
0.8940970942882752
0.5898291117244103
0.8022461180222912
0.9751118585293619
0.8917013259397355
0.879641628560196
0.8445818973122494
0.7152175829040571
0.4159454903975396
0.9197438771179469
0.935422233284074
0.6874620076708965
0.6510884154656329
0.682396034758452
0.6986056014048362
0.6631636497664533
0.5313680395136345
0.7915311004738246
0.9875768001572834
0.5850449973711528
0.8114068930350127
0.9291279001432868
0.8214930200177534
0.7105241203817959
0.9212168005877381
0.8800231045627083
0.6753423061170297
0.9148310708249972
0.7992297877250637
0.6899783754367954
0.813256899384422
0.881752277634136
0.9731207188717337
0.685426684600829
0.7937942334030932
0.9146974799398745
0.37082213366143874
0.6515454536227572
0.8904936599658487
0.6655573930325692
0.9069421880440895
0.9693217436339756
0.6254660929078829
0.8385442443386464
0.9828890948747575
0.8213486613829049
0.7394453304030243
0.9383766737602153
0.9529554708574186
0.8022479512427207
0.7618914101698233
0.601707246998053
0.8507761077921295
0.49823064978779896
0.9575068632557772
0.8945405268709916
0.328521783331142
0.7611054918420279
0.9572338924648373
0.9819388890824516
0.9714846402262132
0.6295128312966629
0.735572453828902
0.6561283469433128
0.8612023221991807
0.9300321567162685
0.7633684652749594
0.9579883714160009
0.500181731498577
0.34918893719135113
0.9185085022038539
0.8982140678551951
0.7127052572519239
0.8871447536333015
0.8052826554737746
0.9441146644765459
0.6322717325131892
0.605908418171051
0.44881059231805553
0.9683981707233476
0.8478048162586167
0.7959577750102378
0.9631992857528366
0.813242311727614
0.8848612408152585
0.6126814293789519
0.4664372636333088
0.8545611335740633
0.9626201833030128
0.5177920132494093
0.9502599059274486
0.47791392945119643
0.7912323435963406
0.7075687736690355
0.9922128835428663
0.5741135764773841
0.8603889478449178
0.813679107386818
0.9985037328526576
0.9772393742468891
0.6262392217174265
0.948133317337702
0.9744634202227862
0.9072233343754221
0.8345245712524347
0.7772839972990098
0.8794109335481306
0.9958721069001824
0.8597886657266534
0.9729734790776718
0.5727597417141095
0.9337236125735213
0.8569314598059393
0.8033441126342808
0.8972415332846637
0.6326528371847313
0.8617307259823503
0.7568099604822852
0.4853481151182184
0.5320237811932846
0.9618003943054264
0.7204241678436948
0.7023538642809637
0.921414025839896
0.9441678273514484
0.590438441511469
0.8567420259373503
0.7431743915940023
0.8600774252183563
0.5784918799698932
0.4850562979188507
0.9461257735556922
0.932879481657262
0.9588211990664044
0.9152747271778336
0.8425630895150569
0.989575774646676
0.8305492968061253
0.6184467089748829
0.8680375073554683
0.9969279117973107
0.5342862566366098
0.6332456116309049
0.9396757022172615
0.904249702205216
0.7110832831679907
0.976275468959849
0.952452714305125
0.6835589223179412
0.9485377981192724
0.9134164709333914
0.8783334688011093
0.9068122883067322
0.8170464969768945
0.7675295683012346
0.7595315170539765
0.9444863950432281
0.927231456637319
0.7448873456162164
0.35383568625893874
0.8838502895715956
0.9178773979480243
0.793652715985377
0.9992655490220308
0.9833597973588114
0.922053904403877
0.9846150831403908
0.9952068115405771
0.46082949201085655
0.6665848912470824
0.8942902077676413
0.6123511275438055
0.889149954465217
0.4761905863648224
0.5419120101986765
0.6129406536221633
0.835413113988533
0.9032014591895325
0.3952679392495485
0.6120617017567388
0.8563863718320273
0.9367122646019816
0.7977473231418652
0.7869257801932337
0.8098317651736104
0.8342738016871296
0.9267884986583199
0.27112189874904624
0.8410978541780022
0.826621112620562
0.7669456192688323
0.9640751500108609
0.8552447934992943
0.6141525609471592
0.8064292072162801
0.4458202853429797
0.7456731095050937
0.7989125681534596
0.6310113182959403
0.6580201249734754
0.8638518554948756
0.8737641574634003
0.3869297094237519
0.5961529438476538
0.5970951005343637
0.819915102033946
0.6739655208465556
0.7652637764541099
0.9994159797772528
0.9693962637922611
0.7994250786677508
0.732474064904187
0.9314476765089434
0.8361861471181451
0.717045373594923
0.7745909495155627
0.5935933797547734
0.7106849836135583
0.2972922986129557
0.9538738770073585
0.8087070347748966
0.6610487197021462
0.6935502864695582
0.8039298859337085
0.7410194098927713
0.8180845690798272
0.32586590686623873
0.9034174007899727
0.8267494354533047
0.46273394197858764
0.683148475081006
0.2829333893407141
0.9962202124106234
0.6681229600313083
0.6878411183704389
0.726846121403564
0.9291597760758772
0.9779034589164632
0.9936587256767818
0.9601493777762722
0.4932385811703285
0.6648987488715316
0.7507174919989305
0.7081034194683913
0.949157452201135
0.5853013393785544
0.8586984010900272
0.7070542717599746
0.7801200664930775
0.7780866638495232
0.8722260305781471
0.501641712242016
0.4331483127605461
0.804014394934965
0.277933707480158
0.5522248541266442
0.8286331697559441
0.7203943358962507
0.9582467512722477
0.9160415929890207
0.446754508156042
0.5881578279083465
0.46901313375720777
0.8426972425778104
0.9938926952935658
0.9390414813760101
0.9330564356539348
0.5827209746171296
0.7736203915360851
0.9266206328417723
0.6445185493194447
0.8100988245437482
0.3218818900184609
0.693371102858157
0.9130694553156085
0.6366963629348421
0.8134926139793616
0.7365084199596174
0.9484428290651454
0.5380137514341453
0.8661090752259465
0.7919303583582188
0.926293307238595
0.8563288695272453
0.8392212973402611
0.8470474900891851
0.8635243654834843
0.44030832220335675
0.9860255889333349
0.26939145296456657
0.7763042974961587
0.5602693377852965
0.8568253400939438
0.7956821754028918
0.9104797492983112
0.5266174979999741
0.8052981740013292
0.7153560319662192
0.5767391527071161
0.8335130241055908
0.8862643385086681
0.9299668204500863
0.43806680205442594
0.8284874904229427
0.5690602805719457
0.8808930395853805
0.9430243859152165
0.5786892214258931
0.725054674664044
0.9396724373636567
0.7587442260495229
0.9381128550888418
0.5494562655320009
0.7614381069563316
0.9811277739159705
0.37682845227901773
0.7037965623172083
0.9553825130919892
0.8245013418738298
0.9916121839074323
0.9901078359638806
0.5496688398693671
0.8300793904651407
0.977632938827321
0.9338058303515743
0.5628678845350203
0.8679184831788768
0.558499392695118
0.8789295288785564
0.5361070013852219
0.8635295961729443
0.9734793662614732
0.9476567247875209
0.708861885356497
0.8654620403436574
0.4583338316394148
0.6580062325408896
0.8898802960260385
0.9316288376105535
0.8246697758829238
0.9421407001495032
0.683529341556903
0.6476473289737439
0.8654016270243867
0.7426669947823232
0.9694995138758439
0.8786468725743579
0.8901482080171159
0.9893364026699809
0.6591542150539405
0.77457852459035
0.9712503686259248
0.5766846220642621
0.9425925642741183
0.7649320707662368
0.6515228620551028
0.949791999481967
0.9465708148719832
0.5989081130524412
0.7803592714357515
0.762317457662266
0.7173780295955842
0.9657286623844521
0.975608758139691
0.7435923303941049
0.8794259899567517
0.9520395845764035
0.922098750916847
0.9938180044425254
0.6218911370361948
0.4418796741176987
0.9029359809572606
0.9882664166782873
0.9261398642243499
0.8690725679689788
0.6757872306073869
0.7198617272833995
0.8771806222282283
0.9247033505120119
0.751004021197728
0.6573947835228182
0.8470368159117387
0.7529459071097737
0.3030078096592259
0.6603877312146459
0.8156668370637533
0.9270887710155817
0.4167349370785369
0.9387119419978008
0.5132129293576673
0.5926929198651546
0.9991269953201809
0.7394758914704448
0.9593526589700188
0.988558391964991
0.9379599635424394
0.7726023185004953
0.9264692646002356
0.6688672010240382
0.8565888610938349
0.6199762343224567
0.7729522703294396
0.6931878549740794
0.7514350137933576
0.8680084816090814
0.9468491527245853
0.9764529536651276
0.849760903801561
0.8800301845746146
0.7470220873393131
0.6817275884423988
0.9467820090594168
0.6518613569600759
0.9596806048104591
0.8638774862055266
0.807190305748307
0.8007244875441987
0.7139177875928503
0.6325490337064971
0.8356017362943813
0.9222766314598161
0.956110354287663
0.9858692579976904
0.8437241076486286
0.9328542020560378
0.7237678215109455
0.8465626284748493
0.9475667965038852
0.858291413478191
0.9488903125988108
0.7098023281230977
0.7516453300015294
0.7536045108321753
0.9656015614550122
0.9073682331840649
0.4922779191546747
0.7211865323206561
0.5762540095990154
0.9678404948560313
0.5081415126090049
0.9420090349945749
0.9738737944792861
0.6382913937827026
0.8686894305610238
0.9209971499319665
0.6535543442982679
0.991984147782309
0.3825708458136739
0.6525326659537083
0.6409544600507495
0.7132172575238745
0.965752177040107
0.7178914516640253
0.8456018951349256
0.9461788195637302
0.8783131645313965
0.9612228644542962
0.8147058430688883
0.9663774702143653
0.9328576278251203
0.7357455840759594
0.7839480868171664
0.865669548905359
0.9317010498797289
0.8343032420994498
0.9565934018796145
0.4408436170672087
0.8244371459876972
0.6135217167419084
0.7566010821788549
0.9350185592238289
0.9333202496566209
0.9698245340703888
0.7114843460411202
0.9059639629674971
0.7499867317416791
0.8919108744085641
0.7325576076545278
0.8211846279516974
0.5316735751841353
0.8549670449102056
0.404338273548441
0.9857763400013708
0.9734214773987688
0.8833151512068003
0.9022408352894022
0.7209101640337936
0.7423956273197791
0.6412789959686706
0.9579896687899399
0.8162607923320042
0.9319498208881258
0.842825528607826
0.776146500317649
0.4924827093135027
0.7549985046148102
0.7464931644495729
0.8451015991813777
0.8003860466424545
0.7663012783749437
0.8245066164189576
0.6263997330919305
0.7841798595793256
0.9653069460311234
0.9852018527189208
0.8040575077782408
0.9478909686058026
0.7583057143352362
0.9748832800615934
0.9232953779984086
0.8689678328791075
0.9571326460189552
0.9477652514298907
0.8225993050844307
0.8895498080609958
0.6659461273505587
0.9799934885804875
0.9867268073504079
0.7280916221889989
0.8625337399132011
0.8267303686159077
0.8353746364124545
0.8576662811545073
0.7609957471429856
0.8141466610062505
0.9294978748882787
0.7251934790809763
0.9619902165888008
0.9145683864523112
0.8467672480620199
0.9710065990728367
0.5208551715927991
0.8446971777573904
0.9565320708058294
0.9939559242605753
0.9991763627037631
0.7128062764733144
0.9444070474598538
0.7649236796081023
0.9038486201369129
0.7288295126731037
0.6913786681933771
0.8712805369103774
0.9300059254721276
0.625726668159406
0.632773832805171
0.8339947447882818
0.9235648441494066
0.7879930096947588
0.9663959461381313
0.9562104826875824
0.8632877634098766
0.6856139976029664
0.9537938870990601
0.9087038124202784
0.901333766599435
0.7719725422798271
0.8071736541433069
0.8874173748848546
0.7015360571643174
0.5775294754350404
0.960698742111302
0.919783303794085
0.9809111423801118
0.9871592580609828
0.5637385846713838
0.8156684550690941
0.9932964608158804
0.5761085545960183
0.3634394302522583
0.7707004259367356
0.9459849289468962
0.655476788016329
0.8553922094106412
0.817786519604657
0.7786303376778065
0.8757977526074386
0.7812649845886092
0.9399231453754675
0.908747343705722
0.31958915646576663
0.844316226446384
0.8515953452309282
0.6283897352165695
0.9208328751896276
0.6327139579713971
0.6943730854671091
0.8876994079925584
0.8085889024664875
0.9379696383581526
0.9366936065371302
0.9443945061883963
0.9398626524529221
0.9212783709144853
0.5039517695503457
0.7514980349005959
0.7867837864395673
0.762121601803464
0.9275106497878955
0.9973914097742593
0.981674432907488
0.9725294105452085
0.7893276220064568
0.72061684974382
0.8365580386025921
0.9629054279666281
0.9679686389012694
0.6409360628140098
0.43863956385430447
0.929231195525068
0.6444898747527344
0.9854267555360328
0.6002748253316452
0.5873309050421742
0.7388829661154825
0.6887934406698992
0.9978661344605674
0.5661803541207684
0.9428873562232171
0.9132231700273403
0.8657831201394393
0.9011420137304547
0.9397029693604461
0.8507202161598899
0.7827398442434076
0.80605830757926
0.9619895837432748
0.830863002174716
0.9680496316537098
0.8441794080796772
0.7107901319757994
0.5529085069335578
0.746987096100794
0.9280076266414639
0.9633762307022095
0.9074023986182873
0.8441040693723754
0.9592655476086642
0.3995381668336095
0.8712950978459578
0.9410106764470949
0.7652511809801602
0.9447627804477841
0.45109981615511585
0.8015801009846394
0.6552192436589112
0.5210823972548869
0.8486802276619432
0.6764068793210269
0.8250959655112267
0.8184016476665852
0.8716635241087655
0.9271242582564484
0.6586488082205887
0.8435370522524201
0.9047873305442303
0.7956989656177358
0.8135013070934646
0.9273469891905053
0.7863006892115796
0.9063653027091327
0.5451916802486008
0.9505896265145694
0.9674710403311513
0.9749937768532317
0.8882451717761495
0.9292613205826795
0.9761445503971158
0.9562630799824334
0.6455576445184041
0.41393494008081266
0.7568163253424431
0.41950839088057945
0.9970496070427228
0.9053802346821374
0.4671243897138395
0.7006139961782711
0.7469049471983823
0.9715987906887511
0.9198423509336582
0.6664577644737499
0.8469335878423295
0.932736326480823
0.5421420255895069
0.9079192720574258
0.9614878146483894
0.5406298973683362
0.6552227072280957
0.4623526865255278
0.6424577215334424
0.7356604364817673
0.6941756457457854
0.9836978038115971
0.9063945995076961
0.6596295348303777
0.7095531278090133
0.9795557940464342
0.8303179983162284
0.7425176560425256
0.4746974634707914
0.8484832748416975
0.8305394468257921
0.8270879544657606
0.9155854910084696
0.7880967558579124
0.9421849368220334
0.840527753535001
0.7317984798093908
0.4233892936667335
0.3027601385581977
0.9077310348906331
0.7752285180805046
0.7888874237809906
0.9414139840888205
0.911169245888501
0.868253857493013
0.9527950909838738
0.7589367170722265
0.5003121254999293
0.6028985344946248
0.8653205641332364
0.7608475198163278
0.8186547135751191
0.8071320120016203
0.9407023667775056
0.7628980258866436
0.7761330969317985
0.8573437768004548
0.9909021647929904
0.9904596318922392
0.5998848514048006
0.885436647099096
0.695135151557613
0.4142614835972422
0.8195942095123192
0.8168882328469889
0.6831729078843968
0.9709694708896355
0.7176735900150948
0.8559191496012446
0.9344172390423389
0.2283058225592322
0.7200413891282945
0.7311853505631295
0.9304589827041471
0.6714899803402702
0.6659302591975371
0.7016816310787044
0.6502112611269885
0.9344370257539796
0.6757153461334933
0.6819962042975541
0.8748812871119402
0.8685888128124366
0.6832121139661798
0.611920660883546
0.7481442337483275
0.659510739184181
0.8283684984378007
0.7370534496667029
0.4988837652083607
0.909616142342623
